40
0 1 0.191966 
0 2 0.847215 
0 3 0.653695 
0 4 0.479589 
0 5 0.38988 
0 6 0.406066 
0 7 0.504441 
0 8 0.778551 
0 9 0.203412 
0 10 0.745372 
0 11 0.414223 
0 12 0.517865 
0 13 0.413066 
0 14 0.575737 
0 15 0.25897 
0 16 0.298058 
0 17 0.766486 
0 18 0.77938 
0 19 0.252054 
0 20 0.655201 
0 21 0.625406 
0 22 0.81967 
0 23 0.729368 
0 24 0.416296 
0 25 0.981302 
0 26 0.642076 
0 27 0.276359 
0 28 0.238987 
0 29 0.356207 
0 30 0.607019 
0 31 0.84335 
0 32 0.135151 
0 33 0.690456 
0 34 0.305329 
0 35 0.963327 
0 36 0.736206 
0 37 0.621853 
0 38 0.577956 
0 39 0.459759 
1 2 1.0253 
1 3 0.830152 
1 4 0.663338 
1 5 0.333164 
1 6 0.478298 
1 7 0.694913 
1 8 0.814871 
1 9 0.371015 
1 10 0.915052 
1 11 0.554048 
1 12 0.700171 
1 13 0.407764 
1 14 0.644041 
1 15 0.426606 
1 16 0.259752 
1 17 0.880794 
1 18 0.959157 
1 19 0.431044 
1 20 0.845224 
1 21 0.680168 
1 22 0.817447 
1 23 0.71869 
1 24 0.438349 
1 25 1.13304 
1 26 0.810877 
1 27 0.440977 
1 28 0.304827 
1 29 0.331147 
1 30 0.79752 
1 31 0.887595 
1 32 0.177035 
1 33 0.709041 
1 34 0.260703 
1 35 1.1153 
1 36 0.780279 
1 37 0.680641 
1 38 0.62056 
1 39 0.572441 
2 3 0.19538 
2 4 0.370807 
2 5 0.97546 
2 6 0.704088 
2 7 0.502443 
2 8 0.836157 
2 9 0.654372 
2 10 0.139935 
2 11 0.516397 
2 12 0.609612 
2 13 0.881357 
2 14 0.686125 
2 15 0.599254 
2 16 0.928676 
2 17 0.48857 
2 18 0.0705233 
2 19 0.595949 
2 20 0.272944 
2 21 0.734201 
2 22 0.993594 
2 23 0.980781 
2 24 0.822089 
2 25 0.298925 
2 26 0.229778 
2 27 0.586152 
2 28 0.782874 
2 29 0.913634 
2 30 0.313188 
2 31 0.828841 
2 32 0.864968 
2 33 0.870812 
2 34 0.93854 
2 35 0.288128 
2 36 0.793692 
2 37 0.719823 
2 38 0.770366 
2 39 0.569064 
3 4 0.185081 
3 5 0.789986 
3 6 0.527255 
3 7 0.373657 
3 8 0.720646 
3 9 0.459155 
3 10 0.109079 
3 11 0.331252 
3 12 0.489155 
3 13 0.701869 
3 14 0.539294 
3 15 0.403913 
3 16 0.738383 
3 17 0.414424 
3 18 0.132751 
3 19 0.401828 
3 20 0.193821 
3 21 0.595096 
3 22 0.867083 
3 23 0.838961 
3 24 0.64492 
3 25 0.386995 
3 26 0.0685524 
3 27 0.390781 
3 28 0.590909 
3 29 0.727818 
3 30 0.204449 
3 31 0.729619 
3 32 0.669747 
3 33 0.733107 
3 34 0.74841 
3 35 0.370366 
3 36 0.673538 
3 37 0.580952 
3 38 0.619521 
3 39 0.397841 
4 5 0.675535 
4 6 0.448298 
4 7 0.241586 
4 8 0.730399 
4 9 0.297864 
4 10 0.29061 
4 11 0.253071 
4 12 0.352827 
4 13 0.606097 
4 14 0.518409 
4 15 0.247675 
4 16 0.609873 
4 17 0.497357 
4 18 0.301492 
4 19 0.232848 
4 20 0.203884 
4 21 0.581306 
4 22 0.855516 
4 23 0.806982 
4 24 0.557411 
4 25 0.561653 
4 26 0.201947 
4 27 0.239882 
4 28 0.46005 
4 29 0.6142 
4 30 0.168655 
4 31 0.758246 
4 32 0.514737 
4 33 0.712197 
4 34 0.620251 
4 35 0.544239 
4 36 0.680308 
4 37 0.568695 
4 38 0.585282 
4 39 0.347577 
5 6 0.281274 
5 7 0.811144 
5 8 0.512977 
5 9 0.410198 
5 10 0.842291 
5 11 0.459515 
5 12 0.860984 
5 13 0.116006 
5 14 0.397121 
5 15 0.441322 
5 16 0.0919337 
5 17 0.679577 
5 18 0.921374 
5 19 0.476319 
5 20 0.879342 
5 21 0.40938 
5 22 0.489641 
5 23 0.389268 
5 24 0.175533 
5 25 0.992721 
5 26 0.745687 
5 27 0.442497 
5 28 0.221058 
5 29 0.0622181 
5 30 0.84088 
5 31 0.589759 
5 32 0.255251 
5 33 0.397292 
5 34 0.0846422 
5 35 0.976601 
5 36 0.48801 
5 37 0.415091 
5 38 0.341962 
5 39 0.417033 
6 7 0.638781 
6 8 0.377031 
6 9 0.280905 
6 10 0.567627 
6 11 0.200706 
6 12 0.718204 
6 13 0.177723 
6 14 0.170639 
6 15 0.273992 
6 16 0.264273 
6 17 0.413771 
6 18 0.654907 
6 19 0.319913 
6 20 0.647051 
6 21 0.219842 
6 22 0.448829 
6 23 0.378088 
6 24 0.118092 
6 25 0.71268 
6 26 0.47585 
6 27 0.263211 
6 28 0.176778 
6 29 0.223421 
6 30 0.616554 
6 31 0.43831 
6 32 0.309502 
6 33 0.30628 
6 34 0.27162 
6 35 0.696326 
6 36 0.332224 
6 37 0.215817 
6 38 0.179976 
6 39 0.136976 
7 8 0.959395 
7 9 0.401018 
7 10 0.479881 
7 11 0.46671 
7 12 0.115863 
7 13 0.768763 
7 14 0.740353 
7 15 0.377096 
7 16 0.729705 
7 17 0.73834 
7 18 0.435733 
7 19 0.336761 
7 20 0.232244 
7 21 0.804214 
7 22 1.07304 
7 23 1.01393 
7 24 0.731806 
7 25 0.757797 
7 26 0.418935 
7 27 0.381924 
7 28 0.591206 
7 29 0.755083 
7 30 0.189263 
7 31 0.992871 
7 32 0.593498 
7 33 0.92794 
7 34 0.739811 
7 35 0.741786 
7 36 0.90908 
7 37 0.792654 
7 38 0.797857 
7 39 0.565507 
8 9 0.652353 
8 10 0.702033 
8 11 0.494577 
8 12 1.0555 
8 13 0.411045 
8 14 0.223786 
8 15 0.633939 
8 16 0.559482 
8 17 0.36009 
8 18 0.81509 
8 19 0.679194 
8 20 0.894764 
8 21 0.161703 
8 22 0.164265 
8 23 0.200245 
8 24 0.376941 
8 25 0.697464 
8 26 0.652916 
8 27 0.619041 
8 28 0.540715 
8 29 0.490166 
8 30 0.880661 
8 31 0.0775734 
8 32 0.666783 
8 33 0.120053 
8 34 0.561135 
8 35 0.687408 
8 36 0.0503146 
8 37 0.170537 
8 38 0.20064 
8 39 0.396463 
9 10 0.545623 
9 11 0.218367 
9 12 0.458209 
9 13 0.374072 
9 14 0.432209 
9 15 0.0562525 
9 16 0.330789 
9 17 0.577313 
9 18 0.588684 
9 19 0.0690377 
9 20 0.492564 
9 21 0.491136 
9 22 0.728913 
9 23 0.652989 
9 24 0.346417 
9 25 0.777906 
9 26 0.441677 
9 27 0.0729677 
9 28 0.190406 
9 29 0.354255 
9 30 0.448533 
9 31 0.706855 
9 32 0.217029 
9 33 0.587147 
9 34 0.341068 
9 35 0.759928 
9 36 0.604947 
9 37 0.483932 
9 38 0.460111 
9 39 0.283403 
10 11 0.38597 
10 12 0.594704 
10 13 0.745285 
10 14 0.546364 
10 15 0.489433 
10 16 0.799964 
10 17 0.364646 
10 18 0.115231 
10 19 0.493884 
10 20 0.280201 
10 21 0.595198 
10 22 0.857328 
10 23 0.841853 
10 24 0.685311 
10 25 0.27849 
10 26 0.104185 
10 27 0.474247 
10 28 0.657153 
10 29 0.780889 
10 30 0.302138 
10 31 0.699447 
10 32 0.748457 
10 33 0.732271 
10 34 0.8096 
10 35 0.262142 
10 36 0.658261 
10 37 0.580815 
10 38 0.630496 
10 39 0.431602 
11 12 0.560929 
11 13 0.371369 
11 14 0.273709 
11 15 0.173188 
11 16 0.414002 
11 17 0.35952 
11 18 0.461969 
11 19 0.209474 
11 20 0.447531 
11 21 0.337596 
11 22 0.607457 
11 23 0.55459 
11 24 0.316186 
11 25 0.579249 
11 26 0.286726 
11 27 0.154091 
11 28 0.273314 
11 29 0.397507 
11 30 0.419301 
11 31 0.534269 
11 32 0.378838 
11 33 0.462821 
11 34 0.42363 
11 35 0.561585 
11 36 0.44437 
11 37 0.32626 
11 38 0.33401 
11 39 0.0988125 
12 13 0.832239 
12 14 0.833639 
12 15 0.446612 
12 16 0.774592 
12 17 0.85012 
12 18 0.544935 
12 19 0.40212 
12 20 0.336735 
12 21 0.897444 
12 22 1.16105 
12 23 1.09616 
12 24 0.8016 
12 25 0.872051 
12 26 0.534728 
12 27 0.455409 
12 28 0.646497 
12 29 0.808837 
12 30 0.298681 
12 31 1.09311 
12 32 0.625661 
12 33 1.0159 
12 34 0.784248 
12 35 0.856236 
12 36 1.0053 
12 37 0.886615 
12 38 0.885324 
12 39 0.659208 
13 14 0.28113 
13 15 0.391688 
13 16 0.149021 
13 17 0.564367 
13 18 0.830965 
13 19 0.4329 
13 20 0.808992 
13 21 0.29567 
13 22 0.413981 
13 23 0.318962 
13 24 0.0622066 
13 25 0.88198 
13 26 0.652549 
13 27 0.388059 
13 28 0.191078 
13 29 0.0791551 
13 30 0.774367 
13 31 0.486178 
13 32 0.282424 
13 33 0.301552 
13 34 0.150154 
13 35 0.866175 
13 36 0.381291 
13 37 0.300588 
13 38 0.229078 
13 39 0.3145 
14 15 0.410861 
14 16 0.410056 
14 17 0.28925 
14 18 0.651188 
14 19 0.455844 
14 20 0.696688 
14 21 0.063893 
14 22 0.337324 
14 23 0.299672 
14 24 0.224641 
14 25 0.62405 
14 26 0.475702 
14 27 0.395602 
14 28 0.346736 
14 29 0.35232 
14 30 0.676701 
14 31 0.274663 
14 32 0.479054 
14 33 0.195982 
14 34 0.415144 
14 35 0.609764 
14 36 0.174538 
14 37 0.0532923 
14 38 0.0851501 
14 39 0.174902 
15 16 0.367815 
15 17 0.532329 
15 18 0.534121 
15 19 0.0460417 
15 20 0.446647 
15 21 0.472262 
15 22 0.721901 
15 23 0.651672 
15 24 0.35607 
15 25 0.72276 
15 26 0.385455 
15 27 0.0192759 
15 28 0.220573 
15 29 0.382506 
15 30 0.4045 
15 31 0.683959 
15 32 0.268315 
15 33 0.577962 
15 34 0.378213 
15 35 0.704769 
15 36 0.585266 
15 37 0.463729 
15 38 0.448417 
15 39 0.250221 
16 17 0.677272 
16 18 0.870962 
16 19 0.398807 
16 20 0.812432 
16 21 0.435587 
16 22 0.558169 
16 23 0.460183 
16 24 0.188772 
16 25 0.972197 
16 26 0.699809 
16 27 0.371681 
16 28 0.149952 
16 29 0.0713956 
16 30 0.771708 
16 31 0.633976 
16 32 0.16332 
16 33 0.450506 
16 34 0.0104055 
16 35 0.955408 
16 36 0.528045 
16 37 0.438435 
16 38 0.371614 
16 39 0.390247 
17 18 0.479809 
17 19 0.565512 
17 20 0.606507 
17 21 0.306629 
17 22 0.5236 
17 23 0.534028 
17 24 0.50409 
17 25 0.345419 
17 26 0.34752 
17 27 0.513108 
17 28 0.576772 
17 29 0.628862 
17 30 0.607565 
17 31 0.342034 
17 32 0.704788 
17 33 0.423963 
17 34 0.684103 
17 35 0.333302 
17 36 0.325099 
17 37 0.294316 
17 38 0.366384 
17 39 0.309825 
18 19 0.528834 
18 20 0.209898 
18 21 0.702846 
18 22 0.968627 
18 23 0.949185 
18 24 0.772947 
18 25 0.342592 
18 26 0.179765 
18 27 0.52174 
18 28 0.723649 
18 29 0.859279 
18 30 0.246761 
18 31 0.814192 
18 32 0.801155 
18 33 0.840663 
18 34 0.880964 
18 35 0.329394 
18 36 0.770525 
18 37 0.68849 
18 38 0.734055 
18 39 0.522326 
19 20 0.424351 
19 21 0.517577 
19 22 0.767938 
19 23 0.697405 
19 24 0.399617 
19 25 0.737955 
19 26 0.391161 
19 27 0.0603054 
19 28 0.255421 
19 29 0.41901 
19 30 0.379855 
19 31 0.728298 
19 32 0.284411 
19 33 0.623999 
19 34 0.409132 
19 35 0.719949 
19 36 0.630345 
19 37 0.50884 
19 38 0.49441 
19 39 0.29249 
20 21 0.756983 
20 22 1.03241 
20 23 0.993059 
20 24 0.758866 
20 25 0.547239 
20 26 0.259049 
20 27 0.440996 
20 28 0.662918 
20 29 0.818066 
20 30 0.0498177 
20 31 0.911003 
20 32 0.708711 
20 33 0.892661 
20 34 0.822829 
20 35 0.532711 
20 36 0.845981 
20 37 0.743436 
20 38 0.770484 
20 39 0.535075 
21 22 0.27556 
21 23 0.246657 
21 24 0.246815 
21 25 0.649944 
21 26 0.530068 
21 27 0.457472 
21 28 0.391099 
21 29 0.37213 
21 30 0.738225 
21 31 0.218517 
21 32 0.521429 
21 33 0.138131 
21 34 0.439372 
21 35 0.636731 
21 36 0.113839 
21 37 0.0143832 
21 38 0.067857 
21 39 0.238792 
22 23 0.101133 
22 24 0.403485 
22 25 0.861659 
22 26 0.800692 
22 27 0.709822 
22 28 0.583009 
22 29 0.486967 
22 30 1.01372 
22 31 0.210342 
22 32 0.694096 
22 33 0.145215 
22 34 0.556763 
22 35 0.851665 
22 36 0.200561 
22 37 0.288989 
22 38 0.275748 
22 39 0.50938 
23 24 0.31579 
23 25 0.878847 
23 26 0.775068 
23 27 0.641287 
23 28 0.495874 
23 29 0.389377 
23 30 0.970197 
23 31 0.268306 
23 32 0.601014 
23 33 0.111259 
23 34 0.458289 
23 35 0.867194 
23 36 0.21492 
23 37 0.26104 
23 38 0.222611 
23 39 0.459814 
24 25 0.819835 
24 26 0.593942 
24 27 0.349923 
24 28 0.180172 
24 29 0.12769 
24 30 0.72606 
24 31 0.449247 
24 32 0.293903 
24 33 0.276861 
24 34 0.19269 
24 35 0.804005 
24 36 0.342059 
24 37 0.249841 
24 38 0.183437 
24 39 0.253874 
25 26 0.36043 
25 27 0.705007 
25 28 0.846103 
25 29 0.93607 
25 30 0.576041 
25 31 0.664544 
25 32 0.958068 
25 33 0.769218 
25 34 0.980573 
25 35 0.0180083 
25 36 0.667282 
25 37 0.636995 
25 38 0.70594 
25 39 0.581959 
26 27 0.370127 
26 28 0.555368 
26 29 0.683856 
26 30 0.263632 
26 31 0.661131 
26 32 0.644489 
26 33 0.668196 
26 34 0.709589 
26 35 0.34286 
26 36 0.606122 
26 37 0.515834 
26 38 0.557248 
26 39 0.3426 
27 28 0.22288 
27 29 0.382796 
27 30 0.400059 
27 31 0.668003 
27 32 0.279523 
27 33 0.565477 
27 34 0.382086 
27 35 0.687025 
27 36 0.570122 
27 37 0.448636 
27 38 0.435512 
27 39 0.23281 
28 29 0.163885 
28 30 0.622787 
28 31 0.607364 
28 32 0.132772 
28 33 0.451628 
28 34 0.160299 
28 35 0.828797 
28 36 0.49966 
28 37 0.388987 
28 38 0.340127 
28 39 0.270935 
29 30 0.780066 
29 31 0.565329 
29 32 0.221581 
29 33 0.37978 
29 34 0.0713656 
29 35 0.919741 
29 36 0.460284 
29 37 0.376146 
29 38 0.306482 
29 39 0.357663 
30 31 0.900963 
30 32 0.663742 
30 33 0.872227 
30 34 0.782114 
30 35 0.560768 
30 36 0.831271 
30 37 0.725006 
30 38 0.747707 
30 39 0.510564 
31 32 0.735686 
31 33 0.19746 
31 34 0.635989 
31 35 0.656101 
31 36 0.107953 
31 37 0.223789 
31 38 0.268564 
31 39 0.438808 
32 33 0.570745 
32 34 0.171001 
32 35 0.940418 
32 36 0.627739 
32 37 0.520055 
32 38 0.467236 
32 39 0.395779 
33 34 0.451145 
33 35 0.757264 
33 36 0.114396 
33 37 0.152396 
33 38 0.130581 
33 39 0.365169 
34 35 0.963825 
34 36 0.530439 
34 37 0.442528 
34 38 0.374869 
34 39 0.398684 
35 36 0.656363 
35 37 0.623665 
35 38 0.692041 
35 39 0.565162 
36 37 0.121539 
36 38 0.160625 
36 39 0.346373 
37 38 0.075767 
37 39 0.22755 
38 39 0.237728 
