20
0 1 0.500867 
0 2 0.867085 
0 3 0.824693 
0 4 0.406423 
0 5 0.355172 
0 6 0.948213 
0 7 0.595064 
0 8 0.102495 
0 9 0.713338 
0 10 0.437211 
0 11 0.0550357 
0 12 0.55639 
0 13 0.60775 
0 14 0.351387 
0 15 0.185536 
0 16 0.235371 
0 17 0.52697 
0 18 0.678646 
0 19 0.201142 
1 2 0.89982 
1 3 0.889795 
1 4 0.218845 
1 5 0.39342 
1 6 0.877154 
1 7 0.126627 
1 8 0.495547 
1 9 0.750144 
1 10 0.237329 
1 11 0.472613 
1 12 0.652933 
1 13 0.282687 
1 14 0.475344 
1 15 0.666966 
1 16 0.383476 
1 17 0.371438 
1 18 0.761632 
1 19 0.63085 
2 3 0.0627595 
2 4 1.03382 
2 5 1.12314 
2 6 0.188677 
2 7 0.850805 
2 8 0.764871 
2 9 0.159759 
2 10 0.666614 
2 11 0.905868 
2 12 0.310972 
2 13 0.663184 
2 14 0.528647 
2 15 0.828706 
2 16 0.672646 
2 17 0.529058 
2 18 0.189808 
2 19 0.738086 
3 4 1.01254 
3 5 1.0934 
3 6 0.247303 
3 7 0.849267 
3 8 0.722211 
3 9 0.139655 
3 10 0.653807 
3 11 0.865548 
3 12 0.2729 
3 13 0.666495 
3 14 0.49434 
3 15 0.777253 
3 16 0.6396 
3 17 0.522588 
3 18 0.147245 
3 19 0.687547 
4 5 0.178887 
4 6 1.04237 
4 7 0.34505 
4 8 0.446356 
4 9 0.876041 
4 10 0.381066 
4 11 0.360418 
4 12 0.75084 
4 13 0.485045 
4 14 0.538845 
4 15 0.591355 
4 16 0.404974 
4 17 0.528482 
4 18 0.872038 
4 19 0.585762 
5 6 1.15698 
5 7 0.520003 
5 8 0.431079 
5 9 0.963383 
5 10 0.51124 
5 11 0.300386 
5 12 0.822122 
5 13 0.641508 
5 14 0.60054 
5 15 0.532941 
5 16 0.455332 
5 17 0.653814 
5 18 0.947574 
5 19 0.555437 
6 7 0.804176 
6 8 0.849504 
6 9 0.25904 
6 10 0.661657 
6 11 0.97908 
6 12 0.410607 
6 13 0.609938 
6 14 0.596973 
6 15 0.942984 
6 16 0.729449 
6 17 0.514391 
6 18 0.321054 
6 19 0.850841 
7 8 0.572212 
7 9 0.71105 
7 10 0.233297 
7 11 0.57421 
7 12 0.6379 
7 13 0.194249 
7 14 0.494762 
7 15 0.747198 
7 16 0.436676 
7 17 0.32881 
7 18 0.733498 
7 19 0.69882 
8 9 0.611772 
8 10 0.384127 
8 11 0.14783 
8 12 0.454386 
8 13 0.553281 
8 14 0.254489 
8 15 0.175162 
8 16 0.160394 
8 17 0.451773 
8 18 0.576247 
8 19 0.140559 
9 10 0.514292 
9 11 0.750155 
9 12 0.158605 
9 13 0.531037 
9 14 0.37025 
9 15 0.689512 
9 16 0.513477 
9 17 0.383472 
9 18 0.068479 
9 19 0.597615 
10 11 0.435539 
10 12 0.417011 
10 13 0.170706 
10 14 0.261825 
10 15 0.555705 
10 16 0.228564 
10 17 0.147425 
10 18 0.524305 
10 19 0.492841 
11 12 0.59492 
11 13 0.604295 
11 14 0.38298 
11 15 0.236396 
11 16 0.254263 
11 17 0.537999 
11 18 0.718763 
11 19 0.25616 
12 13 0.481686 
12 14 0.221862 
12 15 0.532792 
12 16 0.367293 
12 17 0.316209 
12 18 0.125848 
12 19 0.440691 
13 14 0.393146 
13 15 0.722708 
13 16 0.395054 
13 17 0.166965 
13 18 0.561716 
13 19 0.655039 
14 15 0.380058 
14 16 0.145436 
14 17 0.244433 
14 18 0.347639 
14 19 0.294474 
15 16 0.327742 
15 17 0.607347 
15 18 0.640338 
15 19 0.0921431 
16 17 0.293379 
16 18 0.493041 
16 19 0.265415 
17 18 0.40489 
17 19 0.529327 
18 19 0.549242 
