80
0 1 0.504971 
0 2 1.13521 
0 3 0.815324 
0 4 1.18952 
0 5 1.1687 
0 6 0.783993 
0 7 0.343454 
0 8 0.265775 
0 9 0.771573 
0 10 0.278195 
0 11 0.302608 
0 12 0.60347 
0 13 0.617042 
0 14 0.649521 
0 15 0.923026 
0 16 0.82515 
0 17 0.401141 
0 18 0.955535 
0 19 0.514346 
0 20 0.747332 
0 21 0.679718 
0 22 0.711691 
0 23 0.429159 
0 24 0.236036 
0 25 0.464445 
0 26 0.928362 
0 27 0.636666 
0 28 0.45055 
0 29 0.331029 
0 30 0.564 
0 31 0.741541 
0 32 0.958033 
0 33 0.693655 
0 34 1.06486 
0 35 0.573192 
0 36 1.1074 
0 37 0.218095 
0 38 0.651247 
0 39 1.02387 
0 40 0.609056 
0 41 0.203842 
0 42 0.549563 
0 43 0.474535 
0 44 1.08555 
0 45 0.673863 
0 46 0.839999 
0 47 0.872243 
0 48 0.396329 
0 49 0.474292 
0 50 1.03156 
0 51 1.12115 
0 52 0.624594 
0 53 0.963851 
0 54 0.759591 
0 55 0.149399 
0 56 0.0912151 
0 57 0.38395 
0 58 1.05294 
0 59 0.900625 
0 60 0.453555 
0 61 0.385998 
0 62 0.965425 
0 63 0.758756 
0 64 0.404532 
0 65 0.82991 
0 66 0.319052 
0 67 1.04409 
0 68 0.647194 
0 69 0.727879 
0 70 0.48569 
0 71 0.968726 
0 72 0.486021 
0 73 0.71963 
0 74 0.14838 
0 75 0.392648 
0 76 0.648566 
0 77 0.8127 
0 78 0.932586 
0 79 1.07971 
1 2 0.899785 
1 3 0.499981 
1 4 0.939342 
1 5 0.901308 
1 6 0.877111 
1 7 0.286921 
1 8 0.406164 
1 9 0.394028 
1 10 0.36483 
1 11 0.453923 
1 12 0.235728 
1 13 0.680479 
1 14 0.698786 
1 15 0.772194 
1 16 0.504575 
1 17 0.395497 
1 18 0.687761 
1 19 0.212519 
1 20 0.912101 
1 21 0.563018 
1 22 0.359957 
1 23 0.0800539 
1 24 0.301591 
1 25 0.549417 
1 26 0.723232 
1 27 0.895448 
1 28 0.614526 
1 29 0.655639 
1 30 0.769332 
1 31 0.93172 
1 32 1.11209 
1 33 0.473668 
1 34 0.885498 
1 35 0.268154 
1 36 0.861562 
1 37 0.476521 
1 38 0.778984 
1 39 0.818382 
1 40 0.695588 
1 41 0.325834 
1 42 0.0447266 
1 43 0.391084 
1 44 0.92992 
1 45 0.570541 
1 46 0.879749 
1 47 0.600143 
1 48 0.672465 
1 49 0.56474 
1 50 0.833979 
1 51 0.957948 
1 52 0.768642 
1 53 1.0128 
1 54 0.41789 
1 55 0.64452 
1 56 0.520773 
1 57 0.658124 
1 58 0.858992 
1 59 0.606885 
1 60 0.650351 
1 61 0.511578 
1 62 0.584862 
1 63 0.259043 
1 64 0.139136 
1 65 0.361908 
1 66 0.538077 
1 67 0.725042 
1 68 0.403755 
1 69 0.28997 
1 70 0.568758 
1 71 0.869376 
1 72 0.600808 
1 73 0.742224 
1 74 0.361037 
1 75 0.246454 
1 76 0.490432 
1 77 1.0136 
1 78 0.597335 
1 79 0.930509 
2 3 0.402773 
2 4 0.0591281 
2 5 0.0764909 
2 6 0.634571 
2 7 0.81324 
2 8 0.869923 
2 9 0.524599 
2 10 0.858626 
2 11 0.842229 
2 12 0.664134 
2 13 0.622011 
2 14 0.595143 
2 15 0.242664 
2 16 0.400209 
2 17 0.734066 
2 18 0.212635 
2 19 0.710582 
2 20 0.755492 
2 21 0.459954 
2 22 0.542409 
2 23 0.944075 
2 24 0.931966 
2 25 0.711108 
2 26 0.207053 
2 27 0.902534 
2 28 0.776289 
2 29 0.962314 
2 30 0.806686 
2 31 0.800595 
2 32 0.794598 
2 33 0.455097 
2 34 0.128273 
2 35 0.642763 
2 36 0.0411169 
2 37 0.932889 
2 38 0.692716 
2 39 0.117699 
2 40 0.649341 
2 41 0.959652 
2 42 0.893389 
2 43 0.661982 
2 44 0.173121 
2 45 0.468936 
2 46 0.544597 
2 47 0.29968 
2 48 0.903233 
2 49 0.70912 
2 50 0.118543 
2 51 0.161012 
2 52 0.717916 
2 53 0.575613 
2 54 0.486377 
2 55 1.18524 
2 56 1.07232 
2 57 0.901564 
2 58 0.10919 
2 59 0.296493 
2 60 0.807317 
2 61 0.778558 
2 62 0.40544 
2 63 0.808934 
2 64 0.853332 
2 65 0.673788 
2 66 0.865739 
2 67 0.23091 
2 68 0.517797 
2 69 0.652794 
2 70 0.69817 
2 71 0.293601 
2 72 0.721253 
2 73 0.540368 
2 74 1.02298 
2 75 0.783824 
2 76 0.487399 
2 77 0.840327 
2 78 0.333689 
2 79 0.186468 
3 4 0.439694 
3 5 0.40141 
3 6 0.640284 
3 7 0.472429 
3 8 0.567831 
3 9 0.127942 
3 10 0.542592 
3 11 0.562915 
3 12 0.266248 
3 13 0.506276 
3 14 0.498862 
3 15 0.336981 
3 16 0.0114279 
3 17 0.438935 
3 18 0.190268 
3 19 0.327876 
3 20 0.734006 
3 21 0.278274 
3 22 0.140284 
3 23 0.550509 
3 24 0.587446 
3 25 0.497681 
3 26 0.255493 
3 27 0.816569 
3 28 0.58443 
3 29 0.743041 
3 30 0.687607 
3 31 0.772506 
3 32 0.871637 
3 33 0.156423 
3 34 0.411274 
3 35 0.258862 
3 36 0.363416 
3 37 0.64717 
3 38 0.616363 
3 39 0.336808 
3 40 0.535695 
3 41 0.618626 
3 42 0.491232 
3 43 0.36237 
3 44 0.46472 
3 45 0.295104 
3 46 0.589879 
3 47 0.109169 
3 48 0.70745 
3 49 0.504499 
3 50 0.355025 
3 51 0.48579 
3 52 0.627117 
3 53 0.695562 
3 54 0.0836081 
3 55 0.900732 
3 56 0.772804 
3 57 0.699603 
3 58 0.379517 
3 59 0.10706 
3 60 0.626192 
3 61 0.534791 
3 62 0.173643 
3 63 0.421077 
3 64 0.471954 
3 65 0.306257 
3 66 0.618249 
3 67 0.235348 
3 68 0.172452 
3 69 0.256091 
3 70 0.497735 
3 71 0.454536 
3 72 0.534246 
3 73 0.49102 
3 74 0.682105 
3 75 0.428366 
3 76 0.232585 
3 77 0.84172 
3 78 0.117297 
3 79 0.469146 
4 5 0.0511293 
4 6 0.691111 
4 7 0.864463 
4 8 0.924666 
4 9 0.556988 
4 10 0.91231 
4 11 0.898208 
4 12 0.70438 
4 13 0.681138 
4 14 0.654252 
4 15 0.301762 
4 16 0.435909 
4 17 0.788501 
4 18 0.252537 
4 19 0.755262 
4 20 0.812272 
4 21 0.516599 
4 22 0.579978 
4 23 0.986597 
4 24 0.983347 
4 25 0.76909 
4 26 0.262951 
4 27 0.960787 
4 28 0.834987 
4 29 1.02085 
4 30 0.86569 
4 31 0.857381 
4 32 0.845119 
4 33 0.504807 
4 34 0.18185 
4 35 0.686772 
4 36 0.0825056 
4 37 0.98888 
4 38 0.75139 
4 39 0.176616 
4 40 0.708463 
4 41 1.01151 
4 42 0.930783 
4 43 0.715517 
4 44 0.218822 
4 45 0.526043 
4 46 0.600243 
4 47 0.34164 
4 48 0.962097 
4 49 0.767329 
4 50 0.177589 
4 51 0.199428 
4 52 0.776747 
4 53 0.625389 
4 54 0.52279 
4 55 1.24193 
4 56 1.12792 
4 57 0.960332 
4 58 0.166934 
4 59 0.332637 
4 60 0.866234 
4 61 0.835849 
4 62 0.420369 
4 63 0.834969 
4 64 0.898915 
4 65 0.69594 
4 66 0.923228 
4 67 0.243161 
4 68 0.565329 
4 69 0.683617 
4 70 0.756438 
4 71 0.347998 
4 72 0.779891 
4 73 0.599193 
4 74 1.07507 
4 75 0.833217 
4 76 0.541052 
4 77 0.895509 
4 78 0.358759 
4 79 0.232498 
5 6 0.705078 
5 7 0.838933 
5 8 0.90511 
5 9 0.51504 
5 10 0.890714 
5 11 0.881498 
5 12 0.667402 
5 13 0.680591 
5 14 0.655274 
5 15 0.305344 
5 16 0.396776 
5 17 0.768634 
5 18 0.219493 
5 19 0.72213 
5 20 0.825406 
5 21 0.50302 
5 22 0.54137 
5 23 0.950956 
5 24 0.957816 
5 25 0.75894 
5 26 0.250774 
5 27 0.968439 
5 28 0.828415 
5 29 1.01295 
5 30 0.86821 
5 31 0.870447 
5 32 0.87013 
5 33 0.478585 
5 34 0.203754 
5 35 0.653191 
5 36 0.0717022 
5 37 0.972029 
5 38 0.756997 
5 39 0.178306 
5 40 0.708803 
5 41 0.98666 
5 42 0.891161 
5 43 0.694166 
5 44 0.249522 
5 45 0.513758 
5 46 0.616571 
5 47 0.308579 
5 48 0.956577 
5 49 0.758194 
5 50 0.184803 
5 51 0.235688 
5 52 0.781147 
5 53 0.651498 
5 54 0.483616 
5 55 1.22661 
5 56 1.10992 
5 57 0.954032 
5 58 0.180895 
5 59 0.2949 
5 60 0.861378 
5 61 0.822988 
5 62 0.371517 
5 63 0.789128 
5 64 0.866367 
5 65 0.648751 
5 66 0.910857 
5 67 0.194654 
5 68 0.536015 
5 69 0.640381 
5 70 0.74761 
5 71 0.367536 
5 72 0.773048 
5 73 0.604074 
5 74 1.05048 
5 75 0.80523 
5 76 0.520705 
5 77 0.912524 
5 78 0.314056 
5 79 0.262912 
6 7 0.619551 
6 8 0.567921 
6 9 0.728495 
6 10 0.589775 
6 11 0.510507 
6 12 0.714658 
6 13 0.198203 
6 14 0.178433 
6 15 0.406369 
6 16 0.649904 
6 17 0.495363 
6 18 0.599936 
6 19 0.678177 
6 20 0.121484 
6 21 0.372583 
6 22 0.685145 
6 23 0.866343 
6 24 0.696312 
6 25 0.350986 
6 26 0.492189 
6 27 0.286099 
6 28 0.334789 
6 29 0.481782 
6 30 0.244325 
6 31 0.16651 
6 32 0.241301 
6 33 0.508347 
6 34 0.510006 
6 35 0.652294 
6 36 0.634694 
6 37 0.573317 
6 38 0.133293 
6 39 0.528926 
6 40 0.189663 
6 41 0.70576 
6 42 0.901732 
6 43 0.486027 
6 44 0.487531 
6 45 0.357095 
6 46 0.095118 
6 47 0.583441 
6 48 0.407791 
6 49 0.336396 
6 50 0.520399 
6 51 0.520048 
6 52 0.161942 
6 53 0.182598 
6 54 0.673244 
6 55 0.755307 
6 56 0.695102 
6 57 0.415697 
6 58 0.525495 
6 59 0.624502 
6 60 0.331503 
6 61 0.420362 
6 62 0.794512 
6 63 0.970177 
6 64 0.752646 
6 65 0.910057 
6 66 0.466802 
6 67 0.722182 
6 68 0.552307 
6 69 0.815094 
6 70 0.327944 
6 71 0.345563 
6 72 0.310493 
6 73 0.151827 
6 74 0.74863 
6 75 0.639285 
6 76 0.442346 
6 77 0.211922 
6 78 0.702446 
6 79 0.475021 
7 8 0.131179 
7 9 0.43173 
7 10 0.0908564 
7 11 0.16939 
7 12 0.273557 
7 13 0.421887 
7 14 0.446221 
7 15 0.623993 
7 16 0.482083 
7 17 0.124456 
7 18 0.621583 
7 19 0.183278 
7 20 0.637835 
7 21 0.380645 
7 22 0.370395 
7 23 0.25377 
7 24 0.118918 
7 25 0.273816 
7 26 0.609951 
7 27 0.609151 
7 28 0.329978 
7 29 0.378173 
7 30 0.485179 
7 31 0.653315 
7 32 0.844857 
7 33 0.360355 
7 34 0.759647 
7 35 0.233226 
7 36 0.78197 
7 37 0.213737 
7 38 0.508105 
7 39 0.708385 
7 40 0.430972 
7 41 0.148099 
7 42 0.324109 
7 43 0.163293 
7 44 0.790136 
7 45 0.380458 
7 46 0.640275 
7 47 0.535447 
7 48 0.387367 
7 49 0.289246 
7 50 0.718926 
7 51 0.823672 
7 52 0.493767 
7 53 0.774722 
7 54 0.416538 
7 55 0.443172 
7 56 0.310967 
7 57 0.373322 
7 58 0.74216 
7 59 0.56108 
7 60 0.364245 
7 61 0.22611 
7 62 0.622776 
7 63 0.484424 
7 64 0.148104 
7 65 0.51722 
7 66 0.253827 
7 67 0.703365 
7 68 0.307107 
7 69 0.407354 
7 70 0.295426 
7 71 0.694361 
7 72 0.322879 
7 73 0.50239 
7 74 0.212079 
7 75 0.0572267 
7 76 0.329942 
7 77 0.735076 
7 78 0.589569 
7 79 0.78676 
8 9 0.546315 
8 10 0.0417747 
8 11 0.0592721 
8 12 0.399326 
8 13 0.380158 
8 14 0.41013 
8 15 0.657966 
8 16 0.578387 
8 17 0.136487 
8 18 0.694589 
8 19 0.31065 
8 20 0.562865 
8 21 0.414027 
8 22 0.483393 
8 23 0.358565 
8 24 0.134788 
8 25 0.220553 
8 26 0.66295 
8 27 0.50606 
8 28 0.243893 
8 29 0.250081 
8 30 0.393218 
8 31 0.570794 
8 32 0.775597 
8 33 0.434592 
8 34 0.799434 
8 35 0.351884 
8 36 0.842748 
8 37 0.0847163 
8 38 0.443116 
8 39 0.75815 
8 40 0.380118 
8 41 0.138497 
8 42 0.446487 
8 43 0.212373 
8 44 0.82141 
8 45 0.408493 
8 46 0.607057 
8 47 0.613871 
8 48 0.269157 
8 49 0.233786 
8 50 0.765782 
8 51 0.85676 
8 52 0.422697 
8 53 0.738127 
8 54 0.523246 
8 55 0.332901 
8 56 0.206745 
8 57 0.254464 
8 58 0.787188 
8 59 0.644936 
8 60 0.268296 
8 61 0.147592 
8 62 0.72895 
8 63 0.615394 
8 64 0.268344 
8 65 0.645766 
8 66 0.13556 
8 67 0.789184 
8 68 0.395781 
8 69 0.534789 
8 70 0.243714 
8 71 0.708713 
8 72 0.257461 
8 73 0.476224 
8 74 0.182979 
8 75 0.187648 
8 76 0.384407 
8 77 0.650804 
8 78 0.684472 
8 79 0.815976 
9 10 0.514103 
9 11 0.554893 
9 12 0.176464 
9 13 0.571922 
9 14 0.57113 
9 15 0.461052 
9 16 0.127131 
9 17 0.433204 
9 18 0.314084 
9 19 0.259105 
9 20 0.811002 
9 21 0.356063 
9 22 0.06326 
9 23 0.454117 
9 24 0.536395 
9 25 0.527841 
9 26 0.382992 
9 27 0.871905 
9 28 0.615976 
9 29 0.75325 
9 30 0.738752 
9 31 0.8461 
9 32 0.96611 
9 33 0.220262 
9 34 0.539138 
9 35 0.198729 
9 36 0.484314 
9 37 0.630134 
9 38 0.685068 
9 39 0.464372 
9 40 0.599325 
9 41 0.568588 
9 42 0.378742 
9 43 0.364214 
9 44 0.592642 
9 45 0.371906 
9 46 0.689124 
9 47 0.236974 
9 48 0.729381 
9 49 0.537768 
9 50 0.482751 
9 51 0.61364 
9 52 0.690871 
9 53 0.803228 
9 54 0.0567808 
9 55 0.873982 
9 56 0.742289 
9 57 0.719431 
9 58 0.507137 
9 59 0.22888 
9 60 0.658969 
9 61 0.547444 
9 62 0.199232 
9 63 0.293194 
9 64 0.393715 
9 65 0.186887 
9 66 0.622707 
9 67 0.331981 
9 68 0.190502 
9 69 0.128905 
9 70 0.533449 
9 71 0.576961 
9 72 0.571942 
9 73 0.576728 
9 74 0.629449 
9 75 0.379253 
9 76 0.291099 
9 77 0.920133 
9 78 0.204324 
9 79 0.596973 
10 11 0.0930592 
10 12 0.362289 
10 13 0.397652 
10 14 0.426138 
10 15 0.653419 
10 16 0.552871 
10 17 0.126836 
10 18 0.677388 
10 19 0.272721 
10 20 0.591678 
10 21 0.407979 
10 22 0.451623 
10 23 0.318987 
10 24 0.106564 
10 25 0.239119 
10 26 0.652257 
10 27 0.542628 
10 28 0.273974 
10 29 0.291813 
10 30 0.426318 
10 31 0.60182 
10 32 0.803295 
10 33 0.415678 
10 34 0.793501 
10 35 0.317558 
10 36 0.830029 
10 37 0.122895 
10 38 0.468392 
10 39 0.748843 
10 40 0.400504 
10 41 0.118855 
10 42 0.404908 
10 43 0.196799 
10 44 0.818291 
10 45 0.404084 
10 46 0.623445 
10 47 0.594577 
10 48 0.309025 
10 49 0.253442 
10 50 0.757449 
10 51 0.853148 
10 52 0.449705 
10 53 0.756023 
10 54 0.493884 
10 55 0.36064 
10 56 0.230547 
10 57 0.294449 
10 58 0.779515 
10 59 0.623914 
10 60 0.301785 
10 61 0.172755 
10 62 0.70023 
10 63 0.574258 
10 64 0.226727 
10 65 0.607478 
10 66 0.17472 
10 67 0.767851 
10 68 0.371863 
10 69 0.497074 
10 70 0.262337 
10 71 0.710642 
10 72 0.280946 
10 73 0.489663 
10 74 0.173647 
10 75 0.147925 
10 76 0.371306 
10 77 0.682526 
10 78 0.659737 
10 79 0.813505 
11 12 0.420733 
11 13 0.325716 
11 14 0.35657 
11 15 0.622754 
11 16 0.573867 
11 17 0.124192 
11 18 0.675896 
11 19 0.335826 
11 20 0.50361 
11 21 0.382737 
11 22 0.491636 
11 23 0.411389 
11 24 0.193829 
11 25 0.16696 
11 26 0.635363 
11 27 0.44957 
11 28 0.184625 
11 29 0.211318 
11 30 0.334495 
11 31 0.511624 
11 32 0.716412 
11 33 0.420882 
11 34 0.765261 
11 35 0.367464 
11 36 0.817044 
11 37 0.0906729 
11 38 0.384556 
11 39 0.728297 
11 40 0.323861 
11 41 0.197423 
11 42 0.492554 
11 43 0.200645 
11 44 0.783902 
11 45 0.375248 
11 46 0.552585 
11 47 0.598861 
11 48 0.218575 
11 49 0.179122 
11 50 0.734668 
11 51 0.819703 
11 52 0.363713 
11 53 0.682532 
11 54 0.526278 
11 55 0.345808 
11 56 0.230699 
11 57 0.204323 
11 58 0.755171 
11 59 0.632415 
11 60 0.209642 
11 61 0.0906653 
11 62 0.729315 
11 63 0.650157 
11 64 0.314877 
11 65 0.668893 
11 66 0.0844776 
11 67 0.776373 
11 68 0.390744 
11 69 0.556816 
11 70 0.189684 
11 71 0.666162 
11 72 0.200136 
11 73 0.424258 
11 74 0.238347 
11 75 0.221313 
11 76 0.363001 
11 77 0.591764 
11 78 0.677852 
11 79 0.777761 
12 13 0.530794 
12 14 0.540274 
12 15 0.545044 
12 16 0.271786 
12 17 0.311151 
12 18 0.452357 
12 19 0.0905993 
12 20 0.774508 
12 21 0.361081 
12 22 0.128655 
12 23 0.284568 
12 24 0.367444 
12 25 0.440737 
12 26 0.489696 
12 27 0.800374 
12 28 0.524088 
12 29 0.629901 
12 30 0.666404 
12 31 0.80282 
12 32 0.955795 
12 33 0.249327 
12 34 0.65211 
12 35 0.0642483 
12 36 0.626084 
12 37 0.483945 
12 38 0.641139 
12 39 0.583636 
12 40 0.553068 
12 41 0.399628 
12 42 0.233448 
12 43 0.261671 
12 44 0.698447 
12 45 0.372403 
12 46 0.69794 
12 47 0.364461 
12 48 0.620059 
12 49 0.45387 
12 50 0.599634 
12 51 0.725267 
12 52 0.639094 
12 53 0.825499 
12 54 0.186636 
12 55 0.715156 
12 56 0.582639 
12 57 0.608049 
12 58 0.624673 
12 59 0.372523 
12 60 0.56616 
12 61 0.436874 
12 62 0.375691 
12 63 0.258455 
12 64 0.217264 
12 65 0.248179 
12 66 0.498306 
12 67 0.496869 
12 68 0.181752 
12 69 0.136108 
12 70 0.453169 
12 71 0.648849 
12 72 0.49113 
12 73 0.56743 
12 74 0.458389 
12 75 0.217194 
12 76 0.285086 
12 77 0.882331 
12 78 0.370432 
12 79 0.699825 
13 14 0.0331912 
13 15 0.379688 
13 16 0.517144 
13 17 0.297511 
13 18 0.521922 
13 19 0.485965 
13 20 0.244121 
13 21 0.228713 
13 22 0.520748 
13 23 0.66819 
13 24 0.50356 
13 25 0.159612 
13 26 0.435459 
13 27 0.312353 
13 28 0.175161 
13 29 0.35702 
13 30 0.191812 
13 31 0.275468 
13 32 0.43209 
13 33 0.356304 
13 34 0.515566 
13 35 0.466999 
13 36 0.609312 
13 37 0.39975 
13 38 0.113317 
13 39 0.505002 
13 40 0.0302818 
13 41 0.515604 
13 42 0.706486 
13 43 0.289864 
13 44 0.515858 
13 45 0.211931 
13 46 0.226961 
13 47 0.478305 
13 48 0.289527 
13 49 0.146642 
13 50 0.503828 
13 51 0.552193 
13 52 0.120845 
13 53 0.358437 
13 54 0.520392 
13 55 0.615166 
13 56 0.532888 
13 57 0.291061 
13 58 0.517761 
13 59 0.520181 
13 60 0.194148 
13 61 0.235439 
13 62 0.674894 
13 63 0.788979 
13 64 0.554601 
13 65 0.744242 
13 66 0.299626 
13 67 0.643607 
13 68 0.384546 
13 69 0.642158 
13 70 0.136449 
13 71 0.378992 
13 72 0.131192 
13 73 0.104465 
13 74 0.563014 
13 75 0.441169 
13 76 0.281426 
13 77 0.352775 
13 78 0.591727 
13 79 0.506474 
14 15 0.352497 
14 16 0.509483 
14 17 0.321807 
14 18 0.503129 
14 19 0.50027 
14 20 0.240073 
14 21 0.220672 
14 22 0.52231 
14 23 0.689579 
14 24 0.531523 
14 25 0.189801 
14 26 0.412635 
14 27 0.326812 
14 28 0.208309 
14 29 0.389431 
14 30 0.213457 
14 31 0.275314 
14 32 0.417076 
14 33 0.352788 
14 34 0.486452 
14 35 0.477087 
14 36 0.583773 
14 37 0.431982 
14 38 0.117848 
14 39 0.478674 
14 40 0.0546689 
14 41 0.544536 
14 42 0.723313 
14 43 0.307731 
14 44 0.485057 
14 45 0.203875 
14 46 0.197323 
14 47 0.464151 
14 48 0.32119 
14 49 0.177522 
14 50 0.476707 
14 51 0.521304 
14 52 0.132946 
14 53 0.330292 
14 54 0.518244 
14 55 0.648343 
14 56 0.565721 
14 57 0.323168 
14 58 0.489854 
14 59 0.506181 
14 60 0.226346 
14 61 0.266702 
14 62 0.664935 
14 63 0.797571 
14 64 0.575563 
14 65 0.746903 
14 66 0.332533 
14 67 0.625643 
14 68 0.38665 
14 69 0.647158 
14 70 0.166896 
14 71 0.347123 
14 72 0.164011 
14 73 0.0712757 
14 74 0.593104 
14 75 0.462552 
14 76 0.280081 
14 77 0.349301 
14 78 0.579475 
14 79 0.475434 
15 16 0.341645 
15 17 0.526583 
15 18 0.21274 
15 19 0.563767 
15 20 0.524508 
15 21 0.245604 
15 22 0.449421 
15 23 0.799619 
15 24 0.73916 
15 25 0.478966 
15 26 0.0982745 
15 27 0.663207 
15 28 0.538167 
15 29 0.72494 
15 30 0.564196 
15 31 0.569238 
15 32 0.597896 
15 33 0.298531 
15 34 0.142891 
15 35 0.504045 
15 36 0.23367 
15 37 0.712409 
15 38 0.451681 
15 39 0.127154 
15 40 0.406762 
15 41 0.763602 
15 42 0.777054 
15 43 0.462647 
15 44 0.166144 
15 45 0.249612 
15 46 0.32432 
15 47 0.237819 
15 48 0.663509 
15 49 0.475212 
15 50 0.124217 
15 51 0.20005 
15 52 0.476112 
15 53 0.392127 
15 54 0.40736 
15 55 0.958956 
15 56 0.853137 
15 57 0.662606 
15 58 0.138743 
15 59 0.268629 
15 60 0.567278 
15 61 0.550899 
15 62 0.440385 
15 63 0.75155 
15 64 0.695311 
15 65 0.643236 
15 66 0.636028 
15 67 0.326657 
15 68 0.36844 
15 69 0.583332 
15 70 0.463874 
15 71 0.118801 
15 72 0.483812 
15 73 0.298811 
15 74 0.824679 
15 75 0.606386 
15 76 0.296982 
15 77 0.61735 
15 78 0.344642 
15 79 0.163235 
16 17 0.449842 
16 18 0.188182 
16 19 0.335458 
16 20 0.744252 
16 21 0.288975 
16 22 0.144619 
16 23 0.556293 
16 24 0.596729 
16 25 0.509109 
16 26 0.2582 
16 27 0.827612 
16 28 0.595854 
16 29 0.754386 
16 30 0.698784 
16 31 0.782903 
16 32 0.880645 
16 33 0.167819 
16 34 0.412296 
16 35 0.266627 
16 36 0.360523 
16 37 0.657924 
16 38 0.627048 
16 39 0.337291 
16 40 0.546609 
16 41 0.627996 
16 42 0.49489 
16 43 0.37337 
16 44 0.466404 
16 45 0.30581 
16 46 0.598619 
16 47 0.110301 
16 48 0.718872 
16 49 0.515923 
16 50 0.355754 
16 51 0.486758 
16 52 0.637976 
16 53 0.703271 
16 54 0.0869185 
16 55 0.911284 
16 56 0.783169 
16 57 0.711016 
16 58 0.380073 
16 59 0.103768 
16 60 0.637608 
16 61 0.546117 
16 62 0.162224 
16 63 0.419622 
16 64 0.479264 
16 65 0.301999 
16 66 0.629487 
16 67 0.227604 
16 68 0.183265 
16 69 0.255905 
16 70 0.509152 
16 71 0.459611 
16 72 0.545646 
16 73 0.500939 
16 74 0.691391 
16 75 0.437503 
16 76 0.243926 
16 77 0.851846 
16 78 0.107488 
16 79 0.471141 
17 18 0.558478 
17 19 0.234461 
17 20 0.518165 
17 21 0.281178 
17 22 0.370078 
17 23 0.373486 
17 24 0.22012 
17 25 0.154095 
17 26 0.527252 
17 27 0.505577 
17 28 0.223162 
17 29 0.322009 
17 30 0.375859 
17 31 0.536403 
17 32 0.722708 
17 33 0.299725 
17 34 0.666793 
17 35 0.252833 
17 36 0.706483 
17 37 0.209374 
17 38 0.386577 
17 39 0.623147 
17 40 0.307353 
17 41 0.240427 
17 42 0.427508 
17 43 0.0774105 
17 44 0.691506 
17 45 0.277288 
17 46 0.516428 
17 47 0.478755 
17 48 0.308969 
17 49 0.169493 
17 50 0.631354 
17 51 0.726325 
17 52 0.374183 
17 53 0.650744 
17 54 0.402694 
17 55 0.465192 
17 56 0.342427 
17 57 0.296898 
17 58 0.653203 
17 59 0.510944 
17 60 0.262545 
17 61 0.1269 
17 62 0.605173 
17 63 0.555797 
17 64 0.261926 
17 65 0.557862 
17 66 0.190378 
17 67 0.65517 
17 68 0.266637 
17 69 0.445662 
17 70 0.174239 
17 71 0.585555 
17 72 0.205313 
17 73 0.379019 
17 74 0.299236 
17 75 0.149309 
17 76 0.247942 
17 77 0.618307 
17 78 0.554269 
17 79 0.686799 
18 19 0.503232 
18 20 0.711433 
18 21 0.312311 
18 22 0.329778 
18 23 0.73407 
18 24 0.740266 
18 25 0.569349 
18 26 0.114605 
18 27 0.829338 
18 28 0.646978 
18 29 0.825328 
18 30 0.713711 
18 31 0.754622 
18 32 0.806597 
18 33 0.262166 
18 34 0.235218 
18 35 0.43452 
18 36 0.173819 
18 37 0.765568 
18 38 0.616792 
18 39 0.158436 
18 40 0.551981 
18 41 0.76961 
18 42 0.680793 
18 43 0.482298 
18 44 0.293225 
18 45 0.326189 
18 46 0.527157 
18 47 0.0893171 
18 48 0.775894 
18 49 0.571253 
18 50 0.178102 
18 51 0.307985 
18 52 0.635717 
18 53 0.604568 
18 54 0.273869 
18 55 1.02164 
18 56 0.900904 
18 57 0.771281 
18 58 0.200477 
18 59 0.0852652 
18 60 0.684125 
18 61 0.625845 
18 62 0.234257 
18 63 0.603149 
18 64 0.647251 
18 65 0.474716 
18 66 0.713785 
18 67 0.123327 
18 68 0.316895 
18 69 0.442903 
18 70 0.561716 
18 71 0.32616 
18 72 0.592022 
18 73 0.468938 
18 74 0.833552 
18 75 0.586354 
18 76 0.312982 
18 77 0.811551 
18 78 0.142528 
18 79 0.300481 
19 20 0.725981 
19 21 0.350632 
19 22 0.202763 
19 23 0.23688 
19 24 0.278413 
19 25 0.376275 
19 26 0.522436 
19 27 0.735655 
19 28 0.454894 
19 29 0.546609 
19 30 0.603196 
19 31 0.750692 
19 32 0.91715 
19 33 0.266676 
19 34 0.683249 
19 35 0.0692231 
19 36 0.674582 
19 37 0.394996 
19 38 0.591697 
19 39 0.619977 
19 40 0.504918 
19 41 0.310649 
19 42 0.227652 
19 43 0.200081 
19 44 0.724569 
19 45 0.358525 
19 46 0.673118 
19 47 0.413915 
19 48 0.541922 
19 49 0.390512 
19 50 0.634231 
19 51 0.754137 
19 52 0.585946 
19 53 0.804823 
19 54 0.256806 
19 55 0.624569 
19 56 0.492054 
19 57 0.529257 
19 58 0.659011 
19 59 0.429477 
19 60 0.49567 
19 61 0.361349 
19 62 0.456846 
19 63 0.321434 
19 64 0.144489 
19 65 0.335124 
19 66 0.415927 
19 67 0.563052 
19 68 0.197506 
19 69 0.224353 
19 70 0.391634 
19 71 0.657851 
19 72 0.428028 
19 73 0.537337 
19 74 0.370647 
19 75 0.126657 
19 76 0.277954 
19 77 0.831667 
19 78 0.44005 
19 79 0.724274 
20 21 0.457805 
20 22 0.762331 
20 23 0.890911 
20 24 0.696755 
20 25 0.36449 
20 26 0.606866 
20 27 0.175315 
20 28 0.319001 
20 29 0.424993 
20 30 0.183416 
20 31 0.045109 
20 32 0.213635 
20 33 0.591942 
20 34 0.631361 
20 35 0.71054 
20 36 0.754708 
20 37 0.550139 
20 38 0.134285 
20 39 0.64854 
20 40 0.221684 
20 41 0.700733 
20 42 0.941269 
20 43 0.526752 
20 44 0.608844 
20 45 0.441264 
20 46 0.215536 
20 47 0.687409 
20 48 0.353432 
20 49 0.349027 
20 50 0.640614 
20 51 0.641114 
20 52 0.144117 
20 53 0.268675 
20 54 0.7577 
20 55 0.697048 
20 56 0.656312 
20 57 0.364568 
20 58 0.646341 
20 59 0.729146 
20 60 0.300294 
20 61 0.419118 
20 62 0.895153 
20 63 1.03285 
20 64 0.78009 
20 65 0.986762 
20 66 0.443282 
20 67 0.83449 
20 68 0.626519 
20 69 0.885913 
20 70 0.343938 
20 71 0.467046 
20 72 0.315019 
20 73 0.245934 
20 74 0.735062 
20 75 0.667183 
20 76 0.520073 
20 77 0.109234 
20 78 0.805666 
20 79 0.596262 
21 22 0.313399 
21 23 0.576994 
21 24 0.494265 
21 25 0.258021 
21 26 0.253749 
21 27 0.540559 
21 28 0.334742 
21 29 0.513938 
21 30 0.414833 
21 31 0.495153 
21 32 0.611463 
21 33 0.135812 
21 34 0.38572 
21 35 0.304969 
21 36 0.436353 
21 37 0.473304 
21 38 0.338089 
21 39 0.345561 
21 40 0.258524 
21 41 0.518209 
21 42 0.576799 
21 43 0.217951 
21 44 0.411153 
21 45 0.0168365 
21 46 0.34051 
21 47 0.254886 
21 48 0.463601 
21 49 0.259184 
21 50 0.352223 
21 51 0.445584 
21 52 0.349377 
21 53 0.465 
21 54 0.301283 
21 55 0.725353 
21 56 0.613287 
21 57 0.458997 
21 58 0.373266 
21 59 0.295942 
21 60 0.372484 
21 61 0.319979 
21 62 0.446208 
21 63 0.607061 
21 64 0.4667 
21 65 0.53785 
21 66 0.407842 
21 67 0.428294 
21 68 0.184748 
21 69 0.446209 
21 70 0.249479 
21 71 0.316227 
21 72 0.279958 
21 73 0.220758 
21 74 0.579092 
21 75 0.368468 
21 76 0.0759999 
21 77 0.566401 
21 78 0.364469 
21 79 0.407055 
22 23 0.412931 
22 24 0.477369 
22 25 0.468105 
22 26 0.381229 
22 27 0.816063 
22 28 0.556035 
22 29 0.690505 
22 30 0.682327 
22 31 0.795993 
22 32 0.924782 
22 33 0.179605 
22 34 0.542068 
22 35 0.138641 
22 36 0.503372 
22 37 0.567077 
22 38 0.634061 
22 39 0.470085 
22 40 0.54725 
22 41 0.509458 
22 42 0.351083 
22 43 0.301795 
22 44 0.592321 
22 45 0.328325 
22 46 0.652002 
22 47 0.244585 
22 48 0.66774 
22 49 0.47853 
22 50 0.487326 
22 51 0.616326 
22 52 0.638204 
22 53 0.770996 
22 54 0.0582093 
22 55 0.811851 
22 56 0.680414 
22 57 0.657572 
22 58 0.512237 
22 59 0.247342 
22 60 0.599068 
22 61 0.485257 
22 62 0.25463 
22 63 0.304801 
22 64 0.342467 
22 65 0.225075 
22 66 0.559765 
22 67 0.368245 
22 68 0.136221 
22 69 0.137167 
22 70 0.474707 
22 71 0.56132 
22 72 0.513353 
22 73 0.533474 
22 74 0.571082 
22 75 0.319044 
22 76 0.243322 
22 77 0.871565 
22 78 0.241834 
22 79 0.595247 
23 24 0.240313 
23 25 0.526443 
23 26 0.759084 
23 27 0.859659 
23 28 0.583101 
23 29 0.603773 
23 30 0.738188 
23 31 0.907042 
23 32 1.09615 
23 33 0.503477 
23 34 0.920108 
23 35 0.302113 
23 36 0.907067 
23 37 0.421182 
23 38 0.760013 
23 39 0.856279 
23 40 0.680165 
23 41 0.260489 
23 42 0.1227 
23 43 0.384851 
23 44 0.961263 
23 45 0.582375 
23 46 0.877629 
23 47 0.645167 
23 48 0.627693 
23 49 0.541907 
23 50 0.870799 
23 51 0.990992 
23 52 0.746795 
23 53 1.01191 
23 54 0.471074 
23 55 0.571428 
23 56 0.451107 
23 57 0.613022 
23 58 0.895631 
23 59 0.656152 
23 60 0.615853 
23 61 0.479029 
23 62 0.649635 
23 63 0.339013 
23 64 0.114296 
23 65 0.439138 
23 66 0.493639 
23 67 0.781085 
23 68 0.434382 
23 69 0.360279 
23 70 0.547404 
23 71 0.890124 
23 72 0.576264 
23 73 0.739028 
23 74 0.288411 
23 75 0.227084 
23 76 0.508494 
23 77 0.988825 
23 78 0.654112 
23 79 0.960783 
24 25 0.345528 
24 26 0.728192 
24 27 0.639057 
24 28 0.378087 
24 29 0.366096 
24 30 0.527985 
24 31 0.705444 
24 32 0.908949 
24 33 0.479252 
24 34 0.876317 
24 35 0.338735 
24 36 0.900849 
24 37 0.182387 
24 38 0.574675 
24 39 0.826425 
24 40 0.506965 
24 41 0.0322374 
24 42 0.345316 
24 43 0.27652 
24 44 0.905151 
24 45 0.492631 
24 46 0.728677 
24 47 0.653781 
24 48 0.397414 
24 49 0.359942 
24 50 0.836621 
24 51 0.939155 
24 52 0.555501 
24 53 0.861705 
24 54 0.52707 
24 55 0.355697 
24 56 0.225399 
24 57 0.382543 
24 58 0.859639 
24 59 0.678575 
24 60 0.403062 
24 61 0.278659 
24 62 0.731799 
24 63 0.53922 
24 64 0.177859 
24 65 0.597626 
24 66 0.267276 
24 67 0.820079 
24 68 0.424955 
24 69 0.493282 
24 70 0.368712 
24 71 0.804401 
24 72 0.387395 
24 73 0.593771 
24 74 0.094663 
24 75 0.159529 
24 76 0.447401 
24 77 0.785566 
24 78 0.704094 
24 79 0.901288 
25 26 0.508278 
25 27 0.360098 
25 28 0.0882126 
25 29 0.256027 
25 30 0.226965 
25 31 0.382337 
25 32 0.571194 
25 33 0.341959 
25 34 0.621553 
25 35 0.377469 
25 36 0.690687 
25 37 0.24642 
25 38 0.23437 
25 39 0.59414 
25 40 0.161456 
25 41 0.356378 
25 42 0.580614 
25 43 0.179155 
25 44 0.633678 
25 45 0.24579 
25 46 0.386509 
25 47 0.504573 
25 48 0.210564 
25 49 0.0154642 
25 50 0.597682 
25 51 0.670007 
25 52 0.220387 
25 53 0.517825 
25 54 0.485483 
25 55 0.48122 
25 56 0.384554 
25 57 0.203963 
25 58 0.615983 
25 59 0.543295 
25 60 0.131144 
25 61 0.0784799 
25 62 0.671223 
25 63 0.69534 
25 64 0.415816 
25 65 0.677997 
25 66 0.157568 
25 67 0.681963 
25 68 0.339912 
25 69 0.568183 
25 70 0.0232624 
25 71 0.508331 
25 72 0.0520229 
25 73 0.257367 
25 74 0.403455 
25 75 0.3034 
25 76 0.268623 
25 77 0.464236 
25 78 0.602677 
25 79 0.626322 
26 27 0.734524 
26 28 0.57799 
26 29 0.762199 
26 30 0.625971 
26 31 0.650865 
26 32 0.693192 
26 33 0.257904 
26 34 0.162417 
26 35 0.457595 
26 36 0.182731 
26 37 0.726035 
26 38 0.521232 
26 39 0.0989033 
26 40 0.464616 
26 41 0.755172 
26 42 0.723096 
26 43 0.45592 
26 44 0.211116 
26 45 0.263649 
26 46 0.415595 
26 47 0.149056 
26 48 0.706431 
26 49 0.507423 
26 50 0.111864 
26 51 0.235846 
26 52 0.542764 
26 53 0.489969 
26 54 0.332865 
26 55 0.979003 
26 56 0.865318 
26 57 0.703609 
26 58 0.136576 
26 59 0.174427 
26 60 0.611648 
26 61 0.57342 
26 62 0.343377 
26 63 0.676105 
26 64 0.661427 
26 65 0.559451 
26 66 0.661049 
26 67 0.231701 
26 68 0.325244 
26 69 0.509537 
26 70 0.496837 
26 71 0.214022 
26 72 0.522585 
26 73 0.369657 
26 74 0.818138 
26 75 0.583917 
26 76 0.281573 
26 77 0.704105 
26 78 0.248133 
26 79 0.214471 
27 28 0.282464 
27 29 0.305857 
27 30 0.134363 
27 31 0.141032 
27 32 0.343571 
27 33 0.663429 
27 34 0.783178 
27 35 0.736725 
27 36 0.896821 
27 37 0.468357 
27 38 0.213307 
27 39 0.790133 
27 40 0.28224 
27 41 0.635105 
27 42 0.930504 
27 43 0.539137 
27 44 0.767282 
27 45 0.523865 
27 46 0.38066 
27 47 0.790212 
27 48 0.247946 
27 49 0.346585 
27 50 0.784868 
27 51 0.801155 
27 52 0.193868 
27 53 0.443803 
27 54 0.82358 
27 55 0.560866 
27 56 0.546435 
27 57 0.262346 
27 58 0.793858 
27 59 0.83217 
27 60 0.245102 
27 61 0.383962 
27 62 0.986644 
27 63 1.05542 
27 64 0.757184 
27 65 1.03333 
27 66 0.37179 
27 67 0.952155 
27 68 0.681479 
27 69 0.92533 
27 70 0.347298 
27 71 0.623688 
27 72 0.309249 
27 73 0.365555 
27 74 0.655913 
27 75 0.650623 
27 76 0.586959 
27 77 0.186365 
27 78 0.90408 
27 79 0.755366 
28 29 0.186845 
28 30 0.155202 
28 31 0.327848 
28 32 0.532008 
28 33 0.428261 
28 34 0.678731 
28 35 0.461632 
28 36 0.758742 
28 37 0.238633 
28 38 0.203985 
28 39 0.658624 
28 40 0.16116 
28 41 0.381774 
28 42 0.648678 
28 43 0.262911 
28 44 0.684584 
28 45 0.320856 
28 46 0.390401 
28 47 0.586355 
28 48 0.129023 
28 49 0.0799388 
28 50 0.660248 
28 51 0.721065 
28 52 0.180655 
28 53 0.513387 
28 54 0.573664 
28 55 0.440083 
28 56 0.363254 
28 57 0.125623 
28 58 0.67677 
28 59 0.625944 
28 60 0.0430347 
28 61 0.10408 
28 62 0.758066 
28 63 0.775885 
28 64 0.477215 
28 65 0.764123 
28 66 0.132085 
28 67 0.762367 
28 68 0.428097 
28 69 0.653637 
28 70 0.0871823 
28 71 0.55138 
28 72 0.0554251 
28 73 0.279496 
28 74 0.418204 
28 75 0.368769 
28 76 0.353692 
28 77 0.408685 
28 78 0.687594 
28 79 0.675997 
29 30 0.243432 
29 31 0.414243 
29 32 0.631284 
29 33 0.590506 
29 34 0.865568 
29 35 0.574033 
29 36 0.943837 
29 37 0.183777 
29 38 0.350227 
29 39 0.844734 
29 40 0.337566 
29 41 0.353744 
29 42 0.696419 
29 43 0.389279 
29 44 0.870733 
29 45 0.501339 
29 46 0.554086 
29 47 0.758983 
29 48 0.0739916 
29 49 0.255152 
29 50 0.846731 
29 51 0.907196 
29 52 0.32031 
29 53 0.664328 
29 54 0.718639 
29 55 0.2741 
29 56 0.240585 
29 57 0.0674237 
29 58 0.863483 
29 59 0.796829 
29 60 0.163181 
29 61 0.208432 
29 62 0.914884 
29 63 0.86125 
29 64 0.518365 
29 65 0.877919 
29 66 0.131851 
29 67 0.936985 
29 68 0.57591 
29 69 0.765646 
29 70 0.265471 
29 71 0.735837 
29 72 0.24125 
29 73 0.459263 
29 74 0.361384 
29 75 0.432 
29 76 0.520707 
29 77 0.482667 
29 78 0.852627 
29 79 0.861907 
30 31 0.180643 
30 32 0.394785 
30 33 0.533006 
30 34 0.69399 
30 35 0.602643 
30 36 0.79661 
30 37 0.370749 
30 38 0.122978 
30 39 0.69099 
30 40 0.161897 
30 41 0.528398 
30 42 0.802891 
30 43 0.405544 
30 44 0.686391 
30 45 0.398451 
30 46 0.326748 
30 47 0.66804 
30 48 0.170677 
30 49 0.213033 
30 50 0.688144 
30 51 0.72187 
30 52 0.0931038 
30 53 0.425152 
30 54 0.691234 
30 55 0.517162 
30 56 0.472936 
30 57 0.181335 
30 58 0.700046 
30 59 0.709677 
30 60 0.124923 
30 61 0.259189 
30 62 0.859174 
30 63 0.92208 
30 64 0.63233 
30 65 0.899011 
30 66 0.2657 
30 67 0.835213 
30 68 0.548252 
30 69 0.790971 
30 70 0.213236 
30 71 0.543925 
30 72 0.175542 
30 73 0.267578 
30 74 0.557835 
30 75 0.5232 
30 76 0.456295 
30 77 0.258429 
30 78 0.779298 
30 79 0.675613 
31 32 0.217046 
31 33 0.628101 
31 34 0.676451 
31 35 0.738642 
31 36 0.799708 
31 37 0.551388 
31 38 0.162471 
31 39 0.693488 
31 40 0.25048 
31 41 0.70739 
31 42 0.962318 
31 43 0.550714 
31 44 0.653658 
31 45 0.478466 
31 46 0.260174 
31 47 0.728745 
31 48 0.34532 
31 49 0.366988 
31 50 0.685649 
31 51 0.685775 
31 52 0.164748 
31 53 0.305107 
31 54 0.793511 
31 55 0.682725 
31 56 0.650326 
31 57 0.357602 
31 58 0.691441 
31 59 0.770595 
31 60 0.303805 
31 61 0.430628 
31 62 0.935313 
31 63 1.06126 
31 64 0.797746 
31 65 1.01971 
31 66 0.445996 
31 67 0.877796 
31 68 0.659855 
31 69 0.91727 
31 70 0.363148 
31 71 0.512039 
31 72 0.331292 
31 73 0.287432 
31 74 0.738293 
31 75 0.685708 
31 76 0.555012 
31 77 0.0819065 
31 78 0.846639 
31 79 0.64103 
32 33 0.746692 
32 34 0.666444 
32 35 0.89322 
32 36 0.804794 
32 37 0.763634 
32 38 0.336829 
32 39 0.706036 
32 40 0.416709 
32 41 0.913748 
32 42 1.13857 
32 43 0.72193 
32 44 0.626992 
32 45 0.596466 
32 46 0.283179 
32 47 0.804386 
32 48 0.562101 
32 49 0.555825 
32 50 0.69297 
32 51 0.651767 
32 52 0.353605 
32 53 0.220044 
32 54 0.910234 
32 55 0.898739 
32 56 0.866837 
32 57 0.574138 
32 58 0.69091 
32 59 0.843775 
32 60 0.513886 
32 61 0.63054 
32 62 1.01726 
32 63 1.21148 
32 64 0.983716 
32 65 1.14929 
32 66 0.656888 
32 67 0.924313 
32 68 0.792965 
32 69 1.05583 
32 70 0.549433 
32 71 0.504608 
32 72 0.523892 
32 73 0.391674 
32 74 0.948685 
32 75 0.870195 
32 76 0.682743 
32 77 0.158134 
32 78 0.922711 
32 79 0.613325 
33 34 0.417137 
33 35 0.205516 
33 36 0.422427 
33 37 0.508795 
33 38 0.468524 
33 39 0.356523 
33 40 0.384881 
33 41 0.508106 
33 42 0.4792 
33 43 0.222519 
33 44 0.457914 
33 45 0.151669 
33 46 0.472441 
33 47 0.179284 
33 48 0.552223 
33 49 0.348367 
33 50 0.369657 
33 51 0.487534 
33 52 0.476739 
33 53 0.591964 
33 54 0.165849 
33 55 0.764867 
33 56 0.641327 
33 57 0.544805 
33 58 0.39415 
33 59 0.211534 
33 60 0.469873 
33 61 0.383312 
33 62 0.330004 
33 63 0.479923 
33 64 0.403653 
33 65 0.402763 
33 66 0.468895 
33 67 0.355598 
33 68 0.0699176 
33 69 0.315151 
33 70 0.341427 
33 71 0.399561 
33 72 0.377828 
33 73 0.356539 
33 74 0.571963 
33 75 0.328736 
33 76 0.0767372 
33 77 0.700885 
33 78 0.262121 
33 79 0.457776 
34 35 0.619268 
34 36 0.141763 
34 37 0.855079 
34 38 0.57654 
34 39 0.0767878 
34 40 0.541119 
34 41 0.901718 
34 42 0.8855 
34 43 0.60041 
34 44 0.0595501 
34 45 0.390999 
34 46 0.418545 
34 47 0.302165 
34 48 0.802607 
34 49 0.617489 
34 50 0.0572476 
34 51 0.0745251 
34 52 0.603166 
34 53 0.44776 
34 54 0.491671 
34 55 1.10181 
34 56 0.995771 
34 57 0.802341 
34 58 0.035841 
34 59 0.316509 
34 60 0.706306 
34 61 0.69378 
34 62 0.464311 
34 63 0.831905 
34 64 0.820457 
34 65 0.708362 
34 66 0.778764 
34 67 0.308328 
34 68 0.485748 
34 69 0.667257 
34 70 0.606082 
34 71 0.166156 
34 72 0.62488 
34 73 0.426413 
34 74 0.963524 
34 75 0.73806 
34 76 0.42991 
34 77 0.713665 
34 78 0.376861 
34 79 0.0695429 
35 36 0.606381 
35 37 0.436466 
35 38 0.577052 
35 39 0.554339 
35 40 0.489016 
35 41 0.370817 
35 42 0.275142 
35 43 0.19877 
35 44 0.662365 
35 45 0.31513 
35 46 0.638322 
35 47 0.345227 
35 48 0.560725 
35 49 0.39039 
35 50 0.569109 
35 51 0.691019 
35 52 0.574859 
35 53 0.76731 
35 54 0.189874 
35 55 0.676105 
35 56 0.5441 
35 57 0.549104 
35 58 0.594009 
35 59 0.360272 
35 60 0.503959 
35 61 0.37693 
35 62 0.393124 
35 63 0.322624 
35 64 0.213701 
35 65 0.305258 
35 66 0.442183 
35 67 0.494149 
35 68 0.135607 
35 69 0.193303 
35 70 0.389439 
35 71 0.602741 
35 72 0.427544 
35 73 0.506198 
35 74 0.432545 
35 75 0.180619 
35 76 0.229515 
35 77 0.818244 
35 78 0.371866 
35 79 0.662683 
36 37 0.907697 
36 38 0.685302 
36 39 0.106739 
36 40 0.637402 
36 41 0.929005 
36 42 0.854451 
36 43 0.63323 
36 44 0.194554 
36 45 0.446379 
36 46 0.547093 
36 47 0.261975 
36 48 0.886597 
36 49 0.689487 
36 50 0.114419 
36 51 0.188931 
36 52 0.709449 
36 53 0.587432 
36 54 0.446964 
36 55 1.16133 
36 56 1.04643 
36 57 0.88431 
36 58 0.113916 
36 59 0.256754 
36 60 0.791161 
36 61 0.75614 
36 62 0.364868 
36 63 0.767968 
36 64 0.817878 
36 65 0.632672 
36 66 0.843779 
36 67 0.191403 
36 68 0.483473 
36 69 0.612312 
36 70 0.678767 
36 71 0.300534 
36 72 0.703446 
36 73 0.532375 
36 74 0.992567 
36 75 0.750956 
36 76 0.45885 
36 77 0.842977 
36 78 0.29258 
36 79 0.207109 
37 38 0.442425 
37 39 0.818847 
37 40 0.393265 
37 41 0.170734 
37 42 0.51857 
37 43 0.286783 
37 44 0.872643 
37 45 0.465602 
37 46 0.624309 
37 47 0.687467 
37 48 0.221352 
37 49 0.256207 
37 50 0.825078 
37 51 0.908588 
37 52 0.417916 
37 53 0.75063 
37 54 0.605624 
37 55 0.256232 
37 56 0.140758 
37 57 0.206619 
37 58 0.845439 
37 59 0.720195 
37 60 0.249935 
37 61 0.168045 
37 62 0.810645 
37 63 0.695837 
37 64 0.342048 
37 65 0.730025 
37 66 0.107446 
37 67 0.864371 
37 68 0.474725 
37 69 0.619262 
37 70 0.267596 
37 71 0.752454 
37 72 0.269228 
37 73 0.501778 
37 74 0.188131 
37 75 0.270813 
37 76 0.452927 
37 77 0.628251 
37 78 0.763113 
37 79 0.866218 
38 39 0.578823 
38 40 0.0881519 
38 41 0.581601 
38 42 0.807553 
38 43 0.392526 
38 44 0.566043 
38 45 0.32126 
38 46 0.206011 
38 47 0.581204 
38 48 0.276384 
38 49 0.218997 
38 50 0.574474 
38 51 0.601172 
38 52 0.0307231 
38 53 0.315426 
38 54 0.633207 
38 55 0.62296 
38 56 0.562057 
38 57 0.28354 
38 58 0.584787 
38 59 0.623252 
38 60 0.198262 
38 61 0.296148 
38 62 0.782782 
38 63 0.899582 
38 64 0.648251 
38 65 0.857432 
38 66 0.335315 
38 67 0.739851 
38 68 0.497855 
38 69 0.754799 
38 70 0.212745 
38 71 0.422904 
38 72 0.187683 
38 73 0.152971 
38 74 0.621225 
38 75 0.534965 
38 76 0.394282 
38 77 0.241193 
38 78 0.69706 
38 79 0.554939 
39 40 0.532643 
39 41 0.853119 
39 42 0.816516 
39 43 0.55307 
39 44 0.135161 
39 45 0.353619 
39 46 0.442636 
39 47 0.227677 
39 48 0.785537 
39 49 0.591875 
39 50 0.0198081 
39 51 0.150228 
39 52 0.603234 
39 53 0.491537 
39 54 0.418255 
39 55 1.06992 
39 56 0.958826 
39 57 0.783874 
39 58 0.0428123 
39 59 0.240082 
39 60 0.689636 
39 61 0.662537 
39 62 0.388669 
39 63 0.75663 
39 64 0.759772 
39 65 0.631883 
39 66 0.749381 
39 67 0.238754 
39 68 0.423247 
39 69 0.592886 
39 70 0.580864 
39 71 0.202278 
39 72 0.603621 
39 73 0.425964 
39 74 0.915881 
39 75 0.682804 
39 76 0.379258 
39 77 0.738137 
39 78 0.300265 
39 79 0.143266 
40 41 0.517223 
40 42 0.722918 
40 43 0.306691 
40 44 0.539418 
40 45 0.241776 
40 46 0.231084 
40 47 0.508573 
40 48 0.268073 
40 49 0.147086 
40 50 0.530977 
40 51 0.575615 
40 52 0.0918666 
40 53 0.358805 
40 54 0.548331 
40 55 0.600328 
40 56 0.523221 
40 57 0.270762 
40 58 0.544351 
40 59 0.550441 
40 60 0.174457 
40 61 0.233209 
40 62 0.704731 
40 63 0.811495 
40 64 0.567262 
40 65 0.770041 
40 66 0.290179 
40 67 0.673771 
40 68 0.411044 
40 69 0.666878 
40 70 0.138338 
40 71 0.400751 
40 72 0.124536 
40 73 0.12182 
40 74 0.562145 
40 75 0.4537 
40 76 0.309499 
40 77 0.329284 
40 78 0.621866 
40 79 0.529673 
41 42 0.370062 
41 43 0.301317 
41 44 0.929357 
41 45 0.515847 
41 46 0.741856 
41 47 0.683544 
41 48 0.390427 
41 49 0.370264 
41 50 0.862945 
41 51 0.963652 
41 52 0.56112 
41 53 0.874037 
41 54 0.558921 
41 55 0.3257 
41 56 0.196766 
41 57 0.375572 
41 58 0.885742 
41 59 0.708915 
41 60 0.403788 
41 61 0.285797 
41 62 0.763828 
41 63 0.567754 
41 64 0.207007 
41 65 0.628844 
41 66 0.26425 
41 67 0.850789 
41 68 0.455056 
41 69 0.525017 
41 70 0.37964 
41 71 0.825956 
41 72 0.395536 
41 73 0.608479 
41 74 0.0639811 
41 75 0.191232 
41 76 0.473868 
41 77 0.786703 
41 78 0.735414 
41 79 0.925187 
42 43 0.416643 
42 44 0.93182 
42 45 0.585413 
42 46 0.900243 
42 47 0.594585 
42 48 0.711077 
42 49 0.595797 
42 50 0.832751 
42 51 0.958712 
42 52 0.798464 
42 53 1.03233 
42 54 0.407994 
42 55 0.689244 
42 56 0.565316 
42 57 0.696874 
42 58 0.857792 
42 59 0.598256 
42 60 0.685507 
42 61 0.546605 
42 62 0.563895 
42 63 0.217197 
42 64 0.178194 
42 65 0.328201 
42 66 0.576949 
42 67 0.710721 
42 68 0.409715 
42 69 0.266155 
42 70 0.599196 
42 71 0.877768 
42 72 0.632367 
42 73 0.763731 
42 74 0.405763 
42 75 0.279929 
42 76 0.502637 
42 77 1.04409 
42 78 0.583053 
42 79 0.933065 
43 44 0.628634 
43 45 0.217225 
43 46 0.492792 
43 47 0.401701 
43 48 0.366858 
43 49 0.192575 
43 50 0.562297 
43 51 0.662659 
43 52 0.38597 
43 53 0.627066 
43 54 0.329929 
43 55 0.542552 
43 56 0.418986 
43 57 0.356251 
43 58 0.584827 
43 59 0.433584 
43 60 0.305366 
43 61 0.183572 
43 62 0.530128 
43 63 0.516564 
43 64 0.270585 
43 65 0.50185 
43 66 0.259736 
43 67 0.577827 
43 68 0.19054 
43 69 0.3909 
43 70 0.192632 
43 71 0.531085 
43 72 0.230011 
43 73 0.354229 
43 74 0.363287 
43 75 0.160598 
43 76 0.174585 
43 77 0.63183 
43 78 0.47723 
43 79 0.624833 
44 45 0.414218 
44 46 0.393579 
44 47 0.356109 
44 48 0.805169 
44 49 0.628238 
44 50 0.115361 
44 51 0.0364846 
44 52 0.594072 
44 53 0.40703 
44 54 0.543646 
44 55 1.11489 
44 56 1.01334 
44 57 0.806003 
44 58 0.0953834 
44 59 0.373016 
44 60 0.709237 
44 61 0.708311 
44 62 0.523559 
44 63 0.885794 
44 64 0.858948 
44 65 0.764579 
44 66 0.791227 
44 67 0.367544 
44 68 0.527467 
44 69 0.720032 
44 70 0.616637 
44 71 0.143685 
44 72 0.632138 
44 73 0.42051 
44 74 0.990138 
44 75 0.772062 
44 76 0.462613 
44 77 0.685015 
44 78 0.435365 
44 79 0.0136865 
45 46 0.327224 
45 47 0.270629 
45 48 0.449837 
45 49 0.246268 
45 50 0.359482 
45 51 0.449087 
45 52 0.332566 
45 53 0.453121 
45 54 0.31737 
45 55 0.716411 
45 56 0.605945 
45 57 0.445543 
45 58 0.379939 
45 59 0.311861 
45 60 0.358042 
45 61 0.309832 
45 62 0.462969 
45 63 0.620235 
45 64 0.471208 
45 65 0.553041 
45 66 0.3974 
45 67 0.443125 
45 68 0.198126 
45 69 0.46034 
45 70 0.236292 
45 71 0.314365 
45 72 0.265836 
45 73 0.20529 
45 74 0.576104 
45 75 0.370797 
45 76 0.088126 
45 77 0.549935 
45 78 0.380913 
45 79 0.409595 
46 47 0.521297 
46 48 0.480747 
46 49 0.373589 
46 50 0.432704 
46 51 0.425605 
46 52 0.236716 
46 53 0.134579 
46 54 0.63266 
46 55 0.824492 
46 56 0.753569 
46 57 0.486827 
46 58 0.43601 
46 59 0.560907 
46 60 0.395879 
46 61 0.462139 
46 62 0.734145 
46 63 0.94744 
46 64 0.763343 
46 65 0.874452 
46 66 0.520981 
46 67 0.647258 
46 68 0.52519 
46 69 0.786358 
46 70 0.363388 
46 71 0.252911 
46 72 0.355235 
46 73 0.138658 
46 74 0.789957 
46 75 0.65193 
46 76 0.415335 
46 77 0.295954 
46 78 0.639788 
46 79 0.380892 
47 48 0.714171 
47 49 0.508243 
47 50 0.245856 
47 51 0.376668 
47 52 0.596733 
47 53 0.615073 
47 54 0.190974 
47 55 0.943667 
47 56 0.820599 
47 57 0.708356 
47 58 0.270362 
47 59 0.0420486 
47 60 0.625572 
47 61 0.555142 
47 62 0.212884 
47 63 0.529864 
47 64 0.55795 
47 65 0.410461 
47 66 0.642329 
47 67 0.178514 
47 68 0.229186 
47 69 0.365257 
47 70 0.49958 
47 71 0.356618 
47 72 0.532555 
47 73 0.441505 
47 74 0.747525 
47 75 0.498612 
47 76 0.239238 
47 77 0.791903 
47 78 0.119035 
47 79 0.360936 
48 49 0.205941 
48 50 0.786476 
48 51 0.841552 
48 52 0.246379 
48 53 0.590337 
48 54 0.690618 
48 55 0.347919 
48 56 0.305127 
48 57 0.0148767 
48 58 0.802252 
48 59 0.753339 
48 60 0.096305 
48 61 0.18397 
48 62 0.880746 
48 63 0.861818 
48 64 0.533448 
48 65 0.865971 
48 66 0.134475 
48 67 0.890763 
48 68 0.545631 
48 69 0.753984 
48 70 0.214704 
48 71 0.668309 
48 72 0.184325 
48 73 0.38985 
48 74 0.408189 
48 75 0.436821 
48 76 0.479185 
48 77 0.416881 
48 78 0.813236 
48 79 0.795925 
49 50 0.594916 
49 51 0.664633 
49 52 0.204925 
49 53 0.504345 
49 54 0.494519 
49 55 0.486913 
49 56 0.393157 
49 57 0.200325 
49 58 0.612783 
49 59 0.547416 
49 60 0.122168 
49 61 0.0892701 
49 62 0.678132 
49 63 0.709057 
49 64 0.431257 
49 65 0.68991 
49 66 0.163565 
49 67 0.685063 
49 68 0.349028 
49 69 0.580469 
49 70 0.0116954 
49 71 0.501173 
49 72 0.0375302 
49 73 0.24607 
49 74 0.416481 
49 75 0.318789 
49 76 0.274057 
49 77 0.448881 
49 78 0.608111 
49 79 0.620618 
50 51 0.131185 
50 52 0.599486 
50 53 0.477326 
50 54 0.436049 
50 55 1.07507 
50 56 0.965337 
50 57 0.785185 
50 58 0.0250407 
50 59 0.259305 
50 60 0.690372 
50 61 0.66723 
50 62 0.408456 
50 63 0.775263 
50 64 0.773252 
50 65 0.651154 
50 66 0.75364 
50 67 0.257395 
50 68 0.437102 
50 69 0.61111 
50 70 0.583779 
50 71 0.18845 
50 72 0.605485 
50 73 0.421961 
50 74 0.925452 
50 75 0.694547 
50 76 0.389221 
50 77 0.728566 
50 78 0.320037 
50 79 0.12349 
51 52 0.629398 
51 53 0.431787 
51 54 0.566159 
51 55 1.15122 
51 56 1.04931 
51 57 0.842429 
51 58 0.107614 
51 59 0.390308 
51 60 0.745648 
51 61 0.744498 
51 62 0.5338 
51 63 0.906344 
51 64 0.889821 
51 65 0.782079 
51 66 0.827566 
51 67 0.371497 
51 68 0.556719 
51 69 0.741782 
51 70 0.653039 
51 71 0.178322 
51 72 0.66862 
51 73 0.45642 
51 74 1.02468 
51 75 0.804546 
51 76 0.495264 
51 77 0.715012 
51 78 0.448545 
51 79 0.0462579 
52 53 0.344489 
52 54 0.640114 
52 55 0.593475 
52 56 0.534951 
52 57 0.253893 
52 58 0.610464 
52 59 0.638733 
52 60 0.17105 
52 61 0.276959 
52 62 0.795409 
52 63 0.897428 
52 64 0.636086 
52 65 0.860242 
52 66 0.310518 
52 67 0.758409 
52 68 0.502087 
52 69 0.75595 
52 70 0.200032 
52 71 0.451278 
52 72 0.171084 
52 73 0.177554 
52 74 0.598846 
52 75 0.523319 
52 76 0.401341 
52 77 0.245997 
52 78 0.711349 
52 79 0.583144 
53 54 0.746448 
53 55 0.937904 
53 56 0.875739 
53 57 0.598294 
53 58 0.473571 
53 59 0.651775 
53 60 0.513083 
53 61 0.591869 
53 62 0.826207 
53 63 1.0709 
53 64 0.89765 
53 65 0.989927 
53 66 0.645326 
53 67 0.717636 
53 68 0.649149 
53 69 0.907114 
53 70 0.494583 
53 71 0.289266 
53 72 0.483227 
53 73 0.273169 
53 74 0.920647 
53 75 0.786429 
53 76 0.540857 
53 77 0.30471 
53 78 0.730306 
53 79 0.393356 
54 55 0.85448 
54 56 0.724079 
54 57 0.681341 
54 58 0.46077 
54 59 0.19036 
54 60 0.61646 
54 61 0.511011 
54 62 0.206491 
54 63 0.344462 
54 64 0.398582 
54 65 0.243625 
54 66 0.589664 
54 67 0.310265 
54 68 0.145572 
54 69 0.176847 
54 70 0.489442 
54 71 0.522296 
54 72 0.527563 
54 73 0.521605 
54 74 0.621373 
54 75 0.367724 
54 76 0.238968 
54 77 0.866691 
54 78 0.18441 
54 79 0.54733 
55 56 0.13252 
55 57 0.33961 
55 58 1.0945 
55 59 0.976132 
55 60 0.428751 
55 61 0.408126 
55 62 1.06073 
55 63 0.892824 
55 64 0.532694 
55 65 0.952225 
55 66 0.32366 
55 67 1.12036 
55 68 0.728617 
55 69 0.845793 
55 70 0.49857 
55 71 0.987379 
55 72 0.487214 
55 73 0.719568 
55 74 0.283518 
55 75 0.498259 
55 76 0.708801 
55 77 0.745356 
55 78 1.01732 
55 79 1.10744 
56 57 0.292737 
56 58 0.98587 
56 59 0.85161 
56 60 0.363949 
56 61 0.306913 
56 62 0.930526 
56 63 0.764385 
56 64 0.403197 
56 65 0.82024 
56 66 0.233326 
56 67 0.995837 
56 68 0.601411 
56 69 0.713422 
56 70 0.404753 
56 71 0.89221 
56 72 0.401719 
56 73 0.636451 
56 74 0.16453 
56 75 0.365795 
56 76 0.589552 
56 77 0.721619 
56 78 0.889811 
56 79 1.00684 
57 58 0.801322 
57 59 0.747233 
57 60 0.0969215 
57 61 0.172876 
57 62 0.872701 
57 63 0.848786 
57 64 0.51915 
57 65 0.854359 
57 66 0.120054 
57 67 0.885375 
57 68 0.536632 
57 69 0.742285 
57 70 0.209586 
57 71 0.670054 
57 72 0.181026 
57 73 0.392561 
57 74 0.393643 
57 75 0.423157 
57 76 0.472394 
57 77 0.42995 
57 78 0.806239 
57 79 0.796948 
58 59 0.282754 
58 60 0.706019 
58 61 0.686449 
58 62 0.428597 
58 63 0.79944 
58 64 0.797792 
58 65 0.674477 
58 66 0.772449 
58 67 0.272895 
58 68 0.461799 
58 69 0.635606 
58 70 0.601546 
58 71 0.186949 
58 72 0.622279 
58 73 0.43297 
58 74 0.948087 
58 75 0.718395 
58 76 0.412286 
58 77 0.73191 
58 78 0.341628 
58 79 0.105036 
59 60 0.665538 
59 61 0.591807 
59 62 0.174483 
59 63 0.518205 
59 64 0.573966 
59 65 0.391853 
59 66 0.678514 
59 67 0.144267 
59 68 0.254024 
59 69 0.357658 
59 70 0.538981 
59 71 0.386966 
59 72 0.572474 
59 73 0.483284 
59 74 0.772837 
59 75 0.521479 
59 76 0.276206 
59 77 0.833384 
59 78 0.0789747 
59 79 0.379147 
60 61 0.138903 
60 62 0.799831 
60 63 0.816951 
60 64 0.512189 
60 65 0.806862 
60 66 0.143007 
60 67 0.800712 
60 68 0.470908 
60 69 0.696224 
60 70 0.128457 
60 71 0.573138 
60 72 0.0930698 
60 73 0.296089 
60 74 0.435134 
60 75 0.405719 
60 76 0.394811 
60 77 0.382934 
60 78 0.728297 
60 79 0.700115 
61 62 0.706456 
61 63 0.682618 
61 64 0.373712 
61 65 0.682119 
61 66 0.0880843 
61 67 0.733636 
61 68 0.367621 
61 69 0.570229 
61 70 0.100293 
61 71 0.585328 
61 72 0.109876 
61 73 0.335291 
61 74 0.328946 
61 75 0.266857 
61 76 0.315915 
61 77 0.511888 
61 78 0.645262 
61 79 0.701369 
62 63 0.425811 
62 64 0.592946 
62 65 0.280798 
62 66 0.788533 
62 67 0.177217 
62 68 0.339911 
62 69 0.298117 
62 70 0.671375 
62 71 0.557399 
62 72 0.707821 
62 73 0.649589 
62 74 0.825663 
62 75 0.572977 
62 76 0.405843 
62 77 1.00114 
62 78 0.0960268 
62 79 0.531933 
63 64 0.36141 
63 65 0.147408 
63 66 0.732876 
63 67 0.596092 
63 68 0.422313 
63 69 0.168383 
63 70 0.709146 
63 71 0.865283 
63 72 0.746538 
63 73 0.821022 
63 74 0.611764 
63 75 0.429349 
63 76 0.53217 
63 77 1.14077 
63 78 0.476421 
63 79 0.890167 
64 65 0.425816 
64 66 0.39913 
64 67 0.706828 
64 68 0.336699 
64 69 0.327314 
64 70 0.436162 
64 71 0.78165 
64 72 0.466461 
64 73 0.624736 
64 74 0.256157 
64 75 0.113564 
64 76 0.40068 
64 77 0.879641 
64 78 0.582763 
64 79 0.857713 
65 66 0.746213 
65 67 0.454433 
65 68 0.360259 
65 69 0.112288 
65 70 0.687567 
65 71 0.760569 
65 72 0.726225 
65 73 0.758308 
65 74 0.681675 
65 75 0.460022 
65 76 0.468392 
65 77 1.09597 
65 78 0.340178 
65 79 0.770259 
66 67 0.820841 
66 68 0.448685 
66 69 0.63393 
66 70 0.175254 
66 71 0.664698 
66 72 0.168537 
66 73 0.403435 
66 74 0.292339 
66 75 0.304986 
66 76 0.403126 
66 77 0.524032 
66 78 0.730239 
66 79 0.783809 
67 68 0.396944 
67 69 0.452608 
67 70 0.676062 
67 71 0.432142 
67 72 0.707978 
67 73 0.592265 
67 74 0.914587 
67 75 0.661867 
67 76 0.417747 
67 77 0.933986 
67 78 0.127757 
67 79 0.377846 
68 69 0.262868 
68 70 0.344123 
68 71 0.46831 
68 72 0.382388 
68 73 0.401311 
68 74 0.519015 
68 75 0.269508 
68 76 0.110408 
68 77 0.735734 
68 78 0.288703 
68 79 0.5275 
69 70 0.578602 
69 71 0.696902 
69 72 0.617132 
69 73 0.664177 
69 74 0.580436 
69 75 0.35034 
69 76 0.373177 
69 77 0.994856 
69 78 0.326796 
69 79 0.723945 
70 71 0.489478 
70 72 0.0387265 
70 73 0.235011 
70 74 0.42657 
70 75 0.32329 
70 76 0.266573 
70 77 0.444969 
70 78 0.600416 
70 79 0.608992 
71 72 0.500884 
71 73 0.280026 
71 74 0.884209 
71 75 0.684657 
71 76 0.38163 
71 77 0.547556 
71 78 0.462067 
71 79 0.132148 
72 73 0.234914 
72 74 0.438447 
72 75 0.354545 
72 76 0.302302 
72 77 0.413193 
72 78 0.635407 
72 79 0.623854 
73 74 0.659024 
73 75 0.513276 
73 76 0.29107 
73 77 0.351649 
73 78 0.559737 
73 79 0.410264 
74 75 0.254102 
74 76 0.536653 
74 77 0.81587 
74 78 0.798753 
74 79 0.985692 
75 76 0.309457 
75 77 0.767613 
75 78 0.544774 
75 79 0.76962 
76 77 0.629263 
76 78 0.334107 
76 79 0.460202 
77 78 0.9106 
77 79 0.671867 
78 79 0.442883 
