CNF 200 100
-61 149 0
-16 68 0
-89 182 0
52 176 0
-193 -124 0
-103 -97 0
-126 5 0
-146 187 0
-115 -47 0
42 134 0
-23 -15 0
-190 98 0
-21 40 0
-136 99 0
-119 -55 0
105 115 0
175 181 0
-16 161 0
-175 79 0
-177 -63 0
-102 99 0
-143 197 0
61 109 0
-175 -97 0
42 71 0
-58 2 0
-137 -91 0
-154 -143 0
-85 41 0
148 179 0
-195 -57 0
81 92 0
-157 74 0
-179 -167 0
-21 47 0
-179 -141 0
15 128 0
-113 -75 0
-108 45 0
51 77 0
-159 119 0
-97 131 0
-97 129 0
28 127 0
-75 -54 0
-188 -123 0
-119 -76 0
-126 60 0
-179 -120 0
50 140 0
-43 -36 0
-153 -121 0
-27 43 0
17 118 0
-56 93 0
68 126 0
167 197 0
-106 24 0
18 78 0
-30 12 0
-70 6 0
-186 -87 0
93 193 0
-170 -106 0
-185 24 0
-195 -8 0
24 25 0
-187 130 0
-199 -140 0
-177 -77 0
-21 -19 0
-137 -76 0
-73 80 0
-199 27 0
-74 23 0
-22 -3 0
-161 20 0
-196 -108 0
-137 -78 0
-74 75 0
133 154 0
132 137 0
10 38 0
-67 -11 0
-86 -58 0
-167 -117 0
-104 -15 0
-54 41 0
-186 155 0
-92 60 0
-88 -49 0
-154 -85 0
-91 142 0
9 128 0
-103 94 0
-108 -18 0
-172 158 0
-183 17 0
-132 -22 0
-55 -16 0
