CNF 200 50
-111 60 0
18 50 0
6 184 0
-123 31 0
107 175 0
-99 153 0
-184 199 0
20 178 0
33 79 0
-126 82 0
-83 -35 0
-52 110 0
-158 -53 0
103 104 0
-144 -54 0
14 163 0
-198 -82 0
-178 7 0
-40 165 0
-70 -43 0
-74 168 0
-48 71 0
185 192 0
-150 -127 0
-8 140 0
-117 24 0
15 63 0
-167 84 0
128 134 0
-175 192 0
-128 88 0
-166 170 0
-61 103 0
-127 49 0
63 68 0
-186 111 0
-190 185 0
-176 8 0
-47 105 0
-57 -27 0
-180 111 0
178 180 0
-31 197 0
-192 94 0
-181 -128 0
-81 188 0
-137 -39 0
-134 47 0
17 65 0
-27 146 0
