CNF 200 200
-145 181 0
-174 -143 0
-18 38 0
95 158 0
-65 73 0
-145 118 0
66 186 0
-87 -15 0
-147 -61 0
-189 34 0
-6 96 0
54 164 0
-189 -56 0
-166 -126 0
32 72 0
-130 87 0
4 191 0
-192 -105 0
-152 -13 0
72 128 0
127 140 0
-106 2 0
74 157 0
-161 39 0
117 169 0
-154 -73 0
-118 161 0
-32 159 0
-98 17 0
-179 -170 0
136 200 0
-154 113 0
-74 61 0
-96 167 0
-56 -55 0
-98 -13 0
-66 -62 0
-192 60 0
-191 59 0
-96 157 0
18 39 0
-134 142 0
-148 52 0
-80 149 0
-191 141 0
-133 -50 0
-76 -15 0
171 182 0
-159 -20 0
46 100 0
-178 97 0
57 134 0
113 124 0
-198 196 0
-16 -10 0
135 149 0
-93 -51 0
70 96 0
55 199 0
-140 -53 0
117 142 0
-125 89 0
-141 -85 0
-171 -158 0
-33 -8 0
-102 198 0
-89 -60 0
-168 62 0
-1 75 0
-199 165 0
-181 -106 0
66 185 0
-144 1 0
-150 -4 0
-15 151 0
-140 12 0
-167 142 0
-107 -93 0
-53 164 0
-13 37 0
-13 78 0
-185 33 0
-87 83 0
-125 174 0
-104 19 0
-162 -56 0
-108 50 0
62 81 0
-110 -60 0
-196 -91 0
-73 125 0
-197 147 0
-11 -2 0
-19 164 0
13 193 0
-25 106 0
-165 141 0
-183 -121 0
-193 -127 0
25 146 0
108 136 0
-130 51 0
74 129 0
-186 42 0
-135 -115 0
-57 35 0
-180 135 0
125 179 0
-131 66 0
-60 113 0
-193 -75 0
-22 116 0
-143 -137 0
-151 94 0
-73 -69 0
34 199 0
-193 164 0
15 105 0
89 147 0
60 120 0
-76 154 0
-169 128 0
-86 148 0
-71 176 0
-169 45 0
-172 11 0
-70 5 0
-115 -64 0
23 190 0
-150 115 0
146 152 0
-74 154 0
119 198 0
-90 44 0
-16 48 0
95 130 0
-117 160 0
74 187 0
-84 -59 0
110 165 0
-120 28 0
-131 163 0
-77 98 0
-161 172 0
-135 120 0
-123 73 0
-73 134 0
-182 -119 0
-132 190 0
-15 55 0
-42 131 0
-93 2 0
-151 180 0
25 139 0
-163 177 0
47 66 0
-149 -132 0
-3 138 0
-69 44 0
-114 -15 0
-134 117 0
-24 56 0
-153 184 0
-170 -136 0
-67 155 0
-109 -59 0
-96 -80 0
-62 170 0
-55 180 0
-35 121 0
-143 -25 0
-78 167 0
-73 97 0
-108 25 0
-73 138 0
-167 107 0
-146 86 0
4 6 0
-146 5 0
40 171 0
-72 137 0
-49 14 0
64 103 0
-173 30 0
-64 -58 0
-67 -65 0
-21 -20 0
12 113 0
-114 136 0
28 79 0
-14 91 0
16 138 0
79 113 0
-129 6 0
-178 -104 0
16 29 0
-182 -142 0
-161 47 0
-48 12 0
23 63 0
