CNF 100 200
-28 90 0
-96 81 0
-65 -41 0
13 16 0
-96 65 0
-17 -2 0
-58 -6 0
-76 -6 0
27 47 0
-23 14 0
-68 -30 0
45 83 0
9 49 0
-99 50 0
-51 56 0
8 87 0
-14 82 0
86 95 0
-82 5 0
-78 -15 0
34 63 0
-32 89 0
-15 91 0
-56 54 0
-89 40 0
-55 78 0
-28 36 0
-89 43 0
-22 71 0
-11 91 0
-15 57 0
-22 6 0
-46 -33 0
-87 3 0
-76 31 0
-47 64 0
-17 -1 0
35 91 0
-49 83 0
-89 88 0
-25 73 0
-79 15 0
-42 77 0
-75 -66 0
-89 -18 0
-53 23 0
20 35 0
-76 -60 0
52 69 0
-81 -35 0
-27 9 0
-44 84 0
72 97 0
-81 49 0
-63 100 0
-38 19 0
-71 39 0
-13 -6 0
-13 43 0
-96 -89 0
-42 17 0
-72 9 0
-59 80 0
-53 54 0
-75 18 0
-96 23 0
8 12 0
-38 -7 0
-79 -74 0
-70 -45 0
73 81 0
18 78 0
-95 -87 0
-68 91 0
-79 14 0
-86 -51 0
-81 -11 0
-2 32 0
-56 13 0
-49 -30 0
-43 -27 0
-2 46 0
36 67 0
-73 22 0
-54 -21 0
-24 -4 0
-56 36 0
-4 32 0
-58 -14 0
-69 15 0
41 56 0
-62 52 0
-72 -2 0
-9 77 0
-64 -28 0
-17 59 0
30 99 0
-67 99 0
-78 91 0
29 62 0
63 91 0
-99 -11 0
-90 -35 0
-97 52 0
-95 -42 0
-57 40 0
-34 63 0
10 14 0
-44 1 0
-91 10 0
-93 -91 0
-34 25 0
-95 98 0
-95 -77 0
57 64 0
-25 -11 0
-6 10 0
-68 53 0
-48 -12 0
-60 -33 0
-55 54 0
-30 48 0
-93 -10 0
-20 38 0
-72 -47 0
-91 54 0
-1 2 0
62 83 0
-77 36 0
-43 6 0
-52 67 0
-4 12 0
-97 -83 0
-50 98 0
-17 51 0
-100 -50 0
26 81 0
11 23 0
-4 77 0
-49 15 0
34 97 0
-83 52 0
-69 82 0
-79 32 0
-59 27 0
-29 38 0
-33 7 0
8 27 0
12 25 0
76 97 0
-30 -26 0
-57 21 0
65 99 0
58 94 0
-47 16 0
-25 27 0
-51 -28 0
-76 10 0
88 89 0
-91 61 0
-9 55 0
-18 48 0
46 57 0
-35 86 0
13 89 0
-98 -89 0
-77 66 0
38 56 0
94 98 0
-42 93 0
-60 -50 0
15 46 0
3 89 0
-29 98 0
16 63 0
-93 -5 0
38 44 0
-38 -22 0
-25 33 0
-96 91 0
-93 -36 0
42 81 0
-48 -19 0
-55 -12 0
-28 51 0
-49 1 0
-1 26 0
-6 48 0
-50 5 0
73 85 0
18 91 0
-24 42 0
-69 -37 0
37 43 0
43 68 0
-25 38 0
28 42 0
-52 -9 0
-78 49 0
-54 -42 0
