CNF 50 200
-43 8 0
11 19 0
5 7 0
7 50 0
35 45 0
-35 -24 0
31 33 0
-46 19 0
-17 48 0
-27 -11 0
-41 33 0
-40 25 0
-45 9 0
-4 32 0
-36 -30 0
-27 32 0
-30 48 0
7 26 0
-47 29 0
-1 6 0
-48 44 0
-50 11 0
-42 -10 0
-42 10 0
9 44 0
-50 -21 0
-48 49 0
-48 9 0
-17 -4 0
-29 18 0
-32 -30 0
-43 -4 0
8 47 0
28 34 0
-31 30 0
-5 40 0
4 23 0
23 37 0
-19 14 0
-18 17 0
1 25 0
-35 8 0
-37 -17 0
-26 23 0
-31 19 0
-8 21 0
30 34 0
1 48 0
4 28 0
-37 11 0
-29 -5 0
-26 32 0
45 47 0
-22 -15 0
-18 4 0
19 20 0
-49 -3 0
-18 -15 0
-22 -12 0
-44 37 0
36 40 0
7 18 0
8 36 0
-38 -27 0
-42 -39 0
-6 19 0
-50 32 0
-4 45 0
-43 -39 0
-45 -12 0
4 22 0
-32 9 0
-18 20 0
-13 38 0
12 44 0
-49 -46 0
30 40 0
-44 26 0
6 17 0
-37 17 0
-40 36 0
4 46 0
-35 41 0
16 31 0
-13 47 0
-27 8 0
9 32 0
27 31 0
-22 15 0
-30 12 0
16 17 0
21 34 0
-44 -34 0
-22 -2 0
-12 20 0
-2 -1 0
-50 38 0
-41 -34 0
27 34 0
-21 -3 0
21 25 0
-44 -25 0
-22 49 0
24 39 0
-38 2 0
-16 35 0
-31 50 0
1 43 0
-19 24 0
-32 50 0
-45 -5 0
-33 21 0
-23 24 0
-41 23 0
-47 35 0
1 47 0
-13 43 0
-41 -24 0
9 24 0
-2 44 0
31 48 0
-5 9 0
-17 32 0
7 32 0
-42 -30 0
19 23 0
-38 49 0
-46 -23 0
-14 8 0
-33 44 0
-20 -2 0
26 36 0
-6 -5 0
32 42 0
-44 6 0
-16 -3 0
-35 45 0
-36 -27 0
-26 13 0
19 21 0
-8 37 0
-2 5 0
-9 -8 0
-11 26 0
-22 26 0
-26 2 0
-9 40 0
-28 -12 0
1 27 0
-33 48 0
-46 -7 0
23 39 0
-33 -16 0
-33 8 0
28 43 0
-42 50 0
-26 50 0
6 48 0
-14 3 0
4 42 0
-24 21 0
-39 -5 0
-19 40 0
-29 39 0
-45 -28 0
2 24 0
-37 8 0
1 18 0
-40 22 0
-38 19 0
-12 24 0
-20 6 0
-48 -16 0
27 42 0
-39 49 0
10 28 0
-44 48 0
18 31 0
-48 -42 0
-18 -7 0
-31 -22 0
22 28 0
-50 -16 0
29 34 0
-47 -29 0
-26 14 0
-19 41 0
25 49 0
-47 -4 0
-5 46 0
-25 38 0
21 49 0
-25 32 0
18 49 0
-6 18 0
-39 30 0
-35 -32 0
1 37 0
-25 15 0
-21 -13 0
