CNF 50 100
3 23 0
-35 -14 0
-18 23 0
-45 -44 0
-45 -42 0
-39 14 0
-6 18 0
-21 13 0
-36 -29 0
-7 13 0
-31 20 0
-34 -14 0
-49 28 0
-15 23 0
-31 4 0
-18 15 0
30 43 0
-38 48 0
-48 17 0
-39 -32 0
-29 -20 0
-44 -30 0
-29 19 0
-23 8 0
-37 30 0
-44 25 0
-37 28 0
-18 5 0
3 34 0
-10 42 0
-39 7 0
18 36 0
-37 -10 0
-34 -5 0
-12 11 0
-21 -15 0
-22 -6 0
-5 13 0
-43 4 0
14 39 0
-50 48 0
-43 -4 0
5 28 0
28 49 0
-40 50 0
-44 -27 0
-30 39 0
-16 2 0
-23 -16 0
17 35 0
-12 35 0
-32 12 0
-38 -24 0
-16 -15 0
3 5 0
23 37 0
10 48 0
-34 45 0
-43 -29 0
-26 27 0
13 35 0
25 50 0
-42 31 0
-28 21 0
-21 50 0
-44 -17 0
-19 10 0
25 39 0
-6 29 0
-5 18 0
-17 29 0
9 14 0
-27 30 0
-30 -29 0
-44 47 0
-26 32 0
-5 -1 0
-35 18 0
4 30 0
-23 45 0
1 27 0
6 28 0
-45 -24 0
17 22 0
-19 17 0
-5 43 0
-34 -25 0
-8 45 0
-22 16 0
9 43 0
-13 -5 0
22 29 0
-32 42 0
-16 6 0
-29 -6 0
15 44 0
-22 32 0
2 23 0
-48 -1 0
-48 43 0
