CNF 100 100
-1 37 0
13 53 0
15 24 0
-54 11 0
-29 39 0
5 10 0
4 84 0
-1 28 0
-12 64 0
-76 -10 0
-64 77 0
-26 18 0
42 57 0
15 98 0
-98 -57 0
-84 66 0
29 66 0
76 78 0
-50 -42 0
-68 96 0
-15 89 0
-81 -8 0
-16 -6 0
-36 -23 0
1 66 0
-44 -15 0
-15 65 0
-10 28 0
51 94 0
11 26 0
-84 -83 0
-25 71 0
-16 91 0
-83 82 0
48 76 0
-3 40 0
42 94 0
25 72 0
-61 -6 0
21 82 0
-89 -5 0
-82 -38 0
54 58 0
53 93 0
-98 81 0
-57 -19 0
-37 24 0
-53 -9 0
-9 37 0
-19 91 0
-28 44 0
32 50 0
-82 15 0
-24 33 0
-12 10 0
-92 -15 0
-92 -29 0
34 55 0
-34 68 0
-94 -70 0
-8 96 0
-72 -4 0
-13 -11 0
2 28 0
71 74 0
-80 -9 0
6 29 0
-76 51 0
-45 24 0
-1 48 0
-11 88 0
-92 67 0
17 77 0
81 86 0
-86 90 0
14 17 0
-100 10 0
-15 100 0
-54 59 0
2 18 0
-3 95 0
-24 83 0
59 65 0
-5 24 0
-7 4 0
10 73 0
-89 -20 0
6 56 0
-58 -10 0
27 34 0
-37 -23 0
-28 4 0
62 87 0
-49 53 0
-41 -11 0
-86 66 0
-96 -81 0
35 59 0
9 57 0
-64 -5 0
