CNF 50 100
6 25 0
-18 6 32 37 0
-24 0
14 0
-31 -15 -5 3 4 28 34 0
-42 -41 -21 7 8 13 14 0
-29 -27 -25 13 0
-41 -29 -15 26 0
-40 -32 -28 -26 -21 -17 -6 7 37 0
-30 0
-10 -7 -3 28 31 44 49 0
-40 -18 0
-47 -23 27 0
-38 -36 -14 2 16 24 34 41 0
-49 -26 -19 -18 -14 -12 -5 1 16 17 24 25 0
-49 -35 -31 -27 -6 10 23 32 45 0
-32 -18 -14 -8 -2 -1 3 17 42 44 0
-41 -27 -26 -18 -8 34 38 43 45 0
-49 -23 -11 -9 26 48 0
16 0
-42 -41 -29 -14 -12 -6 28 34 45 0
-46 -31 3 21 0
-34 -31 -20 -14 -4 16 19 26 48 0
-47 -5 2 27 29 0
-38 -5 2 3 6 30 0
39 0
17 33 0
-49 -38 -6 -1 11 16 21 40 42 0
-44 -39 -25 -12 27 34 46 0
-38 -20 -18 8 25 29 0
-30 -17 -10 7 12 21 29 37 0
13 18 20 0
-38 -34 -23 4 6 11 16 26 40 0
-42 -28 -27 -21 -14 -12 -6 9 32 36 38 41 0
-48 -39 -25 1 26 28 35 37 0
-48 -47 -42 -41 -39 -7 5 12 27 46 0
-49 -47 -40 -34 -3 5 8 28 41 0
-36 18 20 38 0
-46 -40 -37 -32 -27 -7 -2 16 41 0
-14 -13 10 21 29 48 50 0
-45 -42 -30 -6 31 35 0
-43 -38 -34 -11 3 12 30 32 44 45 0
-41 4 5 18 22 24 34 0
-22 -12 9 16 0
-48 -39 -29 -6 -2 4 18 25 0
30 0
-44 -42 -32 -25 -21 -17 -10 -2 15 20 24 35 0
-50 -44 -19 -9 -3 22 26 0
-49 -37 -33 0
-34 -15 16 25 40 0
-39 -20 -3 6 12 28 37 43 49 0
-48 -23 0
-45 -38 -33 -31 -4 20 22 34 42 0
-28 0
-13 -1 14 34 40 0
-36 -29 -20 3 5 17 49 0
-33 -31 -15 26 36 42 0
-29 -21 -16 -4 -1 5 11 14 31 35 39 41 0
-22 -6 24 0
-45 -31 -28 8 38 0
-44 -42 -40 -8 -6 -1 24 27 39 0
-30 14 32 0
-37 0
-34 -26 -23 -15 8 27 29 35 40 41 43 0
-9 0
-39 -9 4 12 15 26 33 36 50 0
-47 -1 4 6 29 38 0
31 0
-33 -31 -7 -5 2 6 24 25 34 35 38 0
-48 -31 -29 -26 -9 21 30 34 41 0
-24 -20 19 41 0
-44 -43 -42 -41 -35 -6 -3 5 26 33 0
8 0
-32 -5 -1 0
-45 -38 -12 -5 20 28 0
-47 -23 -13 4 21 25 27 49 0
-29 41 0
-46 -43 -25 -18 -10 13 27 0
5 0
40 45 0
-5 2 4 10 19 24 27 30 33 0
-46 -45 -16 -4 -2 25 40 49 0
-24 -23 -17 36 44 0
-34 -25 19 46 0
-46 -42 -35 -30 -23 -20 -15 -6 11 28 33 48 0
-46 -34 -6 1 0
-44 -40 -29 -13 -1 22 24 42 46 0
-47 -33 -25 -20 9 28 35 38 0
-38 4 8 10 23 35 40 49 50 0
-39 -26 12 40 43 0
-4 1 12 46 50 0
-27 6 22 0
-41 -26 -21 -9 -1 30 0
-48 -40 -29 -25 -22 -19 -6 -1 3 13 34 0
-45 -39 -32 -21 -13 -3 25 28 43 0
-49 -39 -29 -15 -9 -1 19 45 48 0
-16 6 9 14 24 26 34 47 49 50 0
-46 -7 -6 16 17 0
-42 -40 -7 -2 1 5 16 21 35 38 0
-44 -20 -18 -15 -12 -6 -2 19 31 37 0
