CNF 200 50
-174 -156 -144 -139 -112 -102 -95 -65 -51 -40 -11 12 16 17 30 83 100 120 124 154 157 168 0
-190 -186 -181 -178 -176 -172 -169 -165 -151 -148 -133 -132 -112 -108 -94 -90 -81 -78 -76 -70 -64 -62 -48 -41 -39 -33 -26 -22 -21 -12 -8 -3 11 17 23 32 91 102 103 107 119 140 149 152 164 187 196 0
-195 -174 -123 -118 -112 -108 -97 -88 -80 -78 -73 -63 -57 -55 -44 -40 -33 -28 -26 -25 -19 -9 -3 2 12 17 34 42 46 51 52 53 54 90 92 139 156 157 160 162 191 199 0
170 172 0
-198 -192 -180 -173 -157 -156 -145 -139 -134 -116 -106 -100 -99 -92 -89 -69 -48 -44 -37 -27 -26 -14 4 11 15 21 25 29 32 42 52 62 74 79 84 115 127 130 133 141 155 159 166 172 177 181 184 0
-183 -140 -125 -106 -93 -66 -8 33 50 130 150 0
-180 -159 -146 -145 -142 -139 -106 -103 -83 -81 -65 -59 -57 -55 -37 -34 -25 -21 -14 -13 -4 -3 33 47 49 53 54 99 107 120 124 127 128 133 137 143 144 148 152 154 155 157 188 195 0
-30 -28 8 24 45 50 0
-143 -139 -132 -126 -99 -98 -96 -93 -90 -81 -79 -73 -71 -68 -57 -54 -51 -47 -44 -35 -5 -3 1 2 25 28 42 49 58 69 80 114 127 129 130 136 137 146 154 161 166 167 171 184 197 200 0
-180 -175 -171 -151 -142 -100 -51 -43 -42 -41 -20 24 36 56 73 93 118 128 156 157 158 170 182 191 197 0
-182 -176 -173 -146 -135 -115 -114 -96 -40 -17 28 48 60 85 101 106 167 0
-192 -186 -181 -180 -177 -174 -160 -159 -148 -144 -138 -134 -132 -119 -117 -109 -100 -99 -69 -64 -56 -54 -50 -47 -39 -32 -31 -15 7 11 13 16 18 20 37 41 53 71 85 87 88 120 121 139 147 151 158 182 0
-200 -181 -161 -143 -132 -113 -99 -95 -88 13 50 78 82 191 0
-192 -181 -178 -173 -149 -146 -145 -144 -141 -134 -126 -100 -99 -87 -86 -80 -79 -78 -61 -56 -52 -51 -28 -15 -12 11 23 45 50 68 77 82 84 95 96 107 110 114 125 136 138 142 182 189 193 0
-194 -192 -183 -165 -163 -161 -153 -100 -62 -59 -56 -46 -45 -30 -16 -12 3 8 27 28 38 39 51 78 111 141 176 198 0
-167 -156 -128 -95 -91 -83 -65 -53 -49 -45 -42 -32 -17 -16 2 6 28 54 56 60 63 72 82 131 147 158 169 0
-188 -186 -184 -182 -174 -143 -132 -129 -98 -96 -93 -62 -49 -30 -25 -23 6 8 24 28 60 97 115 144 151 156 168 180 181 196 197 0
-194 -192 -178 -177 -170 -162 -152 -150 -149 -146 -133 -76 -73 -67 -65 -62 -53 -47 -29 -15 -8 5 19 23 28 43 52 59 61 97 102 105 116 123 125 135 141 155 163 171 181 196 0
-176 -164 -112 -106 -104 5 22 67 93 98 145 155 166 177 0
-168 -161 -148 -120 -94 -88 -82 -64 -58 -43 -29 -27 -16 11 12 13 20 21 32 50 71 76 93 134 138 146 163 167 178 196 0
-199 -198 -191 -124 -99 -93 -64 -61 -58 -45 -33 -15 -7 14 25 43 47 74 96 113 121 159 0
-198 -197 -191 -188 -181 -169 -147 -145 -142 -137 -118 -114 -108 -107 -93 -90 -83 -80 -73 -71 -62 -50 -15 6 12 28 43 59 67 95 113 139 154 158 166 185 187 0
-190 -189 -186 -183 -182 -154 -149 -148 -144 -130 -107 -93 -87 -82 -81 -75 -69 -27 -25 -20 -8 6 19 32 35 36 42 44 46 56 74 80 83 108 109 121 137 138 166 173 177 178 193 194 0
-159 -151 -148 -140 -133 -129 -128 -119 -108 -107 -104 -87 -65 -53 -35 -33 18 28 32 44 51 52 79 95 120 0
-176 -164 -163 -161 -160 -159 -149 -134 -113 -112 -111 -99 -93 -79 -68 -58 -47 -40 -38 -36 -35 -26 -23 -20 -13 5 6 10 22 32 33 42 50 60 67 81 87 96 97 120 132 136 150 153 173 195 197 0
-193 -174 -149 -124 -120 -104 -101 -80 -78 -67 -49 -46 -39 -27 -26 -24 -20 -19 -16 1 8 17 36 53 55 72 95 115 122 145 146 154 178 0
-184 -177 -166 -160 -131 -130 -109 -95 -94 -86 -46 -45 -35 -24 -11 -7 2 6 9 13 21 25 28 31 41 44 47 65 67 71 82 85 99 101 107 119 127 129 154 157 159 163 170 187 189 190 200 0
-200 -185 -107 -97 -81 41 47 108 184 0
-183 -182 -163 -155 -152 -148 -128 -124 -121 -117 -110 -88 -59 -34 -27 -20 -19 -3 38 44 54 78 82 94 97 105 111 129 141 142 143 156 165 171 174 184 185 0
-181 -175 -115 -97 -92 -85 -84 -26 -1 8 42 66 121 127 146 147 160 172 0
-193 -189 -186 -181 -174 -170 -148 -142 -126 -125 -103 -61 -45 -40 17 26 27 30 55 94 99 106 123 128 137 153 158 171 199 0
-154 -60 -31 -17 191 0
-187 -174 -162 -161 -153 -139 -134 -125 -106 -93 -90 -86 -75 -66 -62 -39 -22 -18 -11 -2 3 6 24 29 33 34 50 51 52 67 78 97 100 109 111 121 126 129 130 145 168 172 176 183 184 188 0
-179 -174 -158 -153 -152 -123 -120 -109 -95 -82 -69 -68 -63 -44 -36 -26 -12 -11 -5 15 27 31 34 41 46 48 49 55 83 88 89 90 96 100 103 106 119 124 134 150 166 181 0
-184 -95 42 132 0
-157 -134 7 11 60 148 0
-195 -191 -190 -151 -144 -140 -131 -118 -105 -103 -88 -78 -76 -67 -63 -40 -37 -36 -31 -24 -20 -17 -9 -7 10 21 44 52 53 54 59 60 80 87 90 101 145 153 155 172 174 176 182 189 0
-187 -167 -159 -153 -150 -142 -140 -136 -124 -102 -93 -79 -76 -69 -48 -38 -30 -25 -24 4 18 50 66 72 80 90 97 121 129 137 138 155 166 172 198 200 0
-158 -84 -64 109 132 0
-186 -180 -175 -168 -161 -155 -152 -145 -141 -134 -127 -126 -124 -102 -93 -88 -73 -34 -6 -4 13 28 31 32 38 49 61 87 90 95 106 117 118 121 129 159 166 171 192 195 196 0
-186 -178 -175 -160 -95 -64 -43 -37 -28 -2 1 6 14 71 87 113 117 120 127 137 138 139 0
-195 -181 -166 -145 -141 -126 -124 -112 -105 -74 -71 -48 -37 -33 -30 44 58 59 60 109 121 138 154 155 180 194 0
-198 -188 -177 -165 -148 -144 -142 -136 -124 -106 -93 -85 -58 -45 -34 -30 -12 17 31 37 50 51 56 63 67 74 86 96 99 109 123 127 135 137 143 146 147 152 155 170 171 173 178 192 200 0
-154 -117 -95 -7 4 105 0
-161 -131 -84 -62 -41 -28 -25 67 81 90 126 191 0
-182 -181 -178 -143 -124 -112 -91 -81 -63 -50 -34 -26 -20 -12 1 3 19 45 62 67 75 79 86 87 88 104 105 114 121 135 150 151 160 163 190 0
-200 -182 -162 -140 -115 -113 -105 -103 -89 -72 -50 1 59 65 71 73 77 82 111 120 146 147 181 184 0
-197 -187 -177 -175 -163 -161 -159 -151 -145 -142 -109 -88 -71 -63 -62 -52 -47 -40 -33 -28 -26 -23 -22 -3 -2 5 32 46 68 69 78 79 85 86 100 103 118 140 147 165 167 183 184 0
-191 -186 -185 -170 -156 -142 -126 -108 -101 -97 -46 -45 -44 -42 -34 -33 -27 -17 -14 6 19 22 35 37 40 43 48 49 55 63 81 88 92 107 109 110 116 132 139 174 193 200 0
-63 -35 -20 23 100 0
