CNF 50 50
11 39 47 0
2 30 32 0
-50 -45 -29 -25 -16 -11 -8 21 23 31 0
-43 -26 -21 -19 40 0
-45 39 0
-34 -31 -9 7 15 18 21 26 32 40 45 46 0
-43 -39 -28 -12 -1 7 9 10 30 38 0
-35 -24 -21 -18 14 16 0
-24 -14 -6 25 33 0
-42 6 0
-16 -6 26 40 50 0
-18 -2 22 48 0
-46 -45 -40 -33 -18 -14 -2 21 24 32 36 37 0
-40 -31 -24 4 5 0
3 7 0
-43 -41 -31 -8 -4 26 39 0
-10 19 41 0
-12 0
-50 -40 -32 -23 7 20 45 0
-41 -35 -30 -20 -17 -2 5 13 31 33 0
16 0
-15 5 28 30 31 43 48 49 0
-39 -21 -4 0
-30 -23 -17 -1 2 9 15 22 28 50 0
-30 0
-41 -28 -8 -1 3 5 20 0
10 0
-35 -29 -11 -3 1 2 6 8 19 22 28 41 0
-44 -20 -6 -3 -2 10 18 21 34 42 0
-50 -44 -32 -26 -16 -9 -4 3 23 24 39 0
-38 -34 -20 -14 -6 8 10 16 18 33 39 43 0
-43 27 33 35 0
2 3 39 0
-37 -11 -6 -4 8 10 16 30 42 49 50 0
-49 -48 2 15 0
-35 -32 -12 -2 18 33 40 0
13 0
-19 -17 -7 -3 9 18 24 50 0
-50 -48 -31 -26 -20 -9 1 12 21 22 0
-43 -40 -35 -20 -16 33 36 0
-24 -22 0
-50 -22 -19 1 7 20 32 39 44 48 0
-50 -43 -27 -6 21 23 28 33 34 35 41 48 0
-45 -44 -42 -34 -17 -14 -8 1 25 40 0
-49 -47 -28 -17 -8 3 5 7 10 25 30 35 0
-42 -31 -12 -2 1 3 5 10 26 33 44 0
-37 -36 -25 -11 -7 38 39 0
-43 -41 -34 -29 -21 -16 -11 -2 1 6 14 40 0
-49 -47 -33 -6 -4 5 0
-46 -27 -24 -17 -13 -9 -6 5 10 20 35 38 0
