CNF 100 100
-84 -67 -62 -16 -9 3 11 17 45 51 55 61 66 0
-95 -72 -70 -57 -39 -32 -31 -27 -12 22 73 77 0
-67 -29 69 0
-98 -93 -91 -79 -78 -73 -53 -48 -47 -22 -19 -17 -7 1 3 9 20 23 26 35 37 45 49 50 54 0
-48 -37 -18 25 84 90 0
-93 -90 -83 -80 -79 -53 -43 -28 -19 -18 -16 -13 -10 2 17 22 33 34 48 54 56 67 78 94 96 0
-30 68 83 0
-100 -86 -39 -38 -6 -4 2 20 21 51 53 58 0
-66 -55 4 8 65 85 0
-53 -52 -47 -41 -6 26 44 49 74 78 81 0
-99 -90 -88 -78 -67 -64 -61 -35 -29 -8 11 27 54 63 66 68 79 82 92 0
-5 0
-96 -30 -9 11 0
-54 -25 76 0
-75 -36 -3 11 13 14 15 17 29 51 59 67 71 0
-89 -86 -83 -65 -63 -49 -28 -16 -14 -12 2 21 27 39 43 61 72 80 90 93 95 96 0
-80 -63 -6 35 57 75 95 0
-73 -71 -65 -60 -49 -46 -40 -38 -36 -34 -21 -18 -15 -14 -4 -2 27 29 58 63 67 72 91 92 0
-79 -75 -51 -28 -27 -18 15 25 47 64 97 100 0
-84 -73 -72 -51 -30 -20 1 10 23 25 50 70 74 82 87 0
-85 -78 -76 -75 -50 -18 -9 20 28 29 46 55 80 84 99 0
-90 -81 5 7 84 99 0
-99 -86 -80 -67 -56 -36 -31 -19 -11 -6 18 22 41 47 58 63 68 72 79 0
-72 -40 -39 -15 -6 8 17 70 93 97 0
-72 -69 -66 -57 -55 -48 -47 7 23 25 38 43 76 86 0
21 0
-85 -83 -78 -58 -46 -38 -26 -25 -18 -12 -10 -5 15 39 51 54 56 65 66 84 94 0
-71 -70 -64 -62 -53 -34 -6 11 16 44 60 94 0
-31 -18 4 43 48 60 76 0
-39 -18 -17 -10 -8 44 49 95 0
-98 -80 -77 -57 -44 -43 -33 -19 -11 -5 -1 15 27 32 37 48 50 53 60 63 65 76 0
-99 -98 -83 -77 -47 -14 81 87 0
-98 -85 -74 -60 -58 -57 -53 -29 -24 -8 21 40 46 48 49 62 76 78 81 86 94 95 96 97 99 0
-68 -54 -35 -18 -17 5 27 49 55 84 89 98 0
-87 93 0
-91 -84 -82 -63 -57 -53 -40 -32 -31 -11 22 35 41 80 0
-92 -82 -78 -75 -59 -57 -55 -42 -40 -34 -31 -13 -6 -2 16 29 30 36 38 46 48 58 61 97 99 0
-77 -76 -74 -61 -56 -24 -19 -14 -11 4 10 12 18 29 36 41 42 81 83 92 97 100 0
-87 -86 -84 -79 -77 -76 -61 -59 -56 -50 -44 -15 -14 -3 8 12 26 34 66 68 74 85 89 0
-69 -40 -25 13 16 38 39 65 75 84 99 0
-98 -74 -73 -60 -50 -28 -11 22 36 38 40 58 61 62 63 85 87 94 0
-90 -48 -39 24 34 35 0
-87 -72 -69 -67 -62 -61 -56 -51 -46 -39 -25 -2 15 50 58 77 78 84 0
41 0
-44 -3 -1 0
-93 -64 -56 -37 -2 20 22 23 26 39 44 47 49 51 71 80 84 85 91 0
-83 -59 -51 -33 -31 -7 14 27 36 56 61 88 96 0
-97 -83 -75 -70 -57 -52 -47 -40 -39 -37 -31 -25 -21 -20 -4 -1 33 49 62 64 67 79 81 82 0
-92 -89 -86 -80 -38 -19 22 25 28 33 51 58 68 71 77 87 98 0
-100 -95 -63 -59 -47 -30 -24 -23 -19 -15 2 6 14 16 18 27 31 38 53 55 69 93 0
-25 0
-82 0
-86 43 49 90 100 0
-88 -38 -35 -33 59 99 0
-95 -91 -90 -88 -85 -81 -79 -61 -40 -28 -16 -8 14 15 27 30 35 45 50 54 60 68 86 0
-69 -53 -40 5 14 48 61 0
90 98 0
-97 -90 -84 -81 -78 -59 -31 -30 -27 -12 -8 13 17 18 37 51 60 64 79 91 0
-92 -91 -85 -84 -53 -48 -20 -9 -7 26 42 0
-90 -62 -29 -13 -4 -1 9 40 55 68 81 87 0
5 8 50 0
-99 -83 -66 -63 -60 -47 -14 -9 -7 -4 16 18 19 21 26 34 50 86 87 92 0
-78 -72 -64 -51 -48 -38 -30 -29 -25 -13 -8 -7 17 18 44 49 65 67 77 92 99 0
-67 -42 -39 -29 41 70 86 0
-98 -84 -79 -54 -53 -52 -24 7 17 45 48 59 75 76 86 93 97 0
-63 5 90 0
-95 -85 -76 -57 -52 -51 -49 -45 -37 -33 -27 -21 7 15 23 71 88 89 94 96 0
74 0
-98 -87 -85 -79 -75 -67 -48 -42 -26 -22 -20 -14 -6 4 8 24 31 40 43 50 70 90 92 95 0
-78 -68 -52 -38 -27 -12 1 6 23 24 32 35 53 61 67 83 84 90 0
-95 -81 -63 -62 -51 -38 -36 14 24 28 47 56 65 66 67 0
-99 -72 -55 -9 22 23 59 63 64 0
-96 -76 -75 -66 -40 -27 -22 -10 -8 -4 9 62 69 0
-12 9 27 83 99 0
-81 -78 -76 -71 -63 -39 -37 -34 -32 -23 -22 -6 -4 8 15 19 26 36 42 51 59 72 85 88 100 0
-76 -34 93 0
-47 -18 -13 -10 3 9 15 34 54 86 0
-97 -89 -88 -79 -61 -58 -57 -48 -46 -33 -26 -16 -3 17 20 24 30 31 39 41 59 70 76 96 0
-75 -51 -46 -42 -37 -20 -13 18 32 65 70 82 85 89 94 0
-98 -88 -61 -34 -22 -20 2 72 75 91 92 99 0
-73 -72 -60 -17 -11 24 26 39 41 69 82 98 0
-81 -79 -52 -43 -19 -17 -12 -11 18 35 44 45 54 72 76 0
95 97 0
-75 -67 -62 -61 -58 -54 -28 -26 -10 19 20 56 71 72 84 0
-94 -91 -88 -73 -72 -50 -47 -26 -20 -10 -2 -1 27 43 52 60 61 67 89 0
-100 -93 -91 -80 -65 -64 -62 -52 -41 -23 -18 -16 -15 -6 4 14 24 26 30 34 50 71 73 99 0
-86 -75 -69 -63 -58 -53 -44 -43 -37 10 45 48 72 0
-53 -15 -14 -11 8 39 63 88 0
-35 30 39 43 70 85 88 0
-76 30 0
-95 -80 -47 -25 -3 19 40 56 58 92 99 0
-72 -53 -47 -26 -17 -15 -3 6 18 27 39 67 69 79 82 96 0
-93 -90 -88 -85 -64 -60 -54 -51 -41 -38 -30 -17 -6 -2 12 16 20 47 49 77 81 0
62 0
-78 -52 -30 -16 -8 -1 49 0
-100 -70 -63 -62 -44 -30 8 23 25 28 46 90 0
-94 -93 -87 -39 -30 -19 31 73 81 92 0
-81 -71 -44 -35 -18 31 73 0
-89 0
-98 -97 -95 -94 -92 -91 -76 -57 -34 -29 -28 -5 38 40 45 63 67 72 81 96 0
