CNF 100 200
-92 -88 -87 -59 -52 -51 -46 -42 -29 -28 -16 -2 7 9 14 20 27 31 33 35 37 65 72 0
-93 -84 -76 -70 -64 -61 -47 -42 -34 -29 -19 1 12 33 68 82 0
-99 -89 -76 -75 -69 -68 -58 -52 -50 -39 -36 -35 -34 -27 -11 -4 20 33 38 45 54 78 79 82 95 0
-83 -79 -68 -63 -59 -56 -46 -43 -37 -27 -21 -5 22 30 36 39 41 49 53 72 76 77 78 88 0
-94 -67 -62 -58 -53 -41 -36 -12 5 7 11 27 33 34 38 44 49 51 54 56 76 83 91 96 98 0
-95 -66 -25 -19 -12 7 26 30 55 60 67 90 0
-73 -72 -58 -55 -54 -22 -20 -11 2 24 29 35 41 47 48 52 63 89 0
-100 -92 -84 -76 -75 -71 -69 -62 -49 -43 -14 -9 -7 4 8 23 25 33 58 67 89 90 0
-69 -68 -64 -57 -56 -47 -46 -44 -40 -11 -10 -5 7 31 39 50 83 0
-98 -93 -71 -64 -48 -44 -33 -20 -11 -10 -7 -3 8 12 27 34 46 54 68 74 77 90 0
-90 -40 -37 -36 -27 -22 -18 -4 11 34 46 50 57 64 74 83 94 0
-90 -74 -63 -62 -57 -7 44 66 76 0
-95 -92 -83 -74 -72 -65 -64 -58 -54 -46 -19 -18 -10 -4 -2 17 39 43 70 78 79 87 100 0
-83 -61 -44 -30 -18 -11 5 22 27 43 74 84 86 0
-91 -35 -20 13 14 17 55 66 72 76 96 0
-87 -55 4 20 41 42 0
-94 -55 -39 -10 16 17 21 22 30 33 37 42 43 45 52 60 64 69 0
-79 -78 -72 -51 -33 -31 -22 -2 3 25 28 32 55 58 59 61 68 69 99 100 0
-78 -14 15 61 63 0
-96 -93 -91 -76 -66 -60 -34 -25 -13 1 4 10 29 42 43 64 78 90 98 0
-99 -84 -77 -37 36 41 94 95 98 0
-94 -84 -82 -81 -68 -61 -56 -47 -41 -40 -6 18 23 25 46 66 79 0
-73 -57 -37 -35 -15 6 38 42 68 92 0
-47 -5 22 36 41 0
60 78 0
-90 -85 -41 -36 -23 -18 -17 -6 2 4 7 14 35 38 51 53 60 71 92 100 0
-95 -90 -82 -64 -61 -57 -47 -38 -32 -13 45 56 69 78 84 0
-97 -91 -68 -35 -19 -7 -6 -4 5 8 9 15 26 37 40 46 51 54 61 64 70 71 75 77 86 0
-90 -51 -33 -30 -11 -9 35 39 44 45 47 77 0
-94 -92 -87 -82 -49 -3 2 7 17 33 35 45 88 93 0
7 90 0
-95 -90 -81 -78 -73 -50 -15 -8 -3 -2 9 12 23 29 35 46 58 66 75 93 0
-99 -93 -39 -36 -34 -18 22 62 64 85 90 0
-42 -9 0
-61 16 50 72 0
-90 -81 -76 -64 -35 -33 -14 -12 3 9 18 38 86 0
-100 -76 -23 -18 -10 -8 3 31 59 87 0
-62 -55 -45 -43 -17 3 16 19 47 51 86 0
-89 -60 -7 19 22 66 72 100 0
-95 -90 -83 -74 -66 -41 -20 -16 -13 -1 5 6 25 27 93 96 0
-99 -95 -89 -88 -84 -82 -80 -76 -63 -59 -56 -49 -20 -11 -6 13 29 32 38 65 72 73 0
-100 -67 -48 -28 -15 8 19 30 73 0
-99 -76 -67 -65 -61 -56 -55 -53 -44 -43 -27 -7 12 24 58 63 78 0
-99 -87 -72 -59 -51 -40 -18 -17 -12 -7 39 43 53 55 63 81 89 91 0
-76 -73 -65 -64 -61 -55 -47 -45 -42 -24 -7 -3 9 49 52 62 80 84 90 0
-94 -77 -58 -52 -35 -31 -2 11 18 48 60 72 76 79 88 96 0
-78 -77 -71 -58 -31 -26 -23 -14 -5 9 24 37 39 49 56 80 96 99 0
-89 -69 -57 -52 -41 -39 -37 -30 -27 -23 -19 1 22 34 40 50 51 63 71 73 75 79 92 0
-88 -85 -81 -74 -67 -63 -61 -60 -38 -27 -16 -9 -3 6 40 48 49 50 51 57 69 79 99 0
-83 -68 -63 -49 -12 23 37 59 62 66 71 82 84 85 0
-89 -87 -45 -35 -20 29 34 44 70 0
-19 49 75 0
-87 -78 -72 -64 -54 -39 -33 -26 -25 -20 -8 9 47 68 71 91 0
-98 -66 -56 -44 -37 -24 -10 8 23 31 41 64 70 84 86 94 0
4 26 43 49 73 0
-99 -89 -84 -69 -29 -1 6 9 27 42 73 93 0
20 61 85 0
-87 -84 -83 -80 -77 -76 -75 -62 -48 -44 -43 -38 -26 -13 -4 6 9 31 40 47 58 81 92 0
-98 -93 -77 -74 -71 -63 -51 -29 15 56 58 76 94 0
-36 0
-70 -68 -61 -46 -43 7 21 29 41 49 56 65 73 86 94 0
-80 -60 -56 -48 -20 -11 -8 2 27 65 66 71 72 74 0
-92 -85 -82 -80 -63 -58 -50 -5 9 16 19 23 51 62 78 88 0
-83 -82 -67 -64 -63 -18 -13 -11 3 12 23 26 39 43 51 57 58 60 87 0
-93 -74 -72 -71 -54 -26 1 4 12 14 15 18 19 25 32 38 43 63 89 0
-95 -59 31 52 65 70 0
-29 -9 14 23 38 41 47 57 86 0
-91 -86 -85 -39 -15 -12 -11 2 4 14 29 32 46 50 52 56 60 62 77 84 97 99 0
-83 -71 -64 -58 -51 -44 -32 -20 -10 -8 33 43 46 65 68 75 81 90 91 0
-93 -91 -78 -55 -44 -28 -13 -9 10 11 61 0
-16 0
-96 -91 -90 -71 -41 -31 -29 -27 -8 -6 26 35 36 54 70 87 0
-74 -43 -13 -9 34 35 53 90 94 0
-90 -61 -56 -54 -50 -38 -3 2 16 24 33 36 47 73 88 97 0
-98 -85 -76 -73 -71 -67 -51 -50 -39 -34 41 49 79 83 97 0
-93 -87 -78 -75 -71 -70 -46 -18 -15 -11 7 13 47 85 86 89 0
-88 -51 -43 -12 13 29 97 0
-99 -96 -61 -57 -46 -35 -13 -7 -5 6 9 24 38 42 43 51 60 67 71 78 80 81 86 88 89 0
-74 -37 3 11 12 17 24 62 85 97 100 0
-96 -68 -46 -32 -29 -21 -19 -15 -9 -3 6 18 20 31 33 43 49 52 71 86 90 92 95 0
-76 -73 -66 -59 -14 -8 81 0
-98 -83 0
-79 -73 -63 -58 -49 -43 -35 -31 -27 -26 -24 32 33 53 60 62 83 94 99 0
-95 -91 -85 -81 -79 -77 -76 -27 -1 6 25 29 48 49 57 67 83 0
-62 -23 7 34 0
-96 -74 -63 -42 -17 -13 -10 -5 15 24 53 81 83 84 0
-46 -2 -1 16 25 48 59 82 85 0
-28 -25 -7 32 34 39 45 49 60 61 81 0
-45 41 71 0
-98 -75 -73 -54 -50 -43 23 31 41 57 65 72 92 0
-100 -89 -86 -81 -59 -58 -45 -37 -32 -26 -19 6 9 24 35 46 49 52 57 66 98 99 0
-84 -45 -33 -30 -22 41 44 51 99 0
-78 -62 -60 -45 -9 2 51 53 84 0
-96 -79 -72 -67 -58 -19 2 4 6 11 15 28 37 47 76 81 84 99 0
-98 -77 -62 -61 -55 -42 -40 -31 -13 -4 24 66 78 85 88 0
-96 -89 -77 -72 -57 -36 -19 -18 11 29 30 32 49 71 75 79 85 88 91 94 0
-98 -87 -80 -69 -37 -27 -22 -14 -12 -7 -5 4 9 10 19 39 41 51 71 86 90 0
-95 -90 -81 -73 -67 -41 -36 -29 -22 -18 -12 1 3 8 9 21 31 34 58 59 68 82 91 99 0
-79 -54 -43 -42 -38 -35 -26 5 7 13 15 17 21 25 31 45 59 62 63 71 73 83 86 89 96 0
-4 88 0
-96 -90 -60 -35 -34 -26 -21 -19 10 23 30 36 37 38 53 61 70 72 75 97 0
-76 -70 -51 -42 -10 -1 19 82 0
-79 -1 33 58 67 0
87 95 0
-100 -80 -46 -34 -25 -20 -4 7 15 30 37 76 90 99 0
-95 -69 -66 -62 -56 -30 -27 -20 -19 1 14 26 45 72 93 0
-89 -86 -80 -67 -62 -43 -36 -32 -19 -14 -7 -5 3 25 30 49 55 76 96 0
-92 -90 -76 -74 -38 -32 -18 -13 21 28 46 47 86 94 0
-96 -80 -66 -49 -31 -14 -11 -3 29 41 60 68 98 0
-67 -56 -48 -44 -27 13 64 86 0
-84 -83 -74 -72 -58 -56 -52 -44 -41 -34 -33 -25 -13 -12 3 4 5 47 49 51 61 62 88 90 96 0
-95 -78 -71 -67 -54 -53 -52 -30 6 7 8 42 46 47 51 62 81 100 0
-68 -28 -10 17 18 0
25 53 58 70 76 97 0
-90 -80 -73 -68 -59 -42 -21 -12 -9 3 23 29 30 39 50 56 86 97 0
-96 -95 -80 -53 -50 -49 -20 -17 -2 12 14 26 41 51 70 73 85 88 93 0
-100 -94 -73 -69 -68 -45 -40 -12 9 15 38 50 65 81 86 0
-93 -86 -84 -42 -27 -9 20 26 34 39 41 47 64 78 92 0
-97 -29 24 26 37 59 89 0
-100 -94 -93 -89 -59 -48 -46 -33 -28 -8 -6 2 5 25 41 43 45 58 61 62 71 72 85 96 97 0
-21 35 51 56 0
-100 -79 -62 -59 -29 -23 -10 7 14 46 0
-96 -95 -94 -80 -74 -73 -66 -44 -19 -8 11 13 14 30 45 56 60 63 68 83 91 98 100 0
-88 -68 -51 -50 7 95 0
-74 -69 -58 -40 -30 -11 -8 17 19 25 34 45 81 0
-94 -74 -69 -63 -62 -47 -13 3 18 32 39 44 50 51 58 71 72 76 79 86 89 90 93 0
-73 4 32 72 0
-94 -92 -78 -64 -61 -60 -53 -48 -47 -32 -23 -20 -19 -1 2 11 26 28 35 45 0
-99 -82 -79 -61 -29 -16 18 27 31 37 39 44 48 52 63 81 0
-94 14 15 20 35 53 67 70 0
-100 -97 -86 -48 -45 -19 -14 -11 -7 1 32 64 82 0
-94 -71 -70 -62 -52 -51 -43 -4 2 9 13 22 30 44 99 0
-95 -73 -70 -67 -66 -38 -34 -22 -20 -19 -3 36 42 47 51 64 75 79 82 97 99 0
-97 -96 -90 -85 -71 -64 -63 -44 -43 -40 -32 -31 -30 -28 -20 -9 -8 29 59 66 67 89 99 0
-98 -95 -76 -63 -59 -46 -32 -31 -16 -11 -9 30 42 53 81 93 0
-95 -94 -65 -53 -17 -11 -9 1 5 10 26 38 55 68 75 76 81 92 98 0
-95 -94 -56 -50 -36 -31 17 63 0
-97 -91 -83 -79 -61 -48 -44 -43 -40 -39 -33 -28 -23 6 14 32 34 35 37 55 59 73 95 0
-99 -71 -44 0
-74 -47 -43 -20 -18 -6 11 14 25 33 34 46 0
-69 -65 13 23 36 57 59 0
-83 -78 -71 -69 -60 -58 -49 -36 -31 -26 -16 -3 -1 2 21 38 52 53 56 59 65 70 72 100 0
-94 -82 -66 -64 -62 -53 -33 -31 1 17 41 47 51 52 61 65 69 70 81 90 0
-67 -59 -38 0
-100 -93 -87 -60 -36 -29 -16 43 75 0
-86 -79 -76 -73 -63 -50 -47 -24 -2 27 39 60 80 93 96 0
-59 -51 -34 -19 -16 -14 -11 3 10 12 15 25 30 38 48 57 69 74 83 89 97 99 0
-89 -86 -84 -36 -32 -31 -21 67 91 0
-95 -86 -82 -47 -38 -3 15 26 85 87 93 0
-88 -86 -75 -58 -57 -46 -45 -43 -42 -40 -33 -17 -12 5 13 32 47 51 56 59 61 76 92 0
-88 -30 82 87 0
-85 -5 -3 29 0
-94 -62 -60 -44 -43 -40 -39 3 21 25 46 73 87 0
-72 -63 -57 -34 -24 69 93 95 96 0
-95 -82 -68 -48 -28 -16 -8 1 37 97 0
65 0
-51 -31 -8 22 42 70 88 0
-71 -55 -42 -36 -18 -7 3 6 10 13 20 27 30 53 67 75 83 87 89 91 0
-96 -82 -77 -62 -61 -50 -40 -30 -29 -26 -22 -18 13 14 20 42 43 45 55 65 66 75 92 0
-39 0
-97 -89 -84 -80 -76 -38 2 30 53 55 67 72 73 78 91 0
-88 -81 -80 -68 -61 -26 -21 -4 1 9 12 15 16 31 34 35 40 46 48 49 52 55 56 59 67 0
-61 62 0
-94 -89 -44 -28 -13 12 78 88 0
-100 -98 -86 -73 -56 -55 -34 -19 5 43 44 57 60 62 63 66 72 83 88 96 0
-82 -61 -60 -10 -6 28 47 56 93 98 0
-89 -79 -77 -76 -61 -56 -48 -43 -19 -18 -13 41 65 0
-100 -85 -84 -78 -66 -64 -63 -58 -54 13 29 40 46 76 88 91 97 0
67 0
-97 -65 -22 16 26 31 49 54 56 68 92 0
-90 -44 64 0
4 16 72 94 0
-42 85 0
-90 -78 -58 -47 -31 -23 -8 7 22 52 53 73 80 82 84 93 94 0
-95 -74 -56 -46 -35 13 18 24 39 49 65 66 73 79 90 0
-97 -95 -74 -73 -66 -58 -38 -14 -10 49 76 88 94 0
-97 -50 -34 8 99 0
-80 -28 -22 46 0
-94 -87 -82 -74 -66 -60 -27 13 14 20 33 45 48 52 55 57 63 98 99 0
-96 -95 -80 -77 -66 -45 -31 -7 1 3 5 24 34 44 48 52 58 0
-68 -54 22 33 84 89 0
-100 -86 -77 -68 -67 -66 -64 -41 -40 -8 16 21 44 48 58 59 80 0
-89 -85 -62 -58 -54 -39 -22 -21 -13 -4 6 19 25 27 44 0
29 0
-44 -43 -24 -13 -1 49 54 69 72 80 81 82 95 97 0
-85 -83 -51 -32 19 42 78 79 86 0
-93 -84 -76 -48 -30 -20 -7 -6 -2 9 14 28 31 41 52 67 69 72 81 94 100 0
-27 59 86 0
-61 -8 -2 5 41 47 50 54 74 98 100 0
-78 -39 32 67 0
-100 -92 -91 -86 -59 -54 -49 -43 -42 -39 -26 -20 -19 1 8 10 17 46 48 55 61 75 77 90 93 0
-85 89 0
-96 -71 -68 -63 -38 -31 -20 6 12 27 37 65 75 79 87 0
-99 -92 -85 -67 -48 -42 -24 -12 -5 1 8 19 21 23 31 56 62 63 65 68 70 75 83 84 0
-80 -71 -49 -26 0
-98 -97 -83 -75 -72 -66 -55 -42 -38 -29 -10 -8 -3 31 36 40 51 56 67 68 69 96 99 0
-41 14 23 37 42 44 0
-31 -12 27 43 50 58 72 84 0
-63 -45 -31 6 37 40 43 0
-83 -67 -48 -42 -41 -38 -30 6 32 54 71 72 0
