CNF 200 100
-197 -166 -154 -142 -127 -120 -116 -105 -103 -101 -97 -83 -63 -59 -17 -11 -6 1 3 7 39 52 69 72 86 89 118 133 135 164 167 175 195 0
-181 -170 -159 -142 -137 -124 -105 -67 -43 -37 -32 31 38 54 84 97 116 117 130 184 0
-167 -143 -141 -120 -113 -101 -95 -78 -72 -67 -39 -37 -36 26 83 108 110 129 150 158 183 189 0
-164 -153 -110 30 82 151 0
-167 -156 -141 -135 -125 2 42 88 0
-167 -165 -147 -136 -126 -110 -101 -76 -73 -11 3 8 46 47 74 81 98 106 112 140 156 161 186 197 0
-198 -197 -186 -183 -155 -153 -145 -143 -142 -136 -127 -119 -106 -102 -96 -93 -83 -68 -58 -49 -41 -38 -18 -9 -7 -6 -3 -1 25 35 50 55 56 63 66 72 84 94 100 103 158 171 172 179 185 192 196 0
-141 -115 -101 1 65 102 104 124 199 0
-200 -199 -172 -156 -154 -149 -137 -111 -79 -58 -49 -47 -35 -20 1 3 11 16 23 25 73 77 84 96 100 103 106 113 121 174 177 185 190 0
-194 -184 -175 -122 -113 -51 -48 -35 -31 -28 -15 -11 -10 -2 12 17 34 36 60 66 69 74 83 95 105 108 117 127 138 162 171 190 0
-198 -195 -190 -162 -148 -138 -136 -134 -132 -115 -109 -69 -51 -39 -33 -32 -30 -27 -23 -16 -8 -2 -1 19 31 36 53 57 80 98 125 186 188 193 199 0
-199 -195 -185 -164 -155 -116 -113 -70 -62 -54 -46 79 89 129 146 163 176 198 0
-187 -182 -159 -134 -119 -100 -95 -88 -86 -61 -54 -48 -31 -14 -3 17 19 30 33 43 47 49 51 55 56 58 65 76 99 103 123 126 127 129 130 136 141 153 163 168 171 186 197 0
-198 -192 -177 -170 -166 -164 -155 -150 -137 -136 -128 -114 -109 -96 -93 -91 -66 -59 -50 -33 -31 -23 -17 -10 -8 -1 9 12 14 21 27 38 43 45 60 65 82 87 94 106 118 121 129 153 154 157 174 179 189 200 0
-197 -177 -105 -84 -64 -57 -56 -44 -16 41 45 52 70 79 114 137 154 158 167 190 0
-191 -146 -131 -129 -128 -115 -113 -101 -90 -47 -32 -5 -1 2 27 33 42 48 54 57 62 81 91 98 99 106 130 133 134 135 143 147 163 171 176 0
-189 -172 -167 -157 -154 -152 -148 -146 -134 -133 -94 -69 -39 -36 -34 -20 -13 5 21 40 64 74 84 85 87 89 90 98 103 105 113 119 123 147 151 153 160 161 188 192 194 200 0
-178 -168 -146 -129 -73 20 32 35 89 132 166 185 0
-199 -189 -188 -180 -130 -115 -101 -80 -74 -69 -67 -54 -13 9 43 51 86 125 140 154 174 0
-182 -173 -171 -131 -123 -107 -106 -71 -3 5 46 48 51 92 100 108 155 193 0
-198 -182 -181 -179 -170 -168 -161 -148 -136 -131 -125 -120 -97 -90 -89 -88 -87 -84 -76 -75 -71 -36 -32 -16 5 11 12 19 21 30 37 41 47 51 55 63 64 78 82 122 129 138 157 163 166 171 178 189 193 0
-174 -172 -171 -141 -130 -123 -8 3 54 59 63 65 72 87 96 119 0
-170 -140 -138 -118 -112 -81 -46 -32 2 3 7 18 47 64 67 73 82 97 99 101 122 133 147 150 155 177 181 184 0
-192 -177 -166 -158 -126 -116 -98 -91 -72 38 147 181 185 0
-196 -187 -182 -146 -138 -136 -130 -112 -93 -48 -41 -34 -28 -3 -1 23 31 33 45 53 75 104 114 120 132 150 151 155 161 166 170 171 178 183 0
-198 -196 61 0
-189 -184 -169 -166 -161 -149 -135 -129 -117 -110 -102 -96 -91 -85 -75 -74 -50 -47 -45 -35 -34 -26 -13 3 10 18 27 43 48 60 66 69 78 86 90 103 116 119 128 138 140 141 143 151 171 174 182 0
-197 -194 -154 -137 -134 -99 -86 -84 -33 -27 -26 12 29 34 47 57 98 171 0
-198 -184 -158 -137 -127 -119 -114 -107 -105 -98 -93 -87 -85 -82 -75 -70 -50 -45 -38 -22 -15 1 14 17 21 23 25 35 40 51 74 109 123 128 136 138 148 155 159 161 163 186 189 199 0
-200 -194 -187 -168 -163 -113 -98 -93 -89 -79 -66 -60 -49 -46 -43 -26 -18 -17 -12 -6 -4 7 28 53 62 73 99 111 149 152 159 174 181 184 188 0
-174 -90 -27 36 52 133 167 188 0
-194 -188 -187 -178 -177 -173 -168 -161 -155 -154 -152 -146 -130 -110 -91 -62 -58 -25 -18 -12 -2 -1 7 35 42 71 73 79 89 101 107 118 121 122 123 126 140 164 189 191 195 0
-180 -166 -142 -131 -129 -124 -119 -111 -108 -93 -91 -86 -79 -54 -52 -35 1 8 20 23 25 26 36 39 45 53 55 70 80 96 99 122 125 130 134 145 149 150 155 163 165 186 0
-196 -189 -166 -139 -126 -123 -84 -77 -52 -38 -33 -21 24 26 28 37 56 58 62 72 92 97 99 101 102 115 159 162 176 199 0
-194 -193 -182 -176 -144 -133 -118 -45 -31 18 19 58 71 84 85 128 135 140 0
-138 -111 -62 -39 44 99 101 135 179 0
-164 -156 -154 -121 -120 -86 -82 -73 -57 -51 -29 -18 -16 -8 9 17 23 31 49 50 58 76 87 89 118 123 139 177 187 0
-197 -194 -192 -191 -183 -171 -167 -159 -143 -141 -128 -123 -122 -100 -94 -92 -86 -85 -77 -74 -66 -20 -16 -13 -1 8 29 32 41 42 45 51 59 67 68 71 72 76 93 96 139 153 173 178 181 184 196 198 0
-187 -160 -154 -146 -127 -66 -59 -42 -24 4 11 46 57 75 92 126 145 180 190 200 0
-199 -177 -176 -165 -164 -140 -136 -119 -114 -62 14 28 40 45 63 66 68 73 129 130 133 151 187 0
-190 -183 -179 -174 -158 -151 -146 -143 -139 -135 -123 -111 -95 -92 -91 -89 -83 -78 -72 -27 -21 1 5 22 26 31 32 34 40 43 44 46 62 65 70 99 101 121 132 138 140 161 169 170 187 188 193 0
-200 -199 -195 -187 -174 -173 -172 -165 -164 -146 -141 -140 -136 -120 -118 -116 -102 -91 -78 -71 -48 -47 -44 -43 -42 -38 -26 -22 31 32 53 60 68 70 95 98 106 110 124 125 128 129 154 156 161 168 175 188 192 196 0
-194 -171 -159 -87 -41 4 14 46 56 59 78 148 0
-195 -172 -159 -128 -121 -117 -115 -108 -105 -87 -73 -40 -29 -27 8 11 24 48 58 68 75 80 101 112 120 140 150 157 161 185 187 193 0
-156 -121 -83 -78 -71 -70 -20 -19 91 104 107 114 131 134 144 155 169 0
-195 -170 -146 -137 -132 -124 -101 -77 -46 -43 -37 -10 -2 5 24 49 52 58 79 82 109 114 142 162 169 199 0
-193 -176 -160 -159 -148 -136 -124 -90 -88 -50 -43 -37 -18 -16 -6 -3 55 79 86 91 92 96 107 120 126 132 134 141 183 199 0
-171 -159 -142 -138 -133 -121 -107 -91 -85 -83 -53 -37 -35 -11 -10 -7 34 41 99 104 111 151 158 194 199 0
-195 -178 -175 -157 -121 -100 -92 -26 72 83 98 123 135 139 155 186 0
-200 -188 -170 -140 -99 -42 12 56 57 67 68 70 71 76 85 100 110 151 158 169 193 196 198 0
-187 -182 -140 -107 -86 -58 33 50 128 0
-192 -175 -173 -157 -156 -147 -145 -125 -118 -112 -94 -88 -77 -73 -40 -37 -31 -17 -8 7 20 21 26 27 43 58 59 60 63 67 68 70 74 81 90 98 122 128 149 150 152 160 190 191 0
-158 -72 -66 -12 43 113 134 150 175 0
-199 -188 -167 -158 -135 -134 -131 -114 -108 -97 -83 -76 -47 -41 -17 -16 -13 4 26 49 56 79 84 88 90 112 118 122 123 142 144 148 155 162 183 197 0
-187 -177 -175 -164 -149 -118 -115 -79 -72 -71 -51 -29 8 73 82 86 96 130 166 0
-185 -163 -153 -136 -130 -129 -90 -60 -52 2 20 62 119 123 167 187 0
-181 -172 -160 -155 -126 -100 -73 16 51 79 127 143 166 169 191 0
-155 -22 112 0
-199 -197 -153 -147 -136 -131 -81 -76 -52 -36 -34 -24 -22 -18 -15 5 12 23 44 45 59 67 75 133 138 151 158 186 190 0
-110 -36 6 152 161 0
-200 -186 -178 -176 -174 -173 -156 -151 -143 -111 -104 -86 -82 -72 -69 -65 -52 -36 -30 -26 -25 -2 4 24 53 55 83 87 91 96 116 118 127 140 141 167 170 197 0
-200 -183 -151 -149 -141 -123 -115 -100 -97 -79 -68 -45 -40 -32 -26 -22 -15 -11 2 17 27 55 111 117 128 130 138 156 161 164 166 170 172 175 176 177 185 191 199 0
-183 -177 -154 -150 -129 -126 -110 -90 -76 -74 -69 -68 -60 -46 -25 -14 -5 -1 2 6 7 16 19 34 49 50 57 58 66 77 89 100 103 104 109 112 120 123 128 134 145 149 158 170 171 191 194 195 198 200 0
-198 -155 145 156 0
-197 -186 -181 -168 -163 -142 -113 -104 -103 -43 -32 -21 -12 17 36 50 53 115 150 151 162 176 195 0
-200 -109 -106 -79 -56 -55 -54 -5 81 97 168 179 0
-197 -148 -26 19 101 137 158 195 0
-188 -184 -169 -168 -167 -145 -105 -74 -56 -24 2 75 87 88 159 191 194 0
-147 -134 -120 -90 -87 -84 -80 -72 -59 -45 21 39 122 129 167 176 185 194 0
-112 180 0
-185 -147 -139 -136 -96 -65 -6 89 116 183 0
-189 -182 -179 -176 -171 -145 -144 -142 -141 -139 -120 -100 -86 -46 -44 -11 -9 -6 2 29 37 42 60 69 72 77 84 104 105 107 112 115 118 122 126 168 178 0
-197 -184 -168 -165 -148 -143 -130 -117 -111 -107 -102 -91 -77 -57 -49 -19 -3 22 26 27 28 53 54 59 112 115 138 146 150 151 159 160 163 166 173 191 0
-197 -137 -125 -112 -98 -58 -53 40 43 46 52 59 67 72 77 95 101 102 103 104 113 133 135 168 172 173 174 199 0
-200 -197 -195 -185 -178 -172 -146 -134 -125 -93 -91 -62 -45 -44 -40 -32 -20 -18 -11 3 4 7 14 22 28 46 52 55 63 67 68 78 79 84 85 87 102 108 119 120 144 148 153 154 162 173 174 175 177 0
-158 -149 -141 -137 -124 -87 -77 -52 -40 -17 39 46 105 108 122 0
-192 -188 -182 -162 -152 -112 -98 -82 -81 -73 -72 -70 -67 -56 -47 -42 -22 -17 -14 -10 -6 -2 18 32 40 49 50 52 62 63 80 95 102 123 129 138 141 143 146 158 184 0
-82 -64 -61 -17 38 39 42 51 84 96 193 194 0
-157 -153 -122 -116 -55 -48 -44 4 63 163 0
-12 -2 10 45 114 172 0
-178 -169 -89 -61 -28 -14 27 145 159 162 184 199 0
-198 -180 -174 -170 -166 -161 -155 -146 -140 -126 -102 -78 -65 -55 -53 -46 -26 -19 -12 15 32 33 41 66 76 99 108 117 127 162 164 177 181 184 188 197 0
-191 -183 -182 -177 -176 -155 -153 -144 -142 -127 -124 -102 -99 -91 -73 -66 -60 -59 -13 -7 1 8 9 17 33 34 35 79 105 115 116 130 135 172 190 0
-185 -182 -179 -157 -111 -80 -66 -43 -32 57 64 71 73 85 89 92 93 97 134 148 153 156 176 184 186 188 191 0
-191 -188 -172 -151 -126 -121 -112 -101 -65 -62 -59 -31 -24 -22 12 54 61 73 95 109 122 130 138 157 169 174 0
-196 -173 -170 -155 -116 -95 -82 -75 -57 -51 -46 -35 10 11 16 22 33 59 93 100 113 115 146 0
-124 -80 -71 130 0
-184 -177 -172 -145 -132 -111 -100 -96 -79 -74 -72 -69 -68 -60 -52 -42 -25 -23 -11 9 13 14 28 33 62 93 114 157 170 183 0
-171 -157 -153 -152 -145 -131 -126 -118 -110 -94 -78 -74 -68 -65 -63 -59 -46 -29 -17 -15 -4 1 11 19 30 34 37 41 42 52 79 80 82 105 109 115 121 125 129 148 150 167 172 176 185 0
-178 -22 169 0
-196 -181 -157 -150 -149 -137 -136 -125 -111 -96 -71 -69 36 44 48 55 60 66 67 77 91 108 116 127 143 179 185 190 0
-197 -184 -174 -173 -169 -149 -130 -122 -112 -111 -103 -102 -100 -99 -95 -92 -89 -84 -73 -71 -67 -56 -51 -48 -47 -46 -40 -19 -15 39 52 53 66 72 75 90 101 118 121 123 146 153 163 187 200 0
-200 -194 -192 -189 -187 -186 -182 -179 -175 -162 -160 -157 -156 -138 -132 -117 -83 -73 -67 -66 -63 -52 -42 -37 -29 -26 5 6 7 14 38 48 61 62 64 75 95 108 123 130 131 143 150 152 154 163 174 178 184 0
-183 -178 -173 -169 -150 -149 -145 -144 -129 -120 -115 -112 -110 -95 -84 -74 -69 -66 -60 -58 -54 26 30 31 49 61 82 85 96 100 108 135 148 152 166 181 187 189 196 200 0
-190 -157 -153 -74 -12 -10 42 49 131 132 149 185 186 188 197 199 0
-200 -193 -181 -170 -167 -156 -151 -139 -124 -109 -96 -94 -92 -88 -76 -73 -72 -66 -57 -53 -48 -47 -36 -30 -26 -9 -3 23 25 28 50 81 89 118 126 128 133 143 159 166 174 178 189 0
-145 -136 -134 -95 -66 -53 -31 17 150 193 196 0
-194 -189 -156 -134 -123 -122 -108 -107 -104 -101 -89 -59 -9 10 36 38 40 77 83 84 131 139 161 183 0
-192 -181 -176 -161 -151 -150 -141 -129 -123 -117 -115 -113 -103 -84 -79 -74 -55 -41 -37 -16 -12 -10 -9 19 23 39 50 52 61 64 70 75 90 128 131 139 143 145 158 162 163 166 171 179 183 197 0
-194 -174 -166 -147 -108 -103 -86 -78 -57 -39 -33 -18 21 42 55 62 77 82 92 99 100 112 143 159 167 185 0
