CNF 100 50
-96 -72 31 46 61 0
-9 -4 35 44 58 84 93 0
-79 -56 -54 -34 -22 -4 2 5 31 40 45 46 50 53 57 75 80 84 88 0
-97 -96 -94 -79 -35 -25 -23 -6 -4 3 10 13 19 24 31 34 41 44 54 91 0
-100 -97 -89 -86 -47 -14 -12 -1 22 30 31 44 56 73 74 84 0
-91 -87 -77 -28 -24 -19 -8 7 13 15 32 40 43 67 74 76 89 0
-69 -66 -64 -51 -37 -33 -25 -6 7 18 27 30 39 42 54 63 74 76 78 82 83 84 85 92 98 0
-77 -32 -29 -24 -14 -7 -6 16 36 48 51 53 55 61 67 69 71 89 96 0
-70 -67 -35 -10 -4 20 97 0
-76 -22 -16 -1 52 66 100 0
-96 -49 29 32 62 78 0
-73 -46 -30 -21 -1 13 17 19 43 48 74 92 0
-95 -85 -81 -74 -46 -43 -42 -34 -28 -19 -17 -15 -4 -1 14 41 71 72 73 83 87 88 89 92 99 0
-59 -57 -51 -23 -3 -2 0
-93 -61 -58 -50 -46 -33 -31 -23 -14 6 16 17 18 27 30 0
-92 -86 -84 -82 -59 -28 -8 13 23 35 36 37 40 43 52 58 65 69 85 91 97 99 0
-74 -44 -15 -8 -4 18 23 77 84 86 92 97 0
-96 -89 -83 -73 -59 -51 -50 -48 -44 -40 -38 4 12 25 27 34 45 54 65 68 77 84 90 93 95 0
-90 -65 -56 -48 -47 -41 -39 -17 -8 4 18 30 34 50 57 68 94 97 100 0
-20 -3 30 31 68 0
-92 -85 -81 -67 -56 -44 -41 -31 -18 -9 -1 15 21 30 39 47 51 90 99 0
-94 -91 -87 -78 -64 -44 -37 -31 -1 4 8 28 30 34 47 53 63 71 84 93 96 0
-100 -95 -84 -80 -76 -36 -30 -16 -1 8 29 33 52 56 60 63 90 99 0
-60 1 74 0
-78 -39 -30 -17 -8 9 12 21 42 53 55 59 71 75 95 99 0
-91 -40 -37 -35 -28 33 0
-80 -73 -67 -59 -16 -14 -6 10 21 22 36 41 53 55 58 71 76 79 87 0
-88 -73 -45 -18 91 0
-85 -84 -78 -41 -37 -23 -21 -10 31 46 49 54 56 59 60 74 88 0
-95 -86 -79 -71 -63 -59 -42 -37 -23 -19 -7 20 24 26 44 46 61 67 68 75 84 89 0
-82 -57 -52 -50 -49 -36 11 58 81 93 0
-94 -86 -60 -24 -20 27 29 34 37 39 0
-83 -25 -13 0
-76 -65 -57 -35 -22 21 50 77 97 0
-97 -84 -75 -63 -62 -59 -54 -50 -41 -19 -18 -5 3 13 24 38 58 67 68 69 70 79 83 93 96 0
-78 -61 -52 -29 -15 -9 -2 13 27 73 0
-91 -83 -81 -77 -72 -43 -35 -21 -7 -1 4 6 17 19 31 79 0
-91 -83 -71 -58 -53 -50 -47 -42 -39 -36 -19 -13 11 21 66 75 99 0
-89 -86 -85 -82 -76 -62 -25 -17 -10 -8 45 53 59 60 69 0
-98 -90 -36 -32 -31 22 23 38 41 63 99 100 0
-100 -97 -91 -82 -79 -75 -74 -42 -40 -37 -26 -21 -5 12 25 36 50 52 61 62 72 76 87 96 0
-88 -63 -53 -52 -49 -48 -33 -28 -23 -16 -14 -10 2 8 34 40 44 51 59 71 86 0
-73 -70 -68 -56 -49 -48 -23 -16 38 47 54 86 0
-87 -80 -39 -36 -29 -14 -12 8 33 97 0
-96 -48 -28 20 68 82 0
-98 -46 39 0
-73 -72 -57 -55 -54 -40 -32 -28 -18 -13 -10 7 21 39 68 85 0
-63 -50 -46 -37 -15 1 40 48 51 61 67 82 83 93 0
-96 -67 -20 18 0
-41 -24 87 0
