CNF 50 200
-45 -44 -39 -26 -13 -12 24 37 0
-45 -38 -14 11 18 0
-25 -19 12 15 33 39 0
-46 -39 -4 -3 5 6 9 21 28 31 44 0
-43 -25 -17 15 27 48 0
-47 -30 -8 2 15 0
-37 -18 -15 1 0
-9 -6 11 18 21 32 39 40 0
-34 -30 -9 12 23 26 29 0
-43 -34 -33 -23 -14 -11 -3 4 6 13 22 0
-47 -43 -42 -25 -15 -13 28 30 45 49 50 0
40 50 0
-29 8 22 28 0
-4 35 0
-24 -16 -15 -7 5 38 41 50 0
-34 9 0
-40 -31 -19 -12 1 5 7 11 16 17 36 39 0
-50 -49 -28 -19 -16 -10 3 22 29 34 37 0
-38 -30 -15 -9 5 18 20 29 34 37 39 44 0
-40 -33 -14 -1 34 37 0
-41 -14 0
-34 -28 -26 -21 -12 -4 16 25 35 0
-23 -19 -11 6 9 21 26 31 32 35 50 0
-35 -7 16 23 0
-36 -21 -20 -4 23 26 27 29 31 32 35 45 0
-47 -45 -42 -14 -6 41 0
-41 -40 -32 -13 -3 1 4 25 28 0
-19 -2 12 15 31 33 0
-48 -42 -39 -30 -12 -6 15 18 37 0
-36 -16 4 0
-22 -10 -9 2 4 20 38 41 45 0
-33 4 19 37 0
-49 -30 -25 -24 -19 -15 -12 22 28 33 0
-48 -45 -40 -27 -19 -17 -6 36 0
-34 -12 5 9 15 47 0
-49 1 16 27 37 38 41 46 0
-46 -38 -34 -25 -3 9 11 22 43 0
-7 8 29 36 39 44 0
-37 0
-5 8 13 46 0
-50 -43 -30 -29 -24 -19 -15 -7 11 18 0
1 13 0
-45 -27 15 0
-17 -15 18 0
-50 -48 -26 -21 -15 -3 8 9 10 17 37 39 0
-48 -10 4 6 7 11 12 37 0
-10 7 20 0
-35 41 0
-44 -29 -25 -22 -19 -8 4 23 33 40 45 0
-50 -41 -30 -14 -12 17 24 32 35 40 0
-10 -5 -3 11 19 26 38 41 42 50 0
-39 -36 -32 -28 -26 -23 -22 -18 -16 25 44 0
-48 -22 -21 -14 -10 7 13 0
-28 -23 -19 -10 14 26 27 49 0
-37 -18 0
-47 -41 -36 12 19 23 45 46 50 0
-30 -17 44 0
-50 -48 -28 -21 -12 -1 10 46 47 49 0
-32 -14 -4 6 15 25 40 48 0
-38 -26 -17 9 10 19 27 33 36 37 44 0
31 0
-42 -27 -8 20 0
-8 4 5 41 0
-12 -8 1 0
-42 -3 44 50 0
-50 -47 -37 -16 3 20 29 33 0
-50 -38 -36 -31 -7 1 2 4 6 20 42 49 0
-4 33 0
-47 -18 -12 -4 11 16 0
-31 -14 8 0
-46 -24 -12 27 0
3 6 14 16 17 20 21 0
-43 -40 9 17 23 25 27 0
-44 -35 -21 -20 8 37 0
-50 -48 -39 -35 -29 -22 -12 -8 -5 24 34 0
-50 -49 -41 -25 -18 -10 6 14 20 37 0
-34 -30 -10 2 5 0
-48 -31 -28 -15 23 0
-46 -38 10 17 19 28 34 0
2 12 29 0
-41 -21 -15 -4 -1 8 23 43 0
-28 17 40 0
-46 0
-35 46 0
-49 10 14 21 0
-50 -21 -7 9 10 18 32 40 41 43 0
20 0
-48 -35 -22 9 15 31 32 40 0
-37 9 31 43 45 50 0
-40 -39 -34 -24 -17 -2 8 19 0
-49 -42 -41 -26 -22 -20 -15 -3 -1 4 11 46 0
-48 -47 -43 -41 -39 -38 -36 -33 -24 0
-37 -4 -3 2 10 16 23 26 29 32 39 44 0
-48 -36 -20 21 26 34 35 43 46 0
-41 -39 -32 -15 -3 17 18 24 30 42 47 0
-29 -9 4 38 39 41 48 50 0
-30 -12 -9 8 14 20 25 28 48 49 50 0
-46 15 0
-48 -34 -17 -15 -4 24 25 0
-48 -27 17 33 0
-31 36 0
-42 -30 -27 -16 17 24 37 44 48 0
-38 -34 -9 27 40 0
-48 -33 -23 11 12 14 30 31 50 0
-47 -46 -26 1 11 27 39 45 0
-11 -1 0
-41 -38 -34 -26 -14 5 30 50 0
-48 -46 -39 -18 12 13 17 19 0
-18 0
-21 -7 4 35 40 47 0
-42 -24 -19 3 30 37 0
-33 -26 -11 -5 -1 39 40 48 0
-38 -35 -26 -23 -5 1 12 13 25 30 31 49 0
-20 -2 31 32 33 43 0
-34 -10 8 14 23 26 35 43 0
-47 -45 -38 -16 -10 -8 14 28 0
-21 -4 0
13 0
-10 -6 0
-41 -32 -11 -2 9 0
-39 -22 -21 -17 -3 2 12 38 42 45 0
-35 -27 -23 -17 -15 -12 2 25 26 37 48 0
-48 -38 -30 -26 -24 -13 2 15 21 27 39 49 0
-35 -13 -11 -8 4 9 0
-21 1 0
-27 -14 1 2 7 17 32 37 45 46 0
-37 -25 -17 -14 -1 13 16 31 0
-40 -30 -2 6 26 0
-26 -25 -24 -14 -13 -6 10 23 27 41 44 0
-42 -28 -15 11 24 30 0
-14 0
4 0
-50 -29 -5 4 14 48 0
-44 -39 -5 19 28 0
-47 -46 -37 -33 -8 4 24 48 50 0
-34 -29 -18 -7 6 8 25 37 44 0
-43 -22 -17 -15 -13 -7 21 23 29 33 38 40 0
-50 -41 1 8 9 13 34 38 0
-43 -28 -15 -13 5 12 26 31 49 0
-23 -10 -4 6 15 16 20 25 30 39 47 0
-41 -40 -31 -20 1 16 17 21 30 45 0
-21 -19 -15 1 13 24 38 0
-38 -32 -18 25 29 36 0
-47 -36 -33 -8 4 12 21 22 30 0
-41 -27 -9 -6 4 8 11 21 25 26 39 47 0
-40 -19 4 12 17 18 24 37 39 0
-41 -28 -17 -16 7 13 25 33 36 38 42 44 0
8 12 35 36 38 47 0
-27 -26 -18 6 37 44 0
-47 -42 -35 -1 25 0
-47 -44 -43 -26 -18 -12 -6 7 22 48 0
-21 25 32 0
9 16 32 0
-49 -22 5 14 15 34 39 40 0
-47 -16 -8 -5 2 43 0
-46 -27 9 16 22 35 37 39 0
-37 9 0
-27 -4 -2 7 8 18 34 0
-31 -29 -11 -2 7 8 19 21 25 45 0
-43 -31 -30 -27 -8 -7 1 14 25 36 0
-44 -36 -29 -15 -1 6 11 28 35 0
-43 -4 0
-13 -2 21 35 0
-38 -30 -13 9 10 12 19 22 34 36 41 46 0
-48 0
-45 -30 -28 -20 0
-48 12 19 41 49 0
-50 -40 -19 -18 14 31 44 0
-46 -38 -29 -26 -14 -5 6 16 17 0
-5 15 26 27 32 35 0
-50 -37 -5 -2 19 22 27 0
-34 -31 -30 2 17 18 0
-25 -12 11 27 0
-17 10 22 50 0
-48 -40 -12 -9 -6 2 7 8 24 27 33 45 0
-50 -36 -30 -25 -21 -20 -3 10 44 45 0
3 25 0
-49 -45 -44 -43 -41 -40 -36 -26 -21 -17 -10 0
-37 6 19 42 45 46 0
-48 -46 -42 -40 -32 -8 -3 4 16 27 34 37 0
19 45 0
-36 -29 0
2 4 5 36 0
-47 -38 -30 -27 -26 -7 1 16 31 41 0
-31 -18 12 41 45 0
-35 4 14 40 0
-49 -20 -18 -7 36 45 0
-35 -22 13 14 37 0
-39 -12 0
-36 1 6 16 48 0
-41 -29 -21 12 14 27 33 0
-24 -20 -17 -12 -6 19 0
-47 -20 -16 -2 5 15 24 39 50 0
-29 12 30 49 0
-21 4 22 28 0
-32 -31 -22 2 23 29 34 41 42 44 0
-47 28 0
-19 26 0
-47 -42 -39 -32 -27 -25 -24 9 21 0
-33 -30 32 48 0
