CNF 200 200
-184 -181 -171 -161 -139 -130 -127 -125 -118 -67 -44 -33 -18 -11 -7 -5 -3 6 45 50 55 64 86 91 92 95 99 111 124 128 148 154 173 187 188 197 0
-197 -194 -186 -181 -171 -168 -164 -156 -129 -125 -111 -104 -88 -87 -85 -79 -76 -55 -46 -43 -33 -32 -22 -4 9 14 15 18 28 68 73 119 128 130 141 142 151 167 174 180 191 199 0
-192 -187 -141 -138 -104 -23 -15 31 79 119 0
-195 -191 -60 44 116 0
-198 -114 -100 -26 76 81 0
165 0
-176 -175 -124 -99 -89 -71 -64 -51 -32 -29 -25 -5 48 77 80 91 118 119 125 132 145 152 162 167 173 0
-118 -89 -74 -62 -13 15 34 134 0
-200 -184 -182 -178 -172 -167 -152 -150 -149 -148 -136 -121 -100 -99 -97 -96 -78 -75 -72 -64 -63 -62 -44 -40 -36 -17 -9 4 24 45 48 49 82 85 86 105 113 114 124 126 135 139 156 157 160 180 186 189 195 197 0
-184 -179 -152 -144 -127 -126 -124 -116 -113 -99 -82 -71 -68 -35 -34 -11 -8 -7 -5 1 2 18 29 39 40 58 60 63 72 78 85 91 109 112 131 134 146 151 163 168 190 200 0
-29 -17 -3 33 69 174 0
-198 -193 -161 -140 -137 -136 -132 -127 -116 -100 -84 -79 -62 -59 -26 -16 2 11 18 21 39 60 130 144 155 172 179 180 199 0
-198 -183 -177 -175 -170 -167 -162 -158 -150 -147 -144 -137 -132 -130 -123 -117 -85 -78 -63 -58 -46 -39 -28 21 22 25 33 34 44 49 61 72 80 86 89 102 122 126 133 134 146 148 149 169 182 192 193 199 0
-110 -106 -17 25 30 66 97 116 126 0
-190 -171 -151 -76 -29 -25 -18 71 119 161 166 167 200 0
-190 -178 -167 23 101 105 145 171 0
-165 -157 -137 -117 -108 -66 -53 -34 -23 20 39 42 46 123 146 149 175 188 0
-192 -186 -133 -104 -99 -76 -66 -60 -58 -26 -14 22 75 86 124 143 149 164 175 0
-191 -159 -130 -122 -117 -87 -69 -61 -57 -53 -19 -18 -14 2 10 50 55 82 124 134 145 163 178 0
-193 -183 -180 -160 -152 -141 -124 -114 -106 -76 -69 -65 -57 -47 -33 -14 -6 9 18 37 71 85 105 116 128 134 143 148 153 154 156 165 178 187 197 0
-196 -187 -161 -156 -132 -34 -11 -10 -8 43 67 69 125 133 0
-189 -173 -172 -171 -167 -166 -160 -153 -149 -133 -132 -131 -127 -119 -116 -89 -70 -58 -54 -50 -48 -40 -22 -8 -6 -5 61 65 80 106 117 128 152 197 0
35 0
-143 -54 0
-185 -184 -180 -160 -152 -146 -142 -118 -98 -47 -44 -29 -15 -8 17 33 36 38 52 66 77 103 134 144 153 177 0
-195 -194 -192 -185 -181 -180 -167 -161 -160 -155 -151 -149 -143 -138 -136 -133 -130 -116 -113 -91 -85 -76 -36 -8 7 20 31 44 51 53 61 67 72 79 84 93 106 117 124 127 132 165 173 189 190 0
-200 -192 -168 -146 -116 -104 -55 -14 15 167 174 185 194 0
-168 -114 -58 -35 6 20 51 54 118 154 0
-198 -124 -119 -71 -59 -51 -8 22 26 44 101 123 128 161 174 179 0
-190 -182 -161 -135 -114 -77 -54 -43 -37 -31 -29 -14 -11 8 12 33 34 35 36 41 45 80 82 94 102 104 112 126 171 177 178 189 191 192 194 199 0
-193 -182 -172 -164 -160 -152 -146 -136 -134 -99 -93 -81 -71 -46 -45 -39 10 19 24 28 30 32 37 38 67 70 90 97 100 110 111 117 125 154 171 181 192 195 0
-195 -192 -177 -173 -140 -135 -127 -118 -74 -56 -55 -46 -45 -40 -4 1 18 19 23 29 38 41 43 44 49 53 66 71 85 90 96 111 114 116 119 156 158 159 183 190 0
-197 -194 -187 -148 -129 -125 -122 -116 -111 -110 -104 -103 -101 -97 -78 -64 -58 -54 -53 -36 -26 -13 -10 7 59 60 70 86 108 113 120 124 136 137 139 141 143 179 180 189 191 192 196 200 0
-189 -136 -133 -130 -127 -126 -97 -93 -92 -76 -69 -42 -28 -5 9 13 32 35 43 53 54 55 57 60 79 82 91 104 119 132 134 137 155 158 196 199 200 0
-197 -189 -179 -173 -163 -151 -144 -129 -81 -58 -36 -7 -1 9 21 31 37 41 62 103 110 142 175 177 184 200 0
173 0
-199 -197 -196 -165 -151 -148 -143 -142 -141 -121 -113 -111 -100 -97 -96 -85 -72 -54 -50 -38 -26 -13 -8 -6 -5 4 11 12 19 29 34 39 43 61 81 119 133 144 161 172 174 176 185 0
-156 -148 -147 -142 -138 -96 18 56 73 103 136 139 181 0
-197 -111 -59 100 152 0
-190 -186 -185 -183 -179 -177 -175 -146 -135 -131 -120 -117 -107 -105 -87 -43 -28 -25 -3 1 22 29 36 46 81 88 92 133 145 162 178 182 191 194 0
-191 -185 -177 -172 -168 -167 -166 -151 -145 -141 -140 -139 -128 -125 -124 -114 -104 -97 -92 -82 -80 -74 -69 -53 -50 -36 -14 -6 17 26 28 29 62 71 86 99 107 110 117 138 160 190 196 0
-174 -152 -144 -141 -126 -105 -104 -97 -79 -49 -13 38 40 60 66 117 120 129 157 159 0
-199 -164 -130 -117 -87 -34 -8 19 25 36 38 80 104 143 0
-177 -138 -129 -128 -111 -91 -89 -80 -76 -69 -52 -26 -23 -16 10 21 70 90 115 123 146 0
-200 -189 -160 -157 -156 -144 -139 -137 -133 -107 -105 -99 -96 -81 -77 -71 -67 -66 -57 -25 -9 4 15 16 18 33 36 45 55 58 60 61 88 97 101 109 115 130 152 155 180 182 198 0
-188 -186 -179 -178 -175 -174 -167 -159 -139 -136 -115 -112 -110 -109 -99 -93 -91 -87 -73 -56 -48 -23 -9 -6 -3 8 19 27 32 33 36 41 84 101 131 133 140 142 143 146 152 161 163 181 196 199 0
-189 -168 -166 -164 -160 -113 -90 -88 -75 -67 -55 -40 -36 -7 10 14 18 20 24 32 73 76 103 105 111 117 124 127 129 136 138 139 144 150 167 170 183 186 191 0
-185 -148 -137 -133 -127 -113 -107 -87 -81 -75 -70 -69 -59 -38 -33 -31 6 22 48 108 112 114 115 118 123 136 157 178 0
-177 -156 -87 -34 -30 7 9 11 25 41 75 124 129 153 173 182 0
-173 -165 -148 -140 -138 -134 -127 -104 -103 -102 -100 -80 -70 -66 -43 -24 -20 -19 -9 14 23 36 39 40 51 58 59 60 88 95 98 99 120 141 152 161 195 0
-190 -188 -176 -175 -166 -153 -140 -136 -102 -97 -71 -61 -55 -47 -40 -12 -8 -6 -4 3 9 13 15 41 45 49 53 58 70 87 115 124 130 139 143 194 0
-173 -171 58 0
-191 -171 -147 -84 -82 -77 -71 -68 -65 -44 -43 -39 -35 -33 -11 -9 5 8 15 16 75 78 83 91 95 98 143 144 152 165 175 179 181 192 0
-176 111 0
-196 -165 -160 -159 -152 -132 -115 -111 -85 -70 -53 -47 -41 -18 -16 3 22 27 34 48 60 68 110 123 148 173 0
-174 -64 13 60 94 0
-193 -44 46 47 52 60 198 0
-198 -197 -188 -179 -164 -156 -149 -145 -138 -112 -111 -110 -108 -102 -100 -69 -59 -58 -54 -53 -36 -24 -23 -18 -17 -16 -14 1 5 49 62 66 76 77 80 81 83 89 107 113 117 123 125 131 146 187 0
-183 -177 -175 -174 -164 -159 -116 -107 -97 -87 -76 -60 -36 -35 -31 -26 -25 -6 -4 15 20 41 43 50 67 130 156 166 169 170 172 176 186 193 0
-176 -160 -157 -153 -152 -148 -143 -134 -129 -117 -115 -111 -107 -91 -83 -69 -63 -47 -44 -37 -33 -26 1 3 12 16 25 28 31 36 51 60 67 75 103 109 110 119 126 133 141 144 146 154 161 171 172 174 192 198 0
-171 -170 -163 -161 -156 -155 -144 -139 -114 -111 -107 -101 -96 -92 -87 -82 -77 -70 -66 -64 -63 -58 -53 -44 -41 -40 -28 -22 -17 -3 -1 11 39 57 62 67 81 88 95 100 110 112 115 131 133 145 168 178 197 0
-190 -177 -97 83 143 144 0
-169 -164 -143 -134 -132 -127 -82 -76 -72 -53 -37 -21 27 30 34 44 48 52 60 89 98 140 158 191 0
-199 -191 -172 -163 -155 -154 -152 -142 -140 -137 -121 -120 -100 -95 -67 -64 -62 -60 -58 -54 -44 -36 -31 -17 -11 -6 3 4 27 34 41 71 82 83 90 104 111 112 124 135 158 164 167 186 190 0
-187 -161 -110 -101 -10 46 64 72 78 83 96 133 149 195 0
-187 -184 -172 -166 -159 -136 -131 -128 -127 -125 -120 -119 -118 -108 -96 -70 -66 -44 -31 -30 -26 -20 -9 6 14 39 52 56 67 79 81 82 83 89 93 98 121 124 154 169 173 175 176 183 199 0
-195 -170 -115 -106 -97 -71 -64 -40 2 25 43 59 118 135 0
-197 -155 -153 -149 -111 -80 -69 -54 -34 -33 -22 -2 45 78 102 108 176 0
-188 -169 -167 -160 -144 -123 -122 -121 -100 -95 -94 -88 -86 -81 -71 -69 -56 -51 -26 -25 -12 9 13 19 32 37 45 68 75 80 97 99 102 113 134 155 162 170 173 179 189 190 192 194 0
-185 -178 -172 -161 -145 -121 -101 -79 -65 -59 -39 -37 -16 -14 -11 2 6 10 18 19 41 54 71 96 104 107 131 133 147 151 163 187 194 0
-199 -196 -145 -40 -27 -7 12 19 29 75 76 92 109 119 144 186 0
-195 -189 -166 -158 -154 -126 -106 -97 -78 -75 -63 -54 -43 -30 -11 -9 27 33 57 58 60 87 137 162 170 183 200 0
-178 -163 -156 -155 -147 -129 -105 -102 -100 -96 -90 -87 -86 -84 -82 -74 -67 -61 -58 -46 -15 -7 2 14 31 44 56 60 63 64 70 77 80 103 108 117 149 153 162 164 165 168 169 180 187 192 197 0
-199 -198 -195 -180 -176 -169 -166 -155 -151 -125 -120 -117 -102 -85 -81 -59 -55 -37 5 9 10 15 16 31 32 52 58 60 109 113 163 183 191 0
-198 -196 -168 -99 -94 -85 -83 -81 -71 -66 -63 -59 -44 -39 -28 -25 -24 -21 -20 -17 -7 -4 -3 2 35 38 45 50 79 91 95 96 108 109 117 118 127 134 140 148 157 161 179 182 189 190 192 0
-198 -183 -142 -141 -139 -120 -105 -103 -76 -45 -41 -21 -18 5 9 12 20 26 29 51 56 70 99 100 152 0
-178 -144 -135 -108 -106 -102 -100 -64 -62 -35 -28 -25 -10 -4 13 15 43 51 72 74 82 114 123 127 129 140 155 184 0
-184 -174 -27 5 14 73 86 193 0
-194 -157 -155 -116 -109 -108 -104 -72 -64 -61 -37 29 40 79 91 125 166 0
-184 -139 -115 -110 -109 -103 -102 -86 -75 -57 -25 -19 -3 32 34 45 98 126 134 140 141 143 190 191 0
-200 -191 -189 -172 -171 -140 -136 -134 -120 -110 -104 -103 -87 -79 -21 -4 33 82 92 149 158 160 165 167 168 170 173 174 183 185 195 197 0
-199 -177 -176 -175 -174 -167 -165 -152 -149 -143 -141 -115 -114 -109 -101 -93 -87 -68 -62 -53 -38 -35 -30 -28 -27 -22 12 34 36 40 44 50 56 85 86 88 102 113 126 140 162 164 168 169 185 196 0
-74 -34 -10 -1 83 116 0
-192 -189 -184 -183 -175 -164 -147 -146 -142 -139 -131 -125 -106 -103 -90 -71 -53 -44 -42 -27 -19 7 10 12 16 24 25 43 54 57 69 75 81 85 91 97 130 151 163 176 177 180 187 0
-200 -194 -192 -188 -172 -171 -169 -160 -159 -152 -139 -133 -131 -102 -97 -91 -90 -63 -61 -54 -51 -49 -30 -29 2 13 17 19 25 28 33 52 73 77 81 83 84 95 98 108 111 112 120 124 127 154 166 173 184 0
-19 0
-193 -164 -113 -99 -58 -47 92 116 142 145 176 0
-184 -182 -173 -171 -158 -146 -145 -137 -126 -118 -114 -109 -90 -61 -41 -11 -8 10 26 28 80 98 99 111 125 157 175 177 178 191 0
-113 -93 -16 -13 22 50 137 0
-192 -173 -167 -165 -158 -124 -123 -111 -110 -103 -99 -72 -67 -57 -49 -41 -26 -24 -9 -5 3 13 17 19 33 34 51 53 59 74 114 115 116 127 138 140 163 175 193 196 198 0
-196 -191 -180 -173 -168 -167 -163 -161 -160 -148 -139 -125 -124 -119 -105 -90 -79 -61 -40 -29 -16 -5 22 26 37 44 63 78 112 116 118 128 136 142 165 170 179 184 194 198 0
-181 -165 -163 -100 -95 -84 -80 -73 -55 -48 -44 -38 -11 15 18 64 76 114 116 117 118 145 172 176 196 0
-64 59 0
-200 -174 -166 -163 -123 -116 -106 -100 -73 -56 -49 -46 -28 -26 -24 -12 8 11 29 60 70 84 147 172 181 185 195 196 199 0
-186 -185 -178 -175 -173 -164 -158 -143 -139 -132 -126 -113 -105 -97 -82 -55 -54 -52 -50 -48 -46 -40 -35 -22 -16 21 32 60 64 66 85 92 102 106 110 112 129 135 147 151 172 182 189 0
-192 -184 -175 -171 -170 -156 -155 -137 -130 -128 -126 -108 -104 -100 -97 -55 -37 -27 -8 15 29 41 49 58 72 91 92 93 101 102 103 133 168 186 0
-196 -192 -187 -185 -179 -161 -116 -115 -87 -66 -64 -50 -38 -20 -6 -2 11 36 68 70 77 104 117 122 138 155 166 183 0
-199 -188 -173 -165 -153 -139 -133 -127 -123 -105 -96 -94 -92 -85 -74 -71 -70 -69 -57 -56 -45 -14 -12 -1 15 20 46 49 87 89 91 106 110 111 112 119 124 131 155 160 174 180 193 195 0
-175 -97 -95 -86 -53 -11 -6 -1 9 22 74 114 147 159 162 168 0
-139 -117 -104 -100 -95 -74 -68 -47 -46 -21 -4 6 10 56 61 63 75 91 102 114 119 120 129 135 162 165 181 0
-199 -195 -192 -153 -145 -138 -134 -124 -119 -92 -55 -53 -42 -40 -28 -27 -25 -20 -18 3 8 10 46 51 56 73 75 77 113 128 139 154 171 173 0
-85 -22 -5 34 49 68 131 0
-155 -80 1 139 160 181 0
-171 -112 -34 -26 4 23 25 35 38 53 57 75 82 91 99 113 149 153 160 173 180 0
-195 -182 -174 -161 -156 -137 -136 -129 -91 -89 -64 -62 -59 -55 -36 -20 -19 -17 -14 -10 11 12 39 41 44 58 63 65 68 74 77 80 114 118 119 132 140 154 172 188 198 0
-199 -179 -171 -160 -159 -130 -122 -73 -60 -48 -46 -43 -25 -23 -11 -2 13 14 56 63 72 78 81 112 145 152 157 182 185 0
-187 -175 -173 -140 -111 -100 -88 -75 -71 -69 -41 -19 -15 8 22 25 28 44 73 113 138 145 163 166 0
-183 -134 -121 -105 -95 -88 -68 -64 -47 -28 -17 34 35 53 59 89 115 120 132 133 169 191 193 196 0
-85 5 25 57 92 103 107 149 160 0
-200 -196 -187 -182 -178 -144 -141 -135 -130 -128 -125 -122 -111 -108 -100 -93 -88 -81 -79 -72 -65 -50 -45 -43 -35 -34 -29 -22 -18 -11 -5 3 10 25 38 66 71 76 80 83 90 97 116 121 140 143 166 168 190 191 0
-86 -3 125 164 178 194 0
-184 -173 -160 -141 -131 -109 -76 -47 -46 -11 -4 15 26 42 43 69 103 105 111 123 149 165 167 183 0
-192 -191 -184 -168 -125 -43 -40 -36 -28 -17 60 70 82 85 122 153 164 175 0
-186 -156 -110 -97 -89 -45 -41 9 73 80 131 153 0
-174 -151 -141 -102 -39 -20 35 83 197 0
-187 -139 -134 -132 -115 -97 -93 -43 -42 -28 -21 -17 -6 18 24 36 41 57 70 72 76 77 78 81 85 90 98 120 136 140 146 149 155 170 171 172 190 191 197 199 0
-129 42 0
-199 -194 -183 -170 -166 -157 -156 -117 -108 -97 -92 -88 -87 -83 -80 -77 -58 -35 -29 -28 -20 -18 -14 -11 40 70 79 90 93 106 109 114 126 128 138 147 149 165 174 176 195 0
-193 -178 -161 -160 -152 -148 -147 -126 -120 -90 -86 -84 -74 -64 -63 -53 -40 -14 -7 5 9 30 41 46 61 65 67 71 97 132 146 166 181 199 200 0
-199 -197 -175 -174 -173 -167 -154 -151 -147 -140 -124 -123 -102 -98 -95 -69 -64 -55 -54 -49 -45 -44 -38 -30 -24 -22 -20 -18 -15 -14 -9 26 33 51 53 68 71 75 87 93 97 100 106 121 129 130 145 170 0
-148 -142 -136 -135 -134 -120 -115 -96 -88 -63 -36 -16 -4 -2 32 39 47 55 57 76 81 98 118 130 145 149 158 187 200 0
-191 -189 -174 -140 -130 -124 -117 -105 -90 -68 -53 -52 -45 -43 -31 -21 -18 11 14 32 51 55 56 60 75 92 95 101 126 127 132 137 147 148 153 186 188 0
-200 -185 -179 -167 -165 -159 -143 -133 -115 -97 -89 -62 -44 -30 12 15 33 36 37 98 110 131 0
-177 -151 -132 -126 -109 -82 -68 -45 -16 -13 -1 3 42 131 152 165 167 171 180 184 197 0
-181 -169 -150 -148 -105 -78 -68 -67 -64 -62 -58 2 13 30 35 48 104 116 127 187 190 195 0
-190 -167 -157 -154 -135 -122 -121 -89 -83 -73 -70 -67 -61 -60 -58 -48 -43 -37 -36 -31 -24 -22 12 14 17 29 30 32 33 55 56 81 99 110 134 138 140 145 151 153 159 165 180 188 196 0
-193 -152 -145 -140 -136 -128 -124 -103 -63 -49 -24 -11 44 46 97 102 191 0
-161 -79 -43 -40 -7 -3 60 68 105 113 131 143 145 150 158 0
-198 -197 -194 -186 -169 -167 -159 -147 -135 -134 -131 -130 -119 -103 -94 -77 -69 -66 -63 -55 -52 -26 -25 -21 -8 -5 -1 19 39 58 65 92 95 100 102 110 122 124 125 126 162 170 182 187 0
-27 69 0
-184 -177 -147 -140 -125 -110 -105 -99 -92 -85 -82 -76 -67 -39 -35 -31 -29 -21 -15 -7 -4 1 19 37 44 55 79 104 111 119 127 134 135 141 146 148 149 156 160 168 169 182 199 0
-191 -170 -125 -120 -119 -111 -110 -106 -101 -64 -61 -48 -30 -29 -19 3 18 59 75 79 108 121 124 145 148 149 151 160 188 189 199 0
-192 -162 -84 -56 50 120 0
-189 -168 -167 -149 -147 -127 -125 -112 -105 -103 -92 -75 -57 -34 -18 -12 32 137 141 176 180 0
-180 -178 -149 -147 -121 -96 -63 -61 -54 -51 137 167 190 192 0
107 130 170 200 0
-193 -190 -164 -150 -134 -125 -123 -102 -91 -90 -76 -70 -33 -32 -26 -17 -2 -1 8 10 12 38 43 49 62 93 148 158 0
-153 -151 -123 -103 -98 -86 -9 7 20 38 40 42 95 109 118 135 137 161 183 198 0
-186 -177 -173 -170 -164 -157 -149 -144 -128 -122 -105 -98 -88 -64 -20 -16 -10 -9 2 17 23 39 42 49 66 81 97 99 104 114 116 117 119 129 142 145 150 166 167 169 181 184 194 0
-170 -162 -123 -90 -83 -77 -57 -41 -39 -36 -11 -9 -6 18 24 29 31 34 46 55 58 61 71 76 82 99 112 117 159 161 163 169 180 185 196 0
-185 -147 -119 -48 -17 -6 28 112 120 133 136 169 194 0
-199 -190 -184 -154 -153 -151 -134 -105 -102 -99 -74 -72 -60 -58 -43 -37 -31 -30 8 24 33 46 52 63 78 87 98 117 145 150 172 183 192 197 0
-156 -149 -134 -85 -78 -35 33 41 69 154 0
-196 -181 -159 -155 -135 -121 -120 -118 -117 -113 -102 -89 -76 -43 -36 -29 -26 -1 25 39 81 94 129 145 151 161 168 182 187 0
-158 -135 36 120 0
-167 -161 -140 -115 -73 -61 -41 -37 4 6 22 42 65 69 80 82 105 135 143 156 168 187 193 197 0
-195 -177 -175 -165 -112 -92 -91 -85 -83 -82 -78 -61 -53 -52 -45 -34 -28 -18 1 17 30 31 37 48 50 74 80 96 118 151 153 168 170 172 182 198 0
-115 48 90 116 125 130 0
-172 -161 -159 -126 -118 -113 -84 -76 -47 -32 -18 -15 -9 -5 3 6 28 60 73 77 116 124 158 160 175 180 0
-165 -159 -142 -113 131 0
-182 -164 -159 -132 -128 -111 -109 -103 -92 -84 -83 -77 -73 -64 -42 -28 -12 -11 -7 2 5 6 10 14 16 27 31 37 52 67 74 75 82 98 102 104 105 116 126 152 153 156 167 197 200 0
-163 -154 -97 -90 -84 -82 -50 -39 2 105 110 161 0
-131 -22 -2 11 20 120 133 0
-200 -172 -168 -156 -148 -141 -129 -121 -76 -72 -57 -42 -28 -14 8 26 29 43 49 64 82 85 90 100 104 106 112 114 136 140 182 190 191 195 0
-184 -155 -58 3 10 80 91 133 0
-199 -189 -169 -166 -147 -138 -119 -116 -98 -94 -92 -85 -79 -68 -50 -42 -34 -30 -27 -19 -17 8 23 64 66 86 87 95 102 111 112 113 124 135 149 150 167 176 177 194 200 0
-197 -165 -147 -127 -89 -82 -74 -59 -57 -21 -6 -1 5 22 25 30 31 55 61 75 79 91 101 119 133 135 142 148 152 185 191 0
-199 -197 -194 -193 -184 -183 -175 -149 -139 -126 -104 -102 -93 -81 -73 -66 -41 -35 -31 -30 -24 -5 -1 20 36 39 49 74 75 82 83 85 87 99 101 105 119 122 141 179 192 0
-200 -178 -147 -140 -128 -123 -118 -93 -82 -78 -59 -47 -33 -22 -20 -5 13 18 39 86 95 105 106 124 125 132 141 149 154 161 163 167 170 171 182 199 0
-183 -127 -120 -88 -58 -27 34 148 0
-24 152 167 0
-176 -171 -166 -159 -146 -115 -111 -79 -51 -48 -22 -21 20 28 29 39 47 60 65 66 71 75 108 131 133 137 147 169 172 180 193 0
-197 -190 -184 -155 -140 -131 -128 -120 -105 -100 -84 -68 -64 -42 -16 -7 13 20 35 94 101 110 115 123 137 142 170 173 179 180 186 187 196 199 0
-193 10 62 0
-162 -154 -124 -111 -73 -62 -37 -20 -18 5 35 42 53 56 119 156 0
-194 -177 -174 -171 -167 -140 -132 -124 -118 -117 -113 -112 -99 -68 -46 -25 -15 -5 1 13 26 35 47 65 66 79 101 115 145 148 149 154 168 184 191 0
-132 -128 -122 -117 -114 -100 -85 -70 -68 -65 -41 -9 53 56 82 90 120 198 0
-140 -134 -57 -54 -34 55 65 174 0
-198 -142 -90 -71 -70 -55 -36 -26 -22 -17 -15 -7 -5 57 63 64 79 92 93 97 123 129 131 132 134 139 140 152 154 155 161 180 186 189 191 193 194 0
-160 -111 -58 55 173 182 0
-197 -181 -166 -154 -149 -126 -112 -30 -26 20 51 59 64 67 91 164 173 176 184 0
-191 -165 -147 -118 -105 -40 -29 -25 -21 2 11 47 196 0
-197 -184 -166 -157 -120 -115 -94 -77 -76 -56 -47 -18 2 10 11 36 62 64 70 75 93 112 135 140 141 150 164 170 188 192 193 0
-175 -174 -167 -165 -152 -127 -93 -82 -79 -54 -52 -43 -26 -11 2 8 37 53 55 66 71 77 87 88 99 101 124 137 151 169 200 0
-199 -193 -192 -186 -182 -180 -179 -151 -127 -118 -107 -102 -97 -53 -25 -22 -9 -8 -6 32 49 64 65 75 171 176 0
-187 -183 -180 -179 -169 -156 -149 -145 -141 -124 -105 -103 -89 -77 -53 -50 9 19 55 60 61 79 88 160 177 190 192 0
-194 -191 -187 -184 -182 -167 -165 -155 -150 -142 -120 -117 -116 -115 -108 -105 -93 -88 -87 -85 -79 -75 -64 -47 -22 -8 -7 23 43 57 69 84 90 95 99 129 134 136 146 149 162 166 168 169 178 181 185 188 0
-197 -183 -176 -110 -101 -79 -68 -55 -23 21 26 82 107 109 120 140 169 188 196 0
-198 -165 -150 -142 -128 -126 -119 -104 -99 -90 -62 -59 -45 -36 -30 -11 -9 -5 13 23 31 50 71 81 83 110 112 120 182 197 0
-190 -189 -186 -180 -171 -161 -156 -147 -137 -136 -132 -117 -112 -88 -65 -64 -48 -45 -39 -32 -31 -27 -13 -12 -10 -9 -2 21 35 37 41 50 53 59 95 96 98 99 106 107 122 134 144 148 151 154 183 194 197 200 0
-200 -191 -125 -93 -51 -10 6 15 21 63 74 94 124 128 170 189 0
-168 -153 -65 -46 -40 -37 -14 -9 21 28 80 103 148 0
-200 -197 -187 -180 -177 -170 -163 -162 -152 -133 -131 -120 -118 -113 -82 -71 -61 -48 -28 -23 -21 -13 -9 -8 -2 6 12 24 42 44 56 60 67 87 93 107 112 123 125 127 139 141 153 159 166 184 188 0
-159 -158 -157 -154 -124 -116 -107 -95 -82 -71 -68 -66 -56 -53 -44 -32 -31 -29 -27 -24 -18 -16 -6 -5 22 36 59 73 91 114 117 151 156 162 168 169 171 178 189 196 0
-172 -7 177 0
-196 -161 -156 -155 -151 -135 -128 -127 -98 -92 -73 -67 -63 -50 -49 -48 -47 -41 -40 -39 -13 -10 15 19 42 44 53 58 69 81 95 109 112 118 119 157 158 159 165 197 0
-189 -156 -139 -119 -116 -104 -102 -70 -59 -46 -39 -27 -18 -11 -7 2 10 23 78 84 92 123 125 130 132 142 143 152 192 197 0
-151 -58 107 140 156 0
-187 -96 -68 142 163 175 0
-178 -177 -171 -168 -159 -148 -143 -90 -87 -44 -17 -8 -1 24 31 34 37 62 105 113 117 123 127 133 142 157 174 0
-158 -140 -137 -125 -116 -110 -93 -64 -59 -49 -47 -34 -25 -12 -8 -1 7 24 56 62 81 91 115 123 128 145 147 156 172 181 188 194 0
-199 -196 -192 -188 -183 -178 -175 -171 -145 -138 -136 -124 -122 -112 -111 -110 -92 -74 -70 -65 -63 -61 -56 -49 6 24 36 46 85 88 96 101 104 105 133 139 151 153 154 169 193 0
-191 -186 -185 -170 -144 -140 -139 -126 -125 -124 -122 -114 -109 -107 -88 -75 -60 -47 -46 -43 -27 -22 -18 -17 3 23 25 30 33 34 42 50 53 90 92 100 102 111 127 130 132 136 154 179 192 193 0
-182 -148 -139 -132 -104 -69 -43 -18 -9 -7 22 23 31 46 90 100 143 144 149 150 158 159 0
-193 -163 -149 -138 -133 -130 -129 -124 -122 -121 -114 -97 -85 -81 -77 -62 -58 -52 -46 -42 -21 -16 2 5 7 22 31 54 65 84 87 88 99 108 126 139 147 152 154 157 186 0
-197 -184 -158 -152 -151 -145 -126 -106 -89 -63 -61 -53 -44 -42 -29 -18 1 2 17 26 41 54 65 70 76 77 79 80 94 108 112 116 129 159 162 174 177 193 0
-72 -65 -43 29 32 115 121 148 168 180 199 0
-190 -189 -184 -165 -139 -132 -127 -87 -86 -63 -62 -34 -23 -21 -15 -11 -5 -2 1 7 19 31 39 56 60 66 88 92 94 95 97 106 122 125 130 137 146 151 153 159 167 181 194 198 0
-192 -147 -139 -135 -134 -120 -119 -85 -76 -64 -63 -60 -14 -13 -2 8 16 22 30 35 72 74 79 86 93 94 101 122 125 127 140 157 170 174 182 190 0
-176 -118 -104 -57 -44 9 113 122 0
