100 100 ND
1 42 34
2 22 53
2 46 60
5 76 46
6 12 73
6 36 20
7 3 91
7 71 14
9 75 81
10 17 45
10 57 77
10 72 20
12 36 91
14 52 51
14 56 9
15 25 53
15 49 62
16 53 22
21 73 80
24 8 42
25 87 42
26 37 59
28 10 94
28 57 65
28 78 55
30 68 40
30 81 32
31 55 25
31 79 14
31 94 19
32 27 48
33 71 33
33 81 6
34 8 75
35 30 64
37 51 79
37 86 47
37 95 66
39 72 13
42 47 13
42 68 100
44 38 93
44 45 75
45 52 31
45 76 51
46 90 73
47 75 74
49 6 40
49 16 38
49 54 69
51 72 41
52 41 66
53 23 32
54 66 7
56 53 85
56 74 51
57 2 21
57 19 33
60 13 24
60 51 57
60 87 85
61 93 89
62 30 38
62 76 14
65 80 9
66 15 84
66 18 80
66 79 35
67 42 75
67 84 89
69 5 57
69 42 43
71 20 19
73 37 74
74 99 62
75 1 23
76 38 9
76 59 38
78 35 88
78 55 69
79 11 39
79 15 15
81 85 73
83 52 1
83 68 38
83 74 54
84 71 32
86 0 28
87 73 51
91 74 11
92 86 19
93 6 64
94 23 59
94 56 15
95 86 74
96 67 14
96 70 79
97 75 8
98 99 55
99 1 53
