100 100 ND
1 89 46.9582
3 40 51.1487
3 74 36.6772
4 9 61.5796
5 65 49.9967
5 76 40.5556
6 44 55.777
7 64 47.729
11 30 41.9525
11 85 48.2487
12 63 38.6173
13 86 67.8509
14 18 36.8164
15 67 56.7331
16 54 58.0084
16 89 50.9465
17 28 58.3413
18 98 56.6548
19 35 48.8507
20 40 42.2737
21 86 45.2616
22 58 57.3557
23 50 38.5034
25 29 50.4253
25 55 48.9637
25 90 51.5015
26 9 49.2038
27 28 44.6701
29 39 49.8114
30 87 51.5366
31 82 54.7178
33 4 54.0901
33 41 39.7634
33 77 52.0085
34 87 49.5275
35 61 41.5365
35 91 50.8887
36 23 44.6612
36 60 56.747
37 69 59.6811
38 17 60.8977
39 53 60.3732
41 15 50.2524
41 38 51.6334
42 97 48.753
43 19 51.9676
46 18 56.4568
47 92 53.4734
48 61 44.4272
50 49 51.421
50 64 63.0987
51 32 31.7428
52 77 61.0285
53 2 47.3622
55 9 54.333
55 12 39.5936
55 91 64.1424
56 8 63.2289
56 90 56.1637
57 83 52.3611
61 11 39.016
62 38 60.3632
62 40 39.3824
62 71 41.2966
63 83 52.3342
65 80 56.7965
66 17 41.2924
67 21 38.603
67 88 43.468
68 34 53.8195
70 63 46.0065
72 6 60.7321
72 77 48.7107
73 83 70.1115
74 43 50.1398
76 16 53.878
78 67 31.318
79 13 72.6608
79 67 52.7771
79 82 67.0139
79 99 45.0864
82 58 62.9434
85 38 43.8999
87 69 53.9346
88 9 52.9991
89 22 48.7544
89 83 58.5294
90 64 51.4113
92 49 51.9809
92 55 39.4941
93 8 39.1887
93 33 56.8807
94 52 50.0716
96 30 57.6788
97 11 44.323
98 32 38.0107
98 77 54.1271
99 1 52.8144
99 25 69.6042
99 59 38.0668
