100 100 ND
0 20 85.0959
0 66 96.8669
0 74 65.1975
0 90 58.5729
1 34 66.47
3 38 26.0387
3 94 84.5924
5 15 25.9473
5 20 64.5792
5 31 85.9292
5 63 34.7674
5 93 49.5689
6 12 74.8702
6 22 63.7111
6 26 42.9292
6 41 9.15782
7 91 79.274
8 21 12.2509
8 75 82.5097
10 84 3.20639
11 39 20.0833
12 72 56.4683
13 57 29.2654
14 6 82.6886
14 13 2.44364
14 54 61.4961
15 2 28.831
17 63 82.7757
17 73 73.6914
20 53 94.2955
22 69 4.08549
22 96 63.6448
24 65 13.7378
24 99 58.9308
25 68 87.5653
28 1 35.7646
28 99 26.4001
29 6 64.4138
29 47 16.9204
29 79 95.7599
31 89 78.6847
32 0 19.2748
32 90 17.3787
33 83 99.2189
35 59 43.557
36 19 73.3432
36 57 6.01986
37 99 35.4245
38 79 52.3244
38 95 35.0091
42 41 39.0461
44 56 62.3777
46 52 75.0133
47 6 92.2201
47 37 65.5357
48 97 71.3719
49 10 3.15362
49 77 48.3072
49 93 96.608
50 49 85.7928
50 70 50.0026
51 9 26.5289
55 11 9.52714
56 53 63.8578
57 70 46.639
58 12 40.2255
61 8 67.0308
61 80 17.7051
62 49 48.3713
65 57 21.8768
66 7 58.3754
67 37 15.2592
67 52 5.79849
67 69 68.4192
67 81 22.7071
67 93 49.1586
68 42 94.4818
70 80 75.1975
72 16 60.8522
72 75 26.1109
73 46 48.0274
75 62 99.4322
77 62 9.0654
78 55 2.19773
83 39 86.3416
83 91 82.2277
84 50 86.0667
84 86 6.75816
86 16 5.31082
86 81 79.1242
87 56 64.3845
89 78 8.97872
90 84 3.85106
90 89 81.4556
91 31 49.3955
94 22 79.9124
94 23 39.9447
95 21 92.175
95 64 81.0989
97 29 91.843
