100 100 D
0 7 1
0 12 1
0 83 1
1 24 1
2 65 1
2 66 1
4 40 1
4 50 1
4 96 1
6 22 1
7 37 1
7 39 1
7 71 1
9 16 1
9 87 1
10 79 1
13 17 1
13 42 1
13 77 1
15 69 1
16 96 1
17 12 1
17 42 1
18 79 1
18 96 1
19 42 1
19 80 1
23 27 1
23 76 1
24 73 1
25 11 1
26 51 1
26 68 1
27 31 1
27 62 1
27 66 1
27 78 1
31 18 1
31 35 1
33 24 1
33 82 1
36 0 1
37 31 1
38 22 1
38 55 1
39 28 1
40 89 1
41 63 1
42 43 1
45 88 1
47 83 1
48 90 1
48 92 1
49 26 1
51 57 1
52 65 1
52 81 1
53 14 1
53 17 1
55 52 1
56 5 1
58 48 1
59 20 1
59 46 1
59 67 1
60 11 1
61 99 1
64 90 1
66 4 1
66 12 1
66 65 1
67 16 1
67 68 1
68 67 1
70 35 1
71 39 1
73 77 1
74 64 1
76 69 1
76 87 1
80 71 1
80 75 1
80 85 1
83 1 1
84 85 1
85 0 1
85 69 1
87 98 1
88 44 1
88 50 1
88 80 1
89 12 1
90 82 1
91 25 1
91 54 1
92 2 1
92 22 1
98 92 1
99 4 1
99 18 1
