100 100 ND
3 6 1
3 41 1
4 2 1
5 7 1
8 11 1
8 32 1
9 1 1
9 74 1
11 27 1
14 61 1
18 11 1
18 50 1
21 64 1
21 86 1
22 23 1
22 33 1
23 35 1
23 62 1
23 80 1
25 20 1
25 69 1
26 59 1
26 67 1
27 1 1
27 54 1
27 96 1
28 29 1
28 32 1
28 44 1
29 4 1
29 59 1
30 25 1
30 51 1
30 95 1
31 10 1
32 17 1
32 73 1
33 21 1
37 84 1
37 98 1
38 17 1
38 90 1
40 19 1
41 84 1
42 1 1
45 86 1
47 4 1
47 29 1
49 74 1
50 3 1
50 80 1
51 96 1
53 59 1
54 65 1
56 75 1
60 55 1
60 70 1
63 17 1
64 31 1
65 34 1
67 20 1
68 73 1
68 97 1
69 93 1
70 30 1
70 71 1
73 3 1
73 11 1
75 15 1
75 26 1
75 76 1
76 48 1
76 51 1
77 55 1
77 64 1
80 55 1
80 71 1
81 50 1
81 76 1
82 0 1
82 42 1
82 91 1
83 72 1
83 86 1
84 29 1
86 47 1
88 38 1
89 63 1
90 67 1
91 55 1
94 24 1
94 40 1
94 66 1
95 9 1
95 22 1
96 3 1
97 62 1
98 21 1
99 50 1
99 58 1
