100 100 D
0 23 12
0 38 72
3 0 55
3 32 26
3 43 76
7 67 4
8 29 66
9 43 45
10 76 78
11 70 34
14 5 11
14 11 74
14 39 5
14 73 95
15 93 70
16 10 75
20 91 14
21 11 37
21 35 76
22 2 98
23 58 77
25 15 10
25 60 92
27 52 7
27 69 18
27 90 88
29 60 36
29 85 73
30 18 4
32 9 83
32 90 19
33 37 77
33 88 28
34 78 78
35 14 100
35 49 80
35 72 91
38 67 47
39 77 96
41 87 29
43 8 97
43 71 62
43 85 55
46 96 76
47 24 65
49 9 29
50 18 67
51 25 73
51 87 2
52 38 16
53 39 77
55 61 80
56 17 15
56 43 90
57 37 73
57 43 86
58 7 43
58 73 60
59 39 92
59 47 89
59 98 54
60 28 74
63 74 80
68 22 83
68 69 65
69 79 37
70 26 62
71 89 35
72 21 72
72 42 63
72 92 85
73 8 67
73 76 77
74 38 37
74 47 9
74 81 80
75 33 90
75 96 36
77 45 29
77 63 57
79 22 68
80 12 72
83 42 69
86 48 29
86 99 87
87 99 79
89 7 80
89 23 7
90 10 28
92 49 87
93 20 81
94 91 37
94 99 8
95 55 81
96 76 58
97 8 53
97 43 64
98 16 67
98 47 52
99 21 63
