100 100 D
0 89 68.7158
1 35 51.5428
1 81 55.4958
2 51 35.1547
3 20 34.0184
5 90 29.6377
6 70 43.7281
6 80 42.4707
7 17 53.6045
7 23 55.1819
7 74 53.7697
8 33 53.0096
8 41 58.2604
8 84 60.9552
10 19 23.9692
13 39 43.0464
14 13 50.1362
14 49 43.3895
14 57 49.7816
15 48 46.5725
16 5 44.1629
16 37 38.9275
18 15 46.2293
19 75 51.5485
20 10 48.1374
20 29 40.1637
20 65 59.9997
21 10 62.4256
22 63 52.9621
22 84 37.3894
23 13 45.0518
23 45 64.9357
24 63 52.8906
25 52 56.8541
25 66 41.2315
25 71 65.9144
27 75 71.2159
29 16 51.6191
30 95 55.6592
31 90 52.8758
32 60 42.4503
32 84 42.8291
33 99 56.4499
34 52 64.3554
35 85 58.0142
36 24 65.0333
36 82 51.083
37 6 42.5962
39 60 43.8542
41 0 48.8498
45 69 44.011
45 73 72.4948
46 9 43.5156
47 86 53.2441
48 1 51.5761
48 80 50.7072
49 21 36.8591
50 70 62.3849
50 95 56.8358
52 81 56.3933
54 96 40.1433
55 31 56.8254
55 47 55.9318
56 17 38.6271
56 85 50.8776
57 42 64.8147
57 45 58.4327
59 10 59.4185
61 15 47.0182
61 82 53.9689
64 57 42.5943
65 8 54.6545
67 53 51.6412
70 46 41.2985
70 84 36.7776
72 9 47.0558
73 4 48.9935
74 41 60.2885
74 79 41.5214
78 30 51.484
79 7 35.7216
80 2 76.7536
80 79 63.7121
80 86 60.5436
81 46 65.0711
81 56 31.764
85 3 57.8847
85 65 55.0954
85 80 30.417
89 23 47.396
91 61 44.8539
91 77 61.8983
93 51 66.4872
93 88 44.2849
94 18 62.5397
94 61 44.3065
94 98 49.1026
96 11 45.6416
96 59 42.0122
98 68 57.9312
