100 100 D
5 33 52.3955
7 25 52.275
9 14 95.5308
11 78 31.9324
11 95 46.0464
13 63 77.0358
14 9 21.8871
14 21 71.5832
16 73 70.0445
17 81 89.3883
18 1 48.0056
18 92 75.5585
20 17 59.9356
22 23 66.549
27 60 29.8459
28 45 48.563
28 66 54.8315
29 3 56.4341
30 54 30.0887
31 93 70.7844
32 71 15.1591
33 87 63.381
34 57 43.6856
34 80 74.2682
35 44 68.2956
36 49 3.6614
36 79 51.8126
38 3 99.0674
38 21 48.9546
38 32 2.87571
40 12 35.7207
43 9 43.6111
43 37 60.134
43 99 92.543
44 29 74.1643
45 9 61.923
47 8 27.4948
47 71 90.4134
51 17 83.2148
51 24 16.5308
53 77 9.80432
54 92 83.3381
58 92 75.2265
59 6 8.15881
59 15 53.8295
60 29 58.1325
60 95 84.9846
61 43 71.9161
63 27 2.73664
63 47 73.1642
64 42 95.202
64 72 24.2243
65 60 89.3811
66 41 59.4387
67 25 52.0288
67 34 84.0916
67 38 89.8076
68 42 22.0839
69 14 73.1872
69 17 88.9322
71 61 97.1139
72 90 36.7303
73 17 66.81
74 11 71.7515
76 59 27.1928
77 33 82.8323
77 50 91.8057
78 98 57.5235
79 4 32.6388
79 12 56.9061
79 70 18.1743
80 22 24.1541
81 13 13.2197
83 52 5.45127
84 27 10.3679
85 38 11.5081
86 2 68.8744
86 37 16.207
87 3 84.5981
87 59 85.3541
89 24 48.7023
89 27 6.15693
89 57 85.9168
89 85 85.8764
90 28 8.75047
91 74 16.44
91 76 19.3021
91 82 32.9961
94 15 41.1961
94 26 92.5308
94 92 12.408
96 20 70.3864
96 44 23.5271
97 10 8.48896
97 80 61.7444
97 82 82.7947
98 43 77.127
98 49 73.0181
98 59 67.609
98 86 16.985
