100 4365 ND
0 1 78.2039
0 2 110.366
0 3 72.7972
0 4 127.548
0 6 105.329
0 8 109.905
0 12 99.3262
0 15 72.6626
0 17 86.7762
0 19 129.339
0 20 92.8717
0 23 89.3417
0 25 118.537
0 27 96.1542
0 29 136.731
0 33 96.4552
0 34 100.319
0 35 108.181
0 36 104.272
0 38 87.0839
0 42 73.6696
0 44 128.118
0 45 53.5116
0 46 132.363
0 47 103.447
0 52 127.512
0 54 104.434
0 55 114.705
0 58 113.274
0 59 116.748
0 60 79.0584
0 65 98.5957
0 68 82.8808
0 69 107.031
0 70 96.4008
0 71 97.5375
0 73 129.569
0 80 69.7713
0 83 95.9864
0 85 62.0256
0 92 102.795
0 94 71.1488
0 95 88.1777
0 96 105.689
0 97 84.9883
1 9 93.6711
1 11 88.0104
1 13 104.999
1 17 110.589
1 20 116.619
1 21 107.866
1 22 129.713
1 28 116.306
1 30 109.496
1 32 77.0841
1 36 93.7705
1 42 54.1492
1 44 121.088
1 45 116.397
1 47 128.501
1 50 99.4085
1 51 99.3319
1 52 112.881
1 53 125.343
1 55 69.3601
1 59 104.17
1 61 90.8329
1 63 111.501
1 65 115.203
1 66 111.386
1 68 106.007
1 69 130.026
1 71 108.717
1 72 132.687
1 74 95.3026
1 80 110.486
1 81 141.354
1 82 90.4815
1 84 61.8899
1 85 77.282
1 86 107.169
1 87 87.2983
1 89 92.4275
1 92 118.773
1 93 97.4061
1 95 85.0918
1 96 102.166
1 99 126.558
2 1 123.246
2 11 88.6637
2 13 68.9962
2 14 80.8678
2 15 112.451
2 16 93.8895
2 17 67.8299
2 20 105.031
2 21 133.216
2 23 131.131
2 24 105.401
2 25 92.4012
2 32 89.0308
2 33 99.074
2 38 97.8916
2 39 82.0566
2 46 131.72
2 48 105.525
2 51 116.469
2 52 116.12
2 53 117.508
2 54 56.3307
2 60 108.31
2 62 76.6012
2 64 86.4623
2 66 60.6286
2 67 90.5454
2 68 80.0779
2 70 74.519
2 74 59.5074
2 76 67.1544
2 77 100.981
2 78 74.7926
2 81 85.9773
2 84 85.3512
2 86 121.455
2 90 104.855
2 91 111.99
2 93 87.9458
2 94 78.5657
2 96 98.7211
2 99 84.0616
3 1 138.874
3 4 109.703
3 5 104.03
3 7 124.979
3 8 87.8925
3 12 123.674
3 13 97.2192
3 14 71.2387
3 15 114.935
3 16 123.474
3 19 118.369
3 20 123.855
3 23 77.225
3 24 106.567
3 29 94.7598
3 30 98.2157
3 33 105.022
3 34 78.5228
3 35 63.294
3 36 127.004
3 38 108.883
3 39 129.874
3 41 121.381
3 42 128.631
3 43 124.934
3 44 108.78
3 45 69.0945
3 46 87.3048
3 48 59.0884
3 51 88.5387
3 56 70.6223
3 58 116.356
3 59 75.4544
3 61 100.738
3 65 94.8664
3 66 104.878
3 70 111.605
3 71 69.4046
3 76 116.017
3 77 116.604
3 79 108.732
3 80 135.522
3 82 110.134
3 85 122.443
3 86 104.621
3 87 70.5618
3 88 121.277
3 89 112.892
3 90 92.366
3 92 80.265
3 93 82.1041
3 94 81.04
3 97 102.065
3 98 80.6186
4 1 103.434
4 2 92.1453
4 8 53.2015
4 11 87.1785
4 15 94.9299
4 18 76.1808
4 20 79.9039
4 23 85.3654
4 24 120.65
4 29 84.2506
4 31 112.367
4 34 117.286
4 36 126.231
4 38 146.631
4 41 99.4051
4 45 111.317
4 47 103.745
4 53 94.0473
4 55 91.8613
4 63 101.721
4 66 81.1096
4 68 92.7865
4 70 94.4888
4 71 82.5796
4 72 67.7486
4 74 95.7355
4 75 96.0818
4 76 125.568
4 77 90.1716
4 79 101.03
4 80 106.474
4 84 97.7654
4 86 112.208
4 88 108.185
4 92 106.746
4 93 122.083
4 97 73.5852
5 0 144.072
5 1 78.2009
5 4 108.73
5 7 112.161
5 9 104.184
5 10 104.823
5 11 91.8337
5 14 77.5246
5 17 141.601
5 19 95.7973
5 20 92.4454
5 21 73.994
5 22 91.5877
5 24 111.989
5 28 54.3623
5 31 111.264
5 33 86.0232
5 34 117.671
5 35 97.3397
5 36 72.5968
5 39 94.7841
5 40 64.6322
5 41 96.7218
5 42 105.096
5 43 90.9087
5 47 122.144
5 50 83.4781
5 51 118.919
5 52 92.4756
5 56 95.3939
5 57 81.0835
5 60 120.736
5 61 113.937
5 62 94.7611
5 64 93.3331
5 65 99.7707
5 66 78.7846
5 70 102.305
5 74 108.161
5 75 120.912
5 76 89.2243
5 81 93.3962
5 84 93.4308
5 86 80.2592
5 92 76.4615
5 93 95.9989
5 97 88.2956
5 98 89.3504
6 1 92.1293
6 2 104.479
6 3 92.0101
6 4 87.316
6 5 80.7542
6 7 101.768
6 10 127.759
6 14 115.563
6 16 103.64
6 17 102.626
6 18 90.2724
6 20 90.2289
6 22 69.4346
6 24 103.645
6 27 84.6624
6 31 81.7277
6 32 106.915
6 36 121.477
6 40 109.248
6 41 127.275
6 42 109.534
6 44 88.6279
6 46 107.14
6 51 116.168
6 52 100.854
6 55 70.3806
6 57 103.187
6 58 78.9558
6 60 47.6987
6 62 133.396
6 63 69.4236
6 64 61.129
6 65 110.95
6 71 124.16
6 72 123.012
6 76 127.518
6 78 78.2587
6 79 124.779
6 83 95.8272
6 84 78.8725
6 88 80.7731
6 89 69.3484
6 93 118.438
6 95 77.0288
6 96 127.578
6 98 109.041
6 99 75.3028
7 1 105.014
7 10 93.3037
7 12 99.0594
7 13 91.3861
7 19 101.552
7 20 93.7599
7 22 93.4436
7 24 98.037
7 27 107.441
7 31 93.2315
7 32 115.035
7 33 88.5344
7 37 77.0109
7 43 99.5609
7 46 80.4261
7 49 107.559
7 53 95.2312
7 58 111.834
7 59 87.4011
7 62 105.34
7 66 76.3693
7 67 96.7316
7 70 127.467
7 74 89.2645
7 75 57.2121
7 79 103.66
7 80 93.916
7 82 92.4107
7 84 95.7885
7 86 106.224
7 88 95.5447
7 89 98.0029
7 93 136.706
7 94 117.855
7 95 99.7707
7 97 89.3104
8 1 112.197
8 2 123.228
8 5 84.0591
8 6 126.588
8 7 103.854
8 11 79.6166
8 16 117.193
8 17 73.6727
8 25 111.116
8 28 115.594
8 29 103.95
8 34 109.261
8 39 73.5941
8 40 112.458
8 41 140.94
8 42 109.154
8 44 110.642
8 46 94.1274
8 49 142.093
8 51 70.7272
8 53 108.833
8 54 100.516
8 55 91.3462
8 57 94.1681
8 58 109.144
8 59 101.293
8 62 53.9427
8 63 108.973
8 64 83.9617
8 66 70.4018
8 67 126.839
8 73 114.684
8 78 123.207
8 79 70.0712
8 80 87.7858
8 81 110.563
8 82 112.307
8 83 129.696
8 84 92.9596
8 88 113.416
8 91 108.226
8 92 124.128
8 93 112.355
8 94 114.921
8 95 97.46
8 98 103.985
8 99 141.535
9 0 87.1022
9 2 117.588
9 3 101.777
9 4 100.628
9 6 81.2828
9 7 107.074
9 8 95.3679
9 11 98.4477
9 15 88.6693
9 16 103.394
9 22 102.035
9 23 145.442
9 24 115.738
9 28 90.3745
9 30 140.402
9 31 109.233
9 33 100.218
9 34 107.598
9 37 108.539
9 38 110.069
9 40 87.5824
9 41 115.595
9 43 131.806
9 44 137.017
9 46 102.954
9 47 107.768
9 52 111.259
9 53 87.3572
9 57 122.816
9 58 111.473
9 59 93.1573
9 61 106.019
9 62 104.11
9 63 95.7328
9 64 90.1146
9 65 83.7907
9 66 85.4784
9 69 104.194
9 70 107.401
9 74 81.4543
9 75 128.819
9 77 105.931
9 78 103.652
9 82 136.622
9 88 136.831
9 90 87.5246
9 93 109.034
9 96 70.5118
9 97 111.19
9 98 98.4669
10 0 105.937
10 2 132.055
10 3 88.2207
10 4 120.596
10 8 98.0313
10 9 92.7698
10 13 103.571
10 16 121.04
10 19 105.282
10 22 136.141
10 25 117.765
10 27 111.441
10 31 95.0806
10 33 104.913
10 34 89.3399
10 36 90.0742
10 37 74.31
10 38 66.1734
10 40 54.9908
10 42 99.179
10 43 78.8832
10 44 98.0441
10 45 54.1263
10 47 107.167
10 48 98.5563
10 49 100.939
10 51 93.9416
10 54 119.41
10 55 103.072
10 58 110.992
10 60 83.9228
10 61 77.1182
10 65 73.2265
10 69 132.992
10 70 112.649
10 72 99.7003
10 74 96.7728
10 76 142.229
10 78 113.23
10 80 109.52
10 81 89.0077
10 82 97.2936
10 83 102.421
10 88 92.1911
10 92 72.6102
10 93 79.9289
10 94 111.077
10 98 94.8752
11 0 118.688
11 3 78.0175
11 7 76.612
11 10 115.266
11 14 103.944
11 15 54.9908
11 17 80.851
11 20 97.4617
11 21 126.127
11 22 104.789
11 23 77.6045
11 25 106.725
11 27 107.863
11 28 93.0154
11 30 120.412
11 31 127.018
11 33 93.2554
11 41 70.057
11 43 104.22
11 48 106.354
11 50 88.6471
11 52 113.384
11 56 171.733
11 57 91.5451
11 58 85.7421
11 62 99.0313
11 67 86.1011
11 69 89.4162
11 70 109.26
11 71 117.453
11 77 84.1519
11 78 103.176
11 81 126.8
11 82 83.7466
11 83 53.158
11 89 119.814
11 94 115.226
11 95 97.4257
11 96 109.035
11 98 93.9134
11 99 80.067
12 1 88.434
12 4 117.079
12 5 111.249
12 8 79.8512
12 9 117.294
12 10 97.9651
12 11 129.25
12 15 86.9944
12 16 90.279
12 18 115.634
12 19 105.79
12 20 126.412
12 23 94.8199
12 24 90.6733
12 26 95.5132
12 27 94.358
12 31 116.353
12 33 94.1441
12 34 94.1773
12 36 99.8659
12 37 92.0911
12 38 103.162
12 40 106.568
12 41 78.3022
12 44 85.2158
12 45 120.49
12 47 78.9203
12 48 111.913
12 52 114.06
12 54 69.5066
12 60 110.831
12 67 101.038
12 68 82.0848
12 69 120.082
12 70 95.9436
12 71 98.4422
12 76 88.0853
12 78 83.6711
12 80 136.918
12 86 110.275
12 89 116.843
12 90 101.869
12 91 90.1817
12 92 78.0565
12 97 103.898
12 98 85.808
13 0 105.659
13 4 90.2923
13 6 89.8443
13 12 90.2719
13 14 93.3166
13 18 103.332
13 20 152.866
13 25 93.3013
13 26 81.8033
13 27 93.8417
13 28 113.366
13 29 81.0315
13 30 73.3377
13 34 51.1393
13 35 97.1774
13 36 110.673
13 38 99.6985
13 39 82.6646
13 40 78.8423
13 45 119.788
13 47 107.843
13 51 98.8156
13 54 102.142
13 56 90.9562
13 57 101.532
13 60 107.254
13 63 93.312
13 65 56.3565
13 67 117.299
13 71 118.54
13 73 83.494
13 75 75.6186
13 77 119.068
13 79 101.688
13 80 112.793
13 81 82.8193
13 83 72.0285
13 84 143.287
13 85 118.175
13 92 138.444
13 93 113.57
13 94 77.1819
13 96 117.738
13 97 122.464
13 98 81.8654
13 99 100.49
14 4 89.9881
14 7 102.417
14 8 119.975
14 9 107.715
14 10 47.7257
14 18 88.1917
14 20 93.1464
14 24 117.7
14 26 110.067
14 30 100.032
14 31 54.6687
14 32 95.4312
14 37 104.891
14 39 83.579
14 41 95.0175
14 44 126.145
14 47 69.0741
14 48 93.5301
14 49 128.414
14 50 68.1919
14 59 84.2736
14 61 97.8279
14 63 112.385
14 65 94.2586
14 66 76.3143
14 68 84.3861
14 70 143.856
14 73 87.9252
14 74 89.739
14 76 97.2465
14 79 136.241
14 80 90.5336
14 81 73.6449
14 82 108.424
14 83 105.443
14 86 56.4736
14 87 110.766
14 89 92.9125
14 93 97.6872
14 97 83.6019
14 99 103.405
15 1 102.245
15 5 100.085
15 6 102.824
15 7 114.463
15 8 94.0375
15 10 101.709
15 13 92.4562
15 17 134.851
15 18 115.487
15 21 106.632
15 25 120.76
15 26 99.991
15 27 100.234
15 28 104.229
15 29 113.631
15 31 121.973
15 33 115.05
15 36 104.754
15 37 66.9405
15 38 80.9498
15 39 105.61
15 40 117.028
15 42 135.532
15 45 129.199
15 49 112.123
15 50 101.617
15 51 54.5889
15 52 75.2536
15 56 114.748
15 57 92.5662
15 58 92.9426
15 59 77.2137
15 60 63.0278
15 62 86.882
15 63 97.8797
15 64 96.0186
15 65 121.463
15 72 122.343
15 75 127.901
15 79 113.64
15 80 111.004
15 82 103.185
15 85 93.1632
15 86 71.7511
15 87 93.5845
15 90 63.1354
15 92 91.7427
15 93 110.444
15 95 82.6441
15 96 90.5518
15 98 90.506
15 99 138.938
16 0 103.207
16 4 107.379
16 11 123.644
16 13 100.08
16 14 123.205
16 15 85.512
16 18 80.5859
16 19 116.192
16 23 101.908
16 28 104.454
16 32 124.14
16 33 76.6265
16 35 95.7417
16 40 81.7281
16 41 108.052
16 42 101.315
16 46 81.9602
16 47 99.2312
16 50 110.9
16 53 107.355
16 56 95.8562
16 57 121.911
16 60 123.788
16 61 82.826
16 62 73.8718
16 64 95.4424
16 65 127.41
16 68 106.842
16 69 121.594
16 71 87.4829
16 72 88.4783
16 73 88.6143
16 75 120.504
16 76 97.5283
16 80 92.2932
16 81 108.531
16 82 82.2735
16 84 68.2618
16 85 118.632
16 90 100.671
16 91 132.494
16 94 87.0537
16 97 86.2166
17 3 142.049
17 7 128.664
17 12 90.2475
17 13 89.0772
17 14 110.679
17 16 121.257
17 20 85.8586
17 21 114.869
17 24 89.5455
17 27 101.376
17 29 55.4297
17 33 101.687
17 37 93.1405
17 39 76.8147
17 40 116.64
17 41 80.9018
17 44 104.779
17 50 83.5371
17 51 80.7653
17 53 112.995
17 55 112.162
17 56 121.59
17 67 113.505
17 70 95.829
17 78 77.7379
17 80 106.833
17 81 87.2837
17 86 94.7944
17 89 91.4751
17 90 61.0153
17 92 98.5445
17 96 104.311
17 97 96.0443
18 0 127.149
18 1 94.7809
18 3 99.0873
18 5 69.1884
18 7 86.9191
18 9 89.4145
18 10 117.638
18 11 112.835
18 17 105.558
18 20 107.084
18 22 103.019
18 23 91.3562
18 24 98.1828
18 27 85.2151
18 29 83.2253
18 30 103.234
18 31 100.44
18 32 97.8803
18 33 77.4685
18 34 142.802
18 38 92.1386
18 39 88.0852
18 40 91.6738
18 41 105.575
18 42 98.7898
18 43 107.27
18 46 106.886
18 51 70.4685
18 52 93.4405
18 54 94.0232
18 55 115.091
18 56 59.7171
18 62 112.033
18 63 81.1005
18 65 101.231
18 71 88.1167
18 77 78.1197
18 79 108.877
18 86 104.457
18 88 79.0654
18 92 75.5854
18 93 118.478
18 94 95.8188
18 96 93.1034
18 98 118.075
19 1 138.632
19 4 101.425
19 6 112.48
19 8 84.4151
19 9 88.5649
19 11 56.074
19 13 109.268
19 14 114.163
19 20 87.6418
19 21 87.7557
19 29 156.107
19 31 96.7871
19 33 104.04
19 36 123.068
19 39 96.2994
19 40 77.8659
19 43 116.309
19 45 96.6081
19 46 133.868
19 52 86.938
19 53 97.129
19 54 108.593
19 56 63.2408
19 60 91.4973
19 61 91.7263
19 63 104.218
19 64 96.1041
19 67 111.033
19 69 57.0628
19 74 94.325
19 77 91.5384
19 78 103.035
19 79 101.18
19 80 98.2704
19 81 79.2345
19 82 78.9143
19 83 115.106
19 87 91.8796
19 89 84.8619
19 93 92.5231
19 95 92.9088
20 8 139.43
20 9 68.1234
20 10 114.24
20 15 96.5339
20 21 92.2621
20 22 107.879
20 23 106.724
20 24 116.51
20 25 106.901
20 26 87.4562
20 27 112.789
20 30 125.715
20 33 125.979
20 34 105.969
20 35 113.03
20 36 86.0318
20 40 107.619
20 42 101.168
20 45 89.9615
20 46 46.7365
20 50 57.0831
20 51 86.2231
20 52 116.951
20 53 82.2544
20 54 113.252
20 56 110.294
20 57 106.819
20 58 139.719
20 60 111.914
20 61 114.342
20 64 118.135
20 66 96.6107
20 67 116.05
20 69 83.2368
20 77 127.667
20 79 104.822
20 82 131.857
20 85 136.983
20 86 98.3675
20 88 87.082
20 89 95.1933
20 90 130.879
20 91 103.264
20 92 124.652
20 93 115.964
20 95 109.329
20 99 84.2729
21 0 83.5256
21 3 73.9018
21 4 133.607
21 6 114.329
21 7 100.663
21 10 95.6157
21 12 143.602
21 13 101.41
21 14 99.4829
21 16 116.829
21 18 51.8609
21 22 105.002
21 23 112.225
21 25 71.6382
21 26 112.443
21 27 86.6037
21 31 134.522
21 36 107.687
21 39 130.631
21 40 88.6198
21 43 135.328
21 49 102.044
21 52 86.3826
21 53 114.35
21 56 68.6098
21 57 75.0916
21 64 80.3182
21 65 95.3969
21 66 121.765
21 70 56.478
21 71 120.223
21 74 82.3089
21 77 63.3755
21 78 115.594
21 80 124.785
21 81 110.867
21 85 107.852
21 86 98.4903
21 89 90.5932
21 91 110.797
21 94 84.2108
21 95 92.5401
21 97 120.27
22 0 140.642
22 2 109.64
22 3 75.2406
22 4 111.675
22 8 131.475
22 13 69.9475
22 14 101.741
22 17 119.684
22 19 104.268
22 23 78.4819
22 24 110.506
22 25 109.105
22 26 117.938
22 27 76.6987
22 29 115.11
22 31 99.3382
22 33 108.955
22 34 64.3081
22 35 121.907
22 38 81.7599
22 40 111.275
22 41 98.335
22 42 103.986
22 43 80.4947
22 45 102.062
22 47 80.3542
22 49 66.3804
22 52 106.878
22 53 76.8114
22 54 87.4555
22 55 119.526
22 57 64.017
22 58 86.3884
22 61 101.121
22 63 72.5944
22 65 108.678
22 69 105.283
22 72 117.648
22 73 97.2923
22 78 104.715
22 79 136.488
22 80 90.8142
22 83 111.218
22 85 111.216
22 86 129.146
22 88 111.335
22 90 111.789
22 91 135.72
22 92 86.5046
22 96 113.362
22 99 108.625
23 1 80.0055
23 5 111.166
23 6 111.165
23 7 116.434
23 8 108.261
23 10 84.0344
23 13 102.799
23 14 92.3086
23 15 82.1514
23 19 106.025
23 26 49.243
23 28 78.391
23 29 74.9131
23 30 153.51
23 31 125.943
23 36 106.337
23 38 104.632
23 40 104.861
23 41 93.9982
23 44 103.287
23 47 108.714
23 48 129.631
23 49 108.003
23 54 119.66
23 56 108.597
23 57 122.622
23 58 115.271
23 59 118.326
23 64 91.1427
23 68 99.2303
23 69 117.634
23 71 66.1373
23 72 91.5799
23 74 111.58
23 75 87.7984
23 77 109.452
23 82 125.856
23 83 117.348
23 85 79.5038
23 87 100.725
23 89 116.833
23 92 116.523
23 95 83.6282
23 96 102.059
24 0 116.015
24 8 126.652
24 13 70.1908
24 15 132.907
24 23 104.824
24 26 92.0856
24 29 123.295
24 31 88.5862
24 35 130.133
24 36 88.2129
24 38 111.84
24 41 96.8628
24 42 90.0781
24 44 105.307
24 45 133.815
24 47 74.6466
24 49 105.584
24 50 122.164
24 53 95.4727
24 54 128.178
24 56 126.62
24 59 82.13
24 60 104.256
24 61 95.2852
24 73 105.837
24 74 112.31
24 75 65.3459
24 80 116.345
24 83 54.7262
24 84 114.224
24 85 64.026
24 90 114.115
24 91 93.0665
24 94 96.0279
24 96 76.7392
25 3 74.3703
25 5 63.0977
25 6 106.39
25 7 116.302
25 9 76.9383
25 12 107.547
25 19 101.171
25 23 33.1544
25 24 124.958
25 27 96.3713
25 29 75.6752
25 32 95.251
25 33 99.4255
25 34 99.3492
25 35 68.3372
25 36 114.391
25 38 114.644
25 40 122.502
25 43 76.187
25 45 65.8507
25 48 126.312
25 53 102.316
25 54 97.9797
25 55 96.5822
25 56 88.3334
25 63 97.5316
25 65 73.7119
25 66 127.372
25 68 107.046
25 69 118.995
25 70 102.615
25 73 72.9944
25 75 73.1287
25 77 113.778
25 82 113.513
25 83 94.1247
25 85 134.501
25 86 90.3234
25 88 98.9421
25 89 89.3049
25 90 123.546
25 97 91.5174
25 99 122.965
26 0 102.059
26 1 65.7842
26 4 124.109
26 5 118.033
26 6 93.4916
26 7 90.5842
26 8 74.5257
26 9 86.2128
26 10 110.197
26 11 102.575
26 16 89.1629
26 17 97.0205
26 19 110.984
26 25 107.437
26 27 127.358
26 28 115.706
26 30 113.158
26 33 105.879
26 34 124.167
26 37 106.023
26 40 111.192
26 43 98.9172
26 48 73.6242
26 50 85.8886
26 52 119.041
26 53 57.7496
26 55 114.244
26 57 84.3051
26 58 99.2584
26 62 100.878
26 63 105.679
26 65 115.155
26 66 117.555
26 70 128.353
26 71 70.2178
26 72 84.0081
26 73 88.1335
26 74 98.9884
26 80 65.3288
26 81 84.4237
26 83 80.4461
26 84 98.6477
26 86 102.61
26 87 104.864
26 88 106.522
26 92 103.536
26 95 89.0693
26 96 124.183
26 97 115.439
26 98 105.381
26 99 91.9762
27 2 104.962
27 3 89.8084
27 4 88.0424
27 8 91.8891
27 19 94.1566
27 24 112.019
27 29 85.6852
27 30 118.301
27 32 108.643
27 43 96.3332
27 45 117.068
27 46 103.281
27 51 116.24
27 55 113.932
27 56 119.402
27 63 90.3088
27 64 112.746
27 65 109.954
27 69 100.098
27 70 101.125
27 74 103.986
27 75 155.979
27 76 103.887
27 77 106.733
27 78 100.684
27 80 76.5151
27 81 111.966
27 82 73.6146
27 83 138.999
27 84 143.563
27 88 109.323
27 89 129.299
27 90 122.466
27 91 119.35
27 94 84.3458
27 99 84.7923
28 0 106.023
28 2 103.585
28 3 140.27
28 4 80.0467
28 6 101.353
28 7 87.8777
28 10 126.397
28 12 89.2398
28 17 130.273
28 19 96.3878
28 20 92.5096
28 21 116.759
28 24 95.3527
28 27 115.506
28 29 84.4307
28 30 60.8564
28 36 143.733
28 42 132.608
28 43 67.885
28 44 128.831
28 45 118.665
28 46 103.864
28 49 85.5406
28 52 86.5441
28 53 74.5371
28 54 89.8326
28 55 87.2607
28 56 106.434
28 58 54.8342
28 61 73.5567
28 62 104.354
28 64 114.018
28 65 106.935
28 66 74.4944
28 67 111.726
28 68 86.5733
28 71 85.6843
28 72 90.7751
28 73 106.799
28 75 133.393
28 76 121.393
28 80 106.648
28 82 76.8731
28 84 94.2214
28 85 84.6185
28 87 104.67
28 89 94.773
28 91 103.946
28 92 121.799
28 98 98.8677
29 2 137.133
29 5 94.9706
29 7 60.2701
29 9 101.686
29 10 113.11
29 11 116.113
29 12 101.534
29 14 53.5765
29 16 99.5517
29 20 102.318
29 21 156.343
29 26 124.548
29 30 109.896
29 32 60.5809
29 33 52.6587
29 34 80.895
29 35 110.686
29 36 77.9247
29 37 69.4523
29 38 97.406
29 39 111.643
29 40 88.513
29 41 84.2828
29 47 95.8273
29 49 109.746
29 50 59.9024
29 51 137.781
29 52 109.598
29 54 103.44
29 55 94.7507
29 58 120.644
29 59 77.187
29 61 108.394
29 64 101.847
29 65 100.295
29 71 120.773
29 78 102.135
29 81 110.728
29 87 68.4731
29 90 119.974
29 92 128.368
29 93 110.503
29 97 69.5202
30 0 84.6277
30 2 97.4703
30 4 108.81
30 6 97.381
30 7 75.5033
30 8 129.494
30 10 104.402
30 12 132.93
30 15 121.175
30 16 90.659
30 17 117.517
30 19 125.807
30 21 113.088
30 24 87.2728
30 25 114.207
30 32 98.7376
30 36 85.8852
30 41 64.2948
30 42 104.032
30 44 144.044
30 46 120.521
30 47 98.6305
30 50 108.43
30 51 91.6982
30 53 108.059
30 55 122.313
30 56 92.6174
30 57 94.6684
30 64 95.2655
30 65 91.5122
30 66 86.5654
30 71 104.905
30 72 102.928
30 76 71.328
30 77 101.493
30 79 109.444
30 82 106.488
30 83 99.04
30 84 109.964
30 87 95.7169
30 94 113.414
30 98 105.65
30 99 105.528
31 0 104.175
31 1 102.883
31 3 76.3536
31 8 137.56
31 13 64.2564
31 16 111.772
31 17 108.811
31 20 137.744
31 26 115.024
31 27 40.3326
31 28 112.93
31 36 131.259
31 38 120.685
31 39 143.25
31 42 87.2602
31 43 100.012
31 45 75.7892
31 46 65.2572
31 49 93.8215
31 52 78.8885
31 53 102.049
31 55 79.8398
31 56 100.944
31 57 95.3427
31 60 131.379
31 62 98.8435
31 64 79.6288
31 66 102.334
31 68 105.35
31 70 91.3546
31 71 74.8898
31 76 128.03
31 79 83.7277
31 81 91.4587
31 82 82.2762
31 85 135.259
31 90 96.9278
31 91 96.4197
31 93 76.2919
31 97 97.2305
31 98 93.5275
31 99 102.937
32 0 117.315
32 3 84.6076
32 5 128.248
32 8 128.556
32 9 125.117
32 10 92.9116
32 11 125.585
32 12 121.142
32 13 106.864
32 15 91.3014
32 17 117.427
32 19 147.242
32 20 120.436
32 21 129.886
32 24 119.459
32 26 56.8307
32 31 115.67
32 33 103.876
32 35 90.9451
32 38 106.629
32 41 91.5995
32 44 78.5658
32 45 125.825
32 47 113.151
32 48 87.7636
32 50 111.345
32 51 95.9713
32 52 88.8218
32 55 134.525
32 60 109.664
32 63 136.802
32 64 108.954
32 65 91.0827
32 68 138.94
32 69 69.5255
32 80 88.5425
32 81 76.1835
32 87 65.8764
32 91 97.7684
32 92 91.2246
32 93 61.2459
32 95 116.136
32 96 102.238
32 97 96.5112
33 1 115.622
33 4 110.51
33 6 79.5518
33 8 108.827
33 14 100.737
33 21 135.938
33 23 126.935
33 24 99.5608
33 28 89.2282
33 30 108.734
33 31 104.868
33 35 115.41
33 39 76.591
33 40 118.365
33 42 103.207
33 44 85.4076
33 45 86.0648
33 46 129.575
33 49 88.0469
33 50 88.8437
33 51 77.8487
33 53 67.8639
33 54 91.7844
33 55 80.8339
33 60 104.586
33 61 126.602
33 62 74.8456
33 66 86.7913
33 67 104.926
33 69 121.612
33 75 128.412
33 78 110.206
33 81 102.536
33 82 82.0323
33 83 81.9074
33 84 57.9901
33 88 113.522
33 96 118.239
34 1 123.964
34 2 88.4688
34 6 102.243
34 7 106.652
34 11 106.896
34 14 107.837
34 15 117.415
34 16 99.3726
34 17 95.1636
34 19 102.731
34 21 105.31
34 23 89.7643
34 24 96.3034
34 28 72.6341
34 30 126.354
34 31 104.848
34 32 101.958
34 33 93.444
34 37 107.242
34 39 91.3815
34 44 117.582
34 45 55.5151
34 46 94.6934
34 52 79.477
34 53 96.0673
34 54 94.9837
34 55 118.539
34 56 82.623
34 58 92.9166
34 60 100.31
34 61 85.6689
34 63 93.1191
34 67 92.9637
34 69 114.309
34 70 73.9568
34 71 115.556
34 72 91.6358
34 75 136.454
34 79 118.761
34 82 115.015
34 84 100.474
34 85 95.1238
34 90 117.453
34 96 89.3683
35 1 85.7121
35 4 123.145
35 7 76.4948
35 8 66.7868
35 10 148.276
35 11 139.357
35 12 78.3121
35 15 105.921
35 17 129.232
35 18 101.372
35 23 92.1877
35 27 89.5793
35 28 92.4968
35 30 87.8906
35 31 136.177
35 34 62.0383
35 37 102.007
35 39 101.173
35 41 129.02
35 45 97.2217
35 46 103.302
35 48 110.55
35 54 111.683
35 55 132.809
35 56 60.9665
35 59 76.4762
35 60 75.9906
35 62 107.567
35 63 103.955
35 66 98.0487
35 70 96.398
35 74 91.5063
35 75 118.64
35 76 118.113
35 77 151.37
35 80 110.534
35 82 98.3384
35 83 90.0518
35 84 84.8638
35 85 86.3557
35 87 80.7735
35 89 110.899
35 90 121.367
35 91 125.153
35 92 111.523
35 93 114.574
35 95 72.7167
35 96 107.015
35 97 60.824
36 2 110.747
36 7 82.7545
36 8 105.595
36 9 103.921
36 11 104.267
36 16 107.592
36 17 135.401
36 18 99.573
36 22 90.9354
36 26 118.063
36 27 87.2727
36 32 76.8715
36 33 116.134
36 35 75.6221
36 37 99.6565
36 38 83.4625
36 40 74.6261
36 42 95.2787
36 46 63.2339
36 47 82.1815
36 52 105.26
36 55 83.2044
36 57 116.855
36 60 83.279
36 62 93.1087
36 63 109.367
36 65 89.9991
36 66 84.5129
36 68 80.323
36 85 107.427
36 91 79.5187
36 92 106.53
36 94 79.3182
36 95 103.524
36 96 97.667
36 98 82.2394
37 0 119.728
37 2 88.3344
37 3 101
37 5 89.598
37 6 91.464
37 8 94.3425
37 13 86.4399
37 16 96.4653
37 18 104.306
37 19 99.0753
37 20 90.2215
37 21 86.1169
37 22 105.687
37 23 125.835
37 24 75.6681
37 25 103.111
37 27 85.9297
37 28 117.941
37 30 94.194
37 31 114.052
37 32 121.855
37 33 118.101
37 39 116.39
37 40 119.491
37 43 100.177
37 44 71.7038
37 45 144.641
37 51 82.814
37 53 83.5643
37 55 102.594
37 58 81.0259
37 60 112.96
37 61 58.4146
37 62 127.269
37 64 93.8326
37 66 82.3926
37 68 69.7039
37 71 88.8002
37 72 101.235
37 76 71.7686
37 77 126.733
37 83 85.4058
37 84 118.447
37 85 94.6393
37 86 128.357
37 87 96.4462
37 88 110.847
37 90 92.5478
37 92 123.959
37 94 78.8487
37 96 82.9908
37 98 84.9391
38 1 90.2608
38 5 104.01
38 6 58.043
38 7 129.445
38 8 117.021
38 11 103.625
38 14 94.0995
38 16 97.9794
38 17 139.356
38 19 54.0907
38 20 94.3731
38 21 115.765
38 26 101.771
38 28 85.6832
38 30 102.444
38 33 105.473
38 34 112.341
38 35 100.249
38 37 69.8791
38 42 126.269
38 45 102.579
38 48 101.05
38 49 103.819
38 50 116.34
38 51 101.988
38 57 125.083
38 59 121.179
38 60 108.095
38 61 124.492
38 62 73.2986
38 70 88.0021
38 77 75.6741
38 78 98.1057
38 79 73.8018
38 83 86.7133
38 84 97.0815
38 86 98.6292
38 88 105.546
38 93 87.091
38 95 96.6301
38 96 132.748
38 97 92.5365
38 99 92.8678
39 1 107.975
39 4 107.448
39 6 124.317
39 7 104.967
39 9 98.945
39 10 127.824
39 11 86.3283
39 16 129.065
39 20 99.5698
39 22 103.844
39 23 99.5327
39 25 92.7761
39 26 108.98
39 27 109.119
39 30 94.8195
39 32 91.3897
39 36 88.3612
39 38 86.9162
39 41 106.951
39 42 77.1532
39 43 96.4105
39 46 125.255
39 47 100.576
39 49 135.356
39 52 96.6303
39 56 96.3491
39 57 91.9823
39 58 102.384
39 59 134.518
39 60 92.2628
39 62 114.05
39 64 92.154
39 65 62.7351
39 67 113.047
39 68 74.3292
39 72 96.2679
39 74 121.856
39 79 68.8746
39 84 154.614
39 88 114.431
39 90 51.4554
39 91 66.6321
39 92 104.117
39 93 85.6496
39 94 67.878
39 95 93.7012
39 96 81.6195
39 98 68.1234
39 99 101.992
40 0 92.5555
40 1 94.424
40 2 102.45
40 3 95.2052
40 4 92.4872
40 7 72.4952
40 11 93.0245
40 14 97.961
40 27 126.386
40 28 105.713
40 32 117.862
40 34 93.8323
40 39 92.8953
40 41 112.047
40 43 110.881
40 44 72.4005
40 48 94.1145
40 49 79.3887
40 50 93.5265
40 51 111.799
40 52 73.0757
40 54 92.4954
40 57 99.6553
40 58 82.183
40 59 92.0917
40 63 88.3316
40 67 71.8109
40 68 107.185
40 69 103.447
40 71 119.909
40 72 80.686
40 73 88.3085
40 76 99.8762
40 77 125.305
40 78 94.9096
40 81 115.881
40 83 108.783
40 84 103.878
40 87 102.147
40 91 77.9655
40 94 104.271
40 97 60.405
40 99 68.1754
41 0 85.3115
41 2 123.196
41 10 95.5334
41 13 111.331
41 15 98.1673
41 19 103.893
41 21 93.2826
41 26 108.272
41 27 112.607
41 28 89.684
41 31 109.451
41 33 93.789
41 34 104.621
41 36 95.6823
41 37 131.127
41 38 94.561
41 42 82.1935
41 44 97.7285
41 54 105.648
41 56 133.543
41 57 93.0486
41 58 68.2313
41 60 84.2277
41 61 106.09
41 62 97.2624
41 64 102.991
41 65 112.045
41 67 119.017
41 68 110.849
41 71 127.002
41 72 111.471
41 74 123.92
41 75 101.06
41 79 127.869
41 82 102.495
41 93 98.4522
41 95 126.272
41 97 127.761
42 4 138.444
42 7 116.724
42 9 113.53
42 11 118.79
42 12 112.501
42 13 105.997
42 14 83.7201
42 17 114.502
42 19 106.67
42 21 109.233
42 23 89.9787
42 25 93.8999
42 26 96.2348
42 27 108.256
42 29 76.9915
42 32 86.8861
42 34 97.9557
42 35 78.1101
42 37 62.5593
42 40 46.3533
42 43 65.2206
42 47 85.8428
42 48 105.997
42 49 83.5557
42 53 99.9706
42 54 92.1904
42 58 87.2591
42 60 135.068
42 64 88.6441
42 65 111.779
42 72 87.6403
42 74 97.6127
42 75 79.233
42 78 89.7566
42 79 101.472
42 81 99.4629
42 82 120.18
42 85 85.4805
42 87 88.0064
42 88 120.599
42 90 51.0023
42 91 116.677
42 93 109.601
42 95 109.847
42 97 125.327
42 98 120.21
43 0 103.485
43 1 111.325
43 2 85.7219
43 4 100.984
43 6 85.4445
43 8 88.5434
43 13 102.526
43 14 105.571
43 15 88.7535
43 16 89.0344
43 17 87.75
43 20 66.6509
43 23 105.717
43 24 124.518
43 30 104.869
43 32 113.232
43 33 98.0742
43 34 122.25
43 35 114.188
43 36 92.5747
43 38 100.189
43 44 96.6141
43 45 96.3286
43 46 89.2523
43 47 67.1259
43 48 108.579
43 50 88.403
43 51 80.9069
43 52 103.065
43 53 114.831
43 55 115.014
43 56 93.1104
43 64 113.013
43 65 81.0124
43 69 82.8946
43 70 104.847
43 71 138.958
43 74 94.5555
43 78 137.143
43 81 132.15
43 83 107.118
43 86 120.921
43 87 96.1985
43 88 107.944
43 90 94.3846
43 91 133.895
43 92 104.624
43 93 70.3893
43 94 91.9493
43 95 106.549
43 96 87.4769
43 97 69.5413
43 99 90.9434
44 2 73.7489
44 4 131.152
44 5 99.3507
44 7 87.4596
44 11 108.903
44 13 113.545
44 15 123.781
44 19 98.4244
44 20 139.238
44 25 88.1647
44 26 108.784
44 27 65.1668
44 29 64.6645
44 31 88.8348
44 35 84.3459
44 36 117.587
44 39 97.7789
44 42 75.1131
44 48 103.672
44 49 107.514
44 54 96.4472
44 56 55.8221
44 61 110.603
44 67 84.748
44 72 120.747
44 74 122.309
44 77 79.3526
44 79 69.4343
44 80 96.801
44 82 91.136
44 84 79.7537
44 85 102.59
44 87 105.111
44 89 104.547
44 91 75.9099
44 92 97.977
44 94 89.841
44 95 88.097
44 96 113.639
44 99 92.016
45 2 100.738
45 5 125.175
45 7 87.6369
45 8 87.6057
45 9 90.386
45 11 70.6927
45 14 104.199
45 16 129.675
45 17 110.785
45 18 103.301
45 21 79.5413
45 26 112.048
45 29 106.016
45 30 79.8232
45 36 73.0178
45 39 63.6125
45 40 63.7008
45 41 104.747
45 42 91.6443
45 44 130.729
45 46 104.653
45 47 152.602
45 51 110.513
45 52 94.7553
45 61 73.563
45 63 133.105
45 65 107.726
45 67 89.3318
45 68 105.894
45 76 120.656
45 80 79.1867
45 81 114.821
45 83 124.304
45 85 42.8196
45 90 120.388
45 91 92.0046
45 95 117.478
45 96 92.9564
45 97 99.0442
46 1 128.194
46 4 123.806
46 5 84.0061
46 10 77.2948
46 11 115.097
46 12 97.3952
46 13 99.5722
46 14 71.0643
46 15 118.171
46 17 111.745
46 22 60.5527
46 23 110.79
46 24 97.4133
46 29 67.5966
46 32 137.32
46 37 124.384
46 38 95.2815
46 40 108.732
46 41 92.901
46 44 95.5149
46 52 90.2203
46 53 82.8974
46 54 123.194
46 56 118.657
46 61 102.074
46 62 104.889
46 63 70.1522
46 64 90.4451
46 65 120.856
46 67 44.4504
46 68 119.496
46 71 127.451
46 72 101.158
46 77 133.794
46 78 124.989
46 80 107.812
46 81 107.315
46 83 111.763
46 84 91.7692
46 85 116.24
46 87 82.0006
46 89 81.4324
46 91 54.5793
46 95 99.1649
46 99 81.4651
47 2 130.382
47 3 67.1839
47 6 96.0872
47 7 105.635
47 8 84.5638
47 11 105.42
47 17 112.601
47 18 145.271
47 19 130.353
47 20 142.343
47 21 105.149
47 25 147.306
47 27 107.513
47 28 119.302
47 31 93.6915
47 34 93.2675
47 35 105.843
47 37 117.036
47 38 119.885
47 44 105.3
47 46 108.998
47 48 68.3656
47 49 87.1335
47 50 88.8535
47 51 82.718
47 53 61.9712
47 54 119.773
47 58 60.2611
47 60 75.3886
47 61 98.3083
47 65 99.5901
47 66 109.172
47 70 72.8403
47 73 73.8272
47 74 117.354
47 76 124.45
47 80 84.6991
47 81 106.602
47 85 108.058
47 87 95.082
47 90 90.7925
47 93 30.991
47 95 104.002
47 97 75.5696
47 98 84.1364
47 99 95.8604
48 4 127.701
48 5 110.003
48 6 84.9899
48 7 59.4458
48 8 130.481
48 9 102.569
48 13 91.9558
48 15 100.785
48 16 98.1661
48 17 67.7634
48 19 117.79
48 22 124.605
48 24 130.557
48 27 101.392
48 28 93.7127
48 29 48.4614
48 30 110.045
48 33 106.225
48 34 89.1664
48 36 101.419
48 39 90.9812
48 41 101.32
48 45 107.063
48 46 82.0006
48 51 95.882
48 54 93.105
48 60 78.5385
48 67 46.0874
48 68 65.6745
48 69 100.509
48 70 97.9873
48 71 114.874
48 80 82.4704
48 81 84.058
48 82 102.391
48 85 102.184
48 88 90.4583
48 93 70.3021
48 95 78.5089
48 97 105.312
48 99 117.191
49 0 133.908
49 2 89.115
49 3 99.3035
49 6 97.7075
49 9 118.685
49 11 97.4716
49 12 74.0923
49 16 89.0948
49 18 88.9529
49 19 99.7447
49 25 118.389
49 26 122.588
49 30 56.2867
49 32 105.98
49 34 115.042
49 35 83.7402
49 36 94.9516
49 37 95.0432
49 43 94.1661
49 45 70.3307
49 46 77.9747
49 56 113.381
49 57 99.4023
49 59 127.848
49 60 102.958
49 61 116.603
49 64 87.8623
49 65 93.782
49 67 98.4847
49 68 87.2993
49 70 113.437
49 72 86.7392
49 74 127.405
49 75 88.382
49 81 82.5684
49 87 123.909
49 88 129.328
49 90 89.2849
49 94 110.2
49 95 93.1986
49 98 115.233
49 99 144.444
50 0 101.7
50 2 100.801
50 4 61.9537
50 6 107.151
50 7 103.368
50 8 97.7686
50 9 97.0158
50 10 102.316
50 12 98.7127
50 18 124.951
50 19 61.2326
50 21 97.7945
50 22 114.314
50 23 96.8137
50 27 89.748
50 28 130.476
50 31 94.7463
50 34 101.12
50 35 113.736
50 37 119.086
50 39 97.3432
50 41 102.205
50 42 88.8978
50 44 76.6766
50 45 142.334
50 46 106.004
50 48 87.2621
50 49 123.65
50 54 138.621
50 59 94.2364
50 60 100.162
50 61 113.676
50 66 90.4025
50 67 114.239
50 69 107.039
50 70 88.4126
50 74 109.728
50 75 98.3334
50 76 70.9952
50 77 85.2597
50 79 112.225
50 80 70.9416
50 82 116.134
50 84 101.979
50 85 120.862
50 87 90.9002
50 88 104.777
50 96 116.557
51 0 116.813
51 4 102.752
51 9 95.3924
51 11 146.59
51 12 95.9414
51 19 120.958
51 21 114.918
51 22 96.9452
51 23 70.5931
51 24 97.449
51 26 109.742
51 28 113.96
51 34 124.769
51 35 76.4393
51 36 95.3092
51 39 113.701
51 41 81.405
51 42 115.87
51 44 114.384
51 46 119.544
51 50 107.905
51 52 83.3004
51 54 65.4873
51 55 102.676
51 59 97.677
51 62 110.15
51 63 104.422
51 64 107.188
51 65 117.692
51 70 110.143
51 71 102.07
51 72 110.087
51 75 94.7069
51 78 114.938
51 79 97.004
51 86 59.7734
51 88 83.4887
51 92 98.3103
51 93 86.9443
51 96 90.5151
51 98 78.3936
51 99 121.317
52 4 118.848
52 8 96.1361
52 10 71.5223
52 13 104.215
52 16 79.8852
52 17 107.692
52 23 106.11
52 24 98.9321
52 25 114.941
52 30 111.506
52 33 101.555
52 35 145.813
52 37 104.071
52 38 92.9055
52 41 101.364
52 42 119.611
52 44 105.157
52 47 105.122
52 48 103.527
52 49 103.456
52 50 80.8613
52 53 103.75
52 61 104.297
52 62 115.259
52 63 119.766
52 67 94.1099
52 69 124.422
52 70 109.652
52 74 109.452
52 80 61.23
52 81 90.7688
52 83 100.448
52 89 95.8216
52 91 100.517
52 94 105.628
53 0 101.198
53 3 100.345
53 5 68.2145
53 6 89.7661
53 10 68.0434
53 11 66.7829
53 13 96.1623
53 14 124.905
53 15 86.0488
53 23 112.043
53 29 72.6869
53 32 101.737
53 35 115.121
53 36 83.6032
53 38 68.9785
53 39 78.1572
53 44 93.0874
53 48 110.235
53 49 90.0997
53 50 118.984
53 51 123.327
53 54 120.185
53 58 84.8369
53 60 102.479
53 64 111.502
53 65 111.047
53 66 73.3976
53 67 119.022
53 68 92.3567
53 69 111.11
53 72 88.3993
53 74 67.358
53 75 113.595
53 81 113.901
53 85 70.1481
53 86 89.172
53 87 107.869
53 89 131.171
53 98 99.9581
54 1 119.918
54 6 99.7497
54 7 89.833
54 9 66.4999
54 11 65.0911
54 14 101.006
54 15 136.346
54 16 129.833
54 21 103.398
54 26 87.339
54 30 144.649
54 31 72.2572
54 32 115.884
54 37 98.096
54 38 111.609
54 39 125.83
54 43 97.4978
54 49 98.3214
54 56 93.8034
54 57 104.411
54 58 118.307
54 65 115.4
54 71 129.26
54 73 107.33
54 76 88.0839
54 77 100.076
54 78 67.5825
54 79 117.197
54 83 111.516
54 84 106.072
54 85 126.157
54 92 99.4717
54 93 97.9395
54 95 56.3518
54 98 111.244
55 2 79.7305
55 5 128.75
55 7 83.4424
55 9 75.2859
55 11 105.307
55 12 102.293
55 14 110.76
55 15 126.42
55 19 135.813
55 20 97.3392
55 23 97.5567
55 38 125.927
55 39 58.2751
55 40 90.1637
55 41 121.635
55 45 127.228
55 46 92.9285
55 48 102.876
55 49 90.2375
55 53 112.414
55 54 116.233
55 59 132.207
55 60 87.8094
55 62 117.26
55 65 103.341
55 66 113.685
55 67 103.211
55 68 102.11
55 69 90.4713
55 70 127.512
55 71 95.8369
55 72 74.6398
55 74 82.4359
55 77 91.3957
55 79 138.781
55 81 89.9796
55 82 118.301
55 83 105.926
55 84 101.344
55 85 90.3839
55 88 103.674
55 89 151.338
55 92 103.782
55 99 102.402
56 1 125.295
56 2 91.5315
56 4 107.972
56 6 136.765
56 7 108.229
56 8 62.8357
56 9 61.5177
56 10 93.2856
56 12 106.475
56 26 111.98
56 29 83.4241
56 33 86.5781
56 36 98.0312
56 37 86.3223
56 38 107.805
56 40 118.853
56 45 117.493
56 47 99.1642
56 48 101.855
56 50 79.6
56 51 98.4842
56 53 133.365
56 55 100.502
56 57 101.081
56 58 100.125
56 59 129.659
56 60 107.331
56 61 126.359
56 64 80.5998
56 65 106.134
56 66 77.263
56 67 92.1622
56 76 105.716
56 77 74.795
56 78 118.821
56 81 102.619
56 85 117.99
56 87 139.306
56 88 104.757
56 91 51.4627
56 96 104.063
57 0 126.888
57 1 79.1131
57 2 114.847
57 4 98.9716
57 7 110.367
57 10 146.69
57 12 68.6197
57 14 121.805
57 17 139.336
57 18 147.257
57 19 113.714
57 24 111.904
57 25 101.339
57 27 118.965
57 28 78.2298
57 29 108.943
57 32 106.064
57 34 96.5286
57 35 93.9846
57 37 114.628
57 42 90.6739
57 44 86.772
57 45 116.59
57 46 129.884
57 47 107.175
57 48 59.505
57 50 95.6522
57 51 96.7036
57 52 72.3579
57 55 99.9964
57 60 96.9045
57 62 112.836
57 63 80.6545
57 65 88.8188
57 71 101.334
57 72 107.68
57 74 103.425
57 76 88.826
57 81 104.906
57 82 122.273
57 96 162.288
57 98 93.641
57 99 101.517
58 1 84.1887
58 2 106.528
58 4 110.294
58 5 89.7479
58 12 147.481
58 13 95.3405
58 16 128.286
58 17 92.3828
58 18 94.7532
58 19 134.769
58 21 91.2743
58 25 119.56
58 27 66.9841
58 31 79.4587
58 32 117.151
58 35 56.3086
58 36 110.369
58 38 95.6501
58 43 91.3274
58 44 141.426
58 45 100.862
58 48 104.664
58 49 143.947
58 50 147.519
58 51 93.0743
58 55 104.022
58 57 95.0876
58 60 62.4406
58 62 76.509
58 63 111.101
58 65 110.799
58 66 100.074
58 68 99.5368
58 69 78.5782
58 70 95.7787
58 77 82.6887
58 78 125.621
58 82 84.5623
58 83 118.808
58 85 111.292
58 88 79.5298
58 97 84.9945
59 2 93.256
59 4 97.1641
59 5 117.223
59 10 105.65
59 11 83.7054
59 12 69.1577
59 13 99.2284
59 16 82.9218
59 17 97.1931
59 18 95.3345
59 19 92.1885
59 20 123.404
59 22 110.048
59 26 77.844
59 30 60.9275
59 32 108.925
59 33 119.767
59 34 110.975
59 36 99.9572
59 37 109.365
59 41 93.0468
59 43 103.358
59 44 112.137
59 46 66.3428
59 47 100.912
59 52 75.9367
59 53 85.951
59 54 99.1787
59 57 65.4084
59 61 103.123
59 65 76.1135
59 66 90.3496
59 67 82.8062
59 69 68.8504
59 70 65.4191
59 75 75.3437
59 76 101.641
59 85 101.261
59 86 98.1634
59 88 84.5802
59 89 93.9819
59 90 134.342
59 91 83.4144
59 92 87.6804
59 93 72.3495
59 95 120.457
59 96 84.3227
59 97 67.3288
59 99 87.8421
60 1 113.669
60 4 89.5129
60 7 96.2356
60 9 104.053
60 11 107.176
60 17 139.572
60 22 130.438
60 23 119.408
60 25 86.5307
60 26 112.588
60 27 84.356
60 28 97.2041
60 29 90.5486
60 30 86.5444
60 43 114.247
60 44 134.06
60 46 86.3364
60 52 99.4285
60 54 115.92
60 59 95.683
60 61 117.601
60 63 111.746
60 65 97.9372
60 66 132.659
60 67 116.304
60 68 127.402
60 79 77.066
60 80 97.9744
60 81 104.531
60 89 93.7617
60 90 108.901
60 91 99.0715
60 93 84.5422
60 95 84.193
60 97 105.363
60 99 76.3185
61 0 90.2728
61 2 69.5998
61 4 96.1121
61 8 134.129
61 11 115.503
61 12 67.0747
61 13 87.4553
61 15 101.53
61 17 115.361
61 21 78.0868
61 23 93.0378
61 25 108.147
61 26 119.439
61 30 109.272
61 31 117.422
61 32 159.321
61 35 86.9254
61 36 126.362
61 40 118.126
61 42 114.378
61 43 141.654
61 48 74.4458
61 51 97.2479
61 53 100.521
61 54 98.2376
61 55 107.913
61 58 106.531
61 62 87.2427
61 63 87.1361
61 65 120.709
61 66 128.471
61 67 122.826
61 68 98.998
61 70 119.864
61 73 98.1362
61 75 90.78
61 76 68.0435
61 77 93.9778
61 79 110.941
61 85 76.4372
61 86 117.504
61 91 114.28
61 92 111.056
61 96 100.071
62 0 95.8658
62 1 134.993
62 3 78.8446
62 4 77.5141
62 10 140.536
62 12 84.3552
62 14 74.9236
62 20 131.5
62 21 87.9832
62 22 82.0627
62 23 120.421
62 25 104.682
62 27 107.289
62 29 84.0088
62 30 103.389
62 32 98.2663
62 34 103.267
62 40 93.3406
62 42 106.45
62 43 86.036
62 45 104.754
62 48 74.6392
62 49 123.66
62 53 109.453
62 54 105.863
62 56 86.5148
62 59 141.389
62 66 68.1769
62 67 107.957
62 71 65.2903
62 77 74.9575
62 78 88.9596
62 80 102.221
62 81 79.3662
62 82 142.927
62 83 117.748
62 84 122.311
62 85 101.7
62 86 137.453
62 92 106.568
62 93 90.9738
62 97 104.524
62 98 107.352
62 99 82.8822
63 0 131.996
63 3 103.414
63 5 110.924
63 7 113.835
63 10 84.2151
63 11 97.2267
63 12 73.3399
63 16 97.3029
63 17 95.6231
63 20 103.232
63 21 117.621
63 23 80.6908
63 24 119.941
63 29 97.1895
63 30 71.5981
63 31 120.637
63 33 94.258
63 37 74.6337
63 39 119.632
63 41 81.9228
63 42 111.066
63 47 78.5166
63 48 116.496
63 50 98.0617
63 53 111.609
63 54 127.612
63 55 101.543
63 56 68.4227
63 59 113.43
63 64 83.4564
63 65 104.951
63 66 111.052
63 68 104.432
63 72 119.386
63 73 123.35
63 74 79.1734
63 77 84.3258
63 79 81.2582
63 83 111.945
63 84 89.9612
63 85 124.21
63 86 129.594
63 87 102.107
63 88 59.9809
63 92 80.7334
63 94 79.5943
63 95 102.093
64 0 94.3526
64 1 99.5951
64 3 136.299
64 7 91.1161
64 10 92.4475
64 11 129.736
64 12 106.325
64 13 79.713
64 18 107.609
64 22 109.39
64 24 75.0378
64 26 81.7259
64 33 85.9001
64 34 130.609
64 36 119.395
64 38 120.459
64 45 129.838
64 47 95.4106
64 48 137.246
64 52 101.789
64 54 83.4025
64 55 69.4648
64 58 118.511
64 59 96.5424
64 60 84.8995
64 61 107.11
64 62 126.572
64 65 99.1179
64 70 121.634
64 72 68.1127
64 73 99.716
64 75 86.7406
64 81 96.7682
64 82 111.349
64 84 84.6191
64 90 88.2912
64 91 109.623
64 95 112.438
64 96 27.0773
64 98 131.284
64 99 88.7709
65 2 98.4457
65 4 144.842
65 8 84.2489
65 11 70.2518
65 12 87.8376
65 17 99.6032
65 19 128.491
65 20 92.148
65 23 90.8127
65 24 106.417
65 33 84.6678
65 34 126.102
65 35 111.391
65 37 71.5626
65 40 124.34
65 48 61.0225
65 50 101.148
65 52 71.2702
65 62 118.579
65 66 123.497
65 67 119.241
65 70 127.057
65 71 139.991
65 81 143.452
65 82 64.6033
65 84 120.847
65 86 105.449
65 87 89.1273
65 92 100.333
65 96 121.831
65 97 110.771
65 99 99.8939
66 0 90.7776
66 6 100.991
66 10 92.883
66 11 85.6346
66 12 91.8949
66 13 123.613
66 15 113.821
66 17 80.6479
66 18 73.4193
66 19 53.2002
66 22 116.179
66 27 83.8059
66 29 110.817
66 32 91.5839
66 34 61.704
66 38 74.6169
66 39 65.3221
66 40 108.691
66 43 104.624
66 44 137.695
66 45 95.7415
66 46 90.9461
66 48 120.082
66 49 73.6825
66 51 81.4561
66 54 90.2222
66 57 50.8859
66 64 87.0201
66 71 96.3431
66 72 110.719
66 76 118.352
66 79 148.637
66 81 99.7738
66 83 125.501
66 85 109.976
66 86 76.9748
66 87 85.4842
66 88 75.8879
66 92 99.2864
66 93 85.3303
66 96 135.094
66 98 124.835
66 99 93.4243
67 0 122.115
67 4 68.0029
67 5 84.0305
67 6 107.535
67 9 106.893
67 14 104.339
67 16 73.07
67 22 86.4642
67 23 84.8998
67 24 86.2455
67 27 104
67 30 115.2
67 31 114.584
67 32 108.951
67 35 103.875
67 36 87.9299
67 37 102.531
67 38 130.736
67 43 100.686
67 47 91.7307
67 54 109.722
67 57 104.12
67 58 110.954
67 63 128.473
67 64 107.174
67 66 101.076
67 69 105.239
67 70 101.861
67 75 72.7729
67 77 106.654
67 78 99.0436
67 79 80.0321
67 82 110.143
67 91 114.096
67 95 106.957
67 97 109.422
68 3 79.5597
68 5 93.3269
68 7 139.668
68 8 74.5878
68 9 102.45
68 10 105.555
68 11 93.1508
68 15 98.0915
68 17 118.609
68 18 135.69
68 19 112.622
68 20 102.657
68 21 128.825
68 22 118.325
68 24 88.8339
68 27 58.1608
68 29 106.884
68 30 104.364
68 33 119.954
68 34 119.679
68 35 104.227
68 38 64.6974
68 42 146.231
68 44 85.4134
68 47 93.011
68 50 79.2517
68 52 104.279
68 54 58.2012
68 56 100.89
68 57 107.521
68 59 120.524
68 62 110.066
68 64 97.7831
68 65 88.2387
68 66 114.941
68 67 99.6531
68 69 105.88
68 70 106.179
68 71 101.558
68 73 86.9497
68 74 100.601
68 76 69.5499
68 81 70.8056
68 82 121.215
68 86 112.808
68 89 126.382
68 91 85.3072
68 96 84.5704
69 2 86.6399
69 3 79.6478
69 4 93.5456
69 5 58.5287
69 6 123.192
69 7 90.9184
69 8 65.3901
69 13 100.31
69 14 130.321
69 18 91.4636
69 21 135.504
69 24 91.667
69 26 92.4381
69 28 95.1505
69 29 98.2345
69 30 115.239
69 31 100.116
69 36 103.677
69 38 98.0746
69 41 86.5179
69 42 99.3727
69 47 80.1119
69 49 96.9068
69 51 112.744
69 54 71.4571
69 56 116.712
69 57 118.834
69 60 88.4827
69 61 122.545
69 62 87.9319
69 63 116.708
69 64 93.2692
69 75 109.204
69 76 76.1249
69 78 86.7785
69 82 121.153
69 84 95.6846
69 88 106.801
69 91 95.359
69 93 116.371
69 94 86.6464
69 95 120.971
69 96 119.819
69 97 139.859
69 98 104.966
70 6 138.94
70 8 83.0601
70 13 76.9543
70 15 100.774
70 16 88.0704
70 18 143.479
70 19 115.167
70 20 137.552
70 24 108.917
70 28 80.2558
70 29 124.854
70 30 68.6453
70 33 104.089
70 36 89.8083
70 39 96.1964
70 40 149.698
70 41 96.6135
70 42 97.6938
70 45 82.1739
70 46 81.2569
70 53 89.4322
70 54 122.679
70 56 122.369
70 57 127.936
70 60 78.5629
70 62 110.483
70 66 105.585
70 69 83.8783
70 72 95.3612
70 76 50.6931
70 77 83.144
70 78 82.9974
70 79 109.309
70 81 82.5503
70 83 63.0151
70 84 100.214
70 85 82.7007
70 88 104.528
70 93 110.968
70 96 101.703
70 97 128.738
70 98 86.7079
70 99 111.086
71 2 67.9809
71 7 97.2022
71 9 119.003
71 10 94.5089
71 14 81.7033
71 17 101.733
71 19 113.887
71 20 95.9132
71 22 92.4649
71 24 122.518
71 32 88.8883
71 33 79.082
71 35 96.4794
71 36 111.158
71 38 153.328
71 39 102.495
71 42 102.623
71 45 92.4522
71 50 75.2629
71 52 114.527
71 53 104.707
71 56 97.6593
71 58 110.407
71 59 121.265
71 60 65.7666
71 61 131.78
71 63 110.993
71 64 84.3071
71 69 93.0147
71 70 114.491
71 77 116.301
71 79 119.823
71 84 82.7455
71 85 98.1829
71 87 120.116
71 89 115.005
71 94 100.373
71 96 112.646
71 98 111.036
71 99 118.193
72 0 111.44
72 2 110.93
72 3 94.5541
72 5 109.665
72 8 125.712
72 9 85.6892
72 11 145.452
72 12 106.724
72 13 95.5188
72 14 98.6532
72 17 121.368
72 18 86.5804
72 20 115.126
72 21 106.051
72 24 120.717
72 27 86.189
72 29 102.224
72 31 113.979
72 32 107.715
72 33 118.411
72 35 126.305
72 36 79.5193
72 38 114.573
72 43 71.8404
72 47 102.581
72 48 136.103
72 50 105.252
72 52 66.785
72 54 109.711
72 58 84.03
72 59 103.88
72 60 87.2919
72 61 90.0594
72 62 126.568
72 65 125.001
72 67 105.525
72 68 104.384
72 69 94.3235
72 71 104.194
72 73 114.232
72 74 90.9974
72 75 76.0493
72 77 101.611
72 81 89.2337
72 83 80.6251
72 85 92.9373
72 86 91.6105
72 89 122.014
72 94 94.3168
72 96 121.146
72 99 118.906
73 1 114.367
73 2 120.373
73 3 75.6096
73 4 99.7663
73 6 100.429
73 7 107.631
73 9 86.4771
73 10 116.286
73 11 75.4188
73 12 86.1317
73 15 55.8414
73 17 104.259
73 18 106.524
73 20 85.5791
73 21 100.009
73 23 101.489
73 27 116.382
73 29 97.7546
73 31 86.04
73 33 104.358
73 34 104.458
73 35 149.088
73 36 116.496
73 37 84.8168
73 38 88.4244
73 39 113.233
73 41 99.232
73 43 107.31
73 45 103.912
73 46 114.47
73 48 104.312
73 49 136.711
73 51 57.1622
73 52 117.861
73 53 99.8516
73 55 77.8011
73 56 67.738
73 58 57.9249
73 59 87.8893
73 60 146.611
73 62 96.9262
73 66 69.9676
73 67 97.3526
73 70 132.314
73 71 122.867
73 76 124.773
73 78 121.015
73 80 110.063
73 87 96.0248
73 89 118.412
73 92 111.412
73 95 117.263
73 96 73.3656
73 98 106.333
74 0 128.444
74 3 101.115
74 8 70.5292
74 11 122.108
74 12 93.4199
74 13 109.093
74 15 106.079
74 16 90.9576
74 17 121.37
74 20 101.052
74 25 113.516
74 29 96.37
74 31 81.5717
74 32 121.578
74 33 86.0654
74 36 112.731
74 38 129.561
74 45 101.196
74 46 121.585
74 51 120.2
74 54 116.821
74 56 107.675
74 58 119.663
74 59 80.091
74 60 117.857
74 64 62.9315
74 65 127.742
74 66 130.719
74 67 80.196
74 70 124.051
74 71 91.3418
74 73 84.4916
74 84 104.37
74 85 77.2465
74 86 108.187
74 88 113.866
74 93 67.6221
74 96 113.35
74 97 117.364
75 0 108.904
75 2 66.0425
75 8 112.569
75 10 100.716
75 11 76.0526
75 12 57.7653
75 14 96.3074
75 18 114.135
75 19 82.0454
75 20 67.7245
75 22 138.723
75 26 61.1397
75 29 90.3313
75 30 124.438
75 31 135.671
75 32 102.508
75 36 112.503
75 37 42.6184
75 38 118.886
75 39 108.235
75 40 112.813
75 43 109.191
75 44 123.136
75 45 93.635
75 46 91.2224
75 52 91.861
75 54 120.559
75 55 91.3775
75 56 100.463
75 58 129.443
75 60 130.642
75 62 97.9122
75 63 105.836
75 65 134.487
75 68 59.2021
75 71 132.764
75 74 105.631
75 76 111.049
75 82 112.306
75 83 90.4454
75 84 107.738
75 87 100.431
75 88 129.456
75 90 83.1572
75 91 161.123
75 98 95.2238
76 0 66.677
76 1 111.215
76 8 98.3194
76 9 106.88
76 11 106.741
76 13 127.927
76 15 98.1549
76 18 98.9186
76 19 153.463
76 20 90.1036
76 21 115.813
76 22 63.3923
76 25 108.153
76 26 100.847
76 29 92.2839
76 32 75.1408
76 33 85.3866
76 34 107.209
76 38 93.3867
76 39 109.948
76 43 138.236
76 44 129.935
76 46 131.176
76 48 96.0524
76 51 130.005
76 52 118.282
76 53 100.27
76 55 125.786
76 58 114.035
76 60 113.824
76 62 85.5332
76 63 88.4139
76 64 103.458
76 65 90.9372
76 67 69.4202
76 71 52.2317
76 72 89.3318
76 74 97.2973
76 79 101.109
76 82 100.404
76 83 93.8346
76 87 85.887
76 92 69.483
76 94 117.69
76 95 142.339
76 97 96.589
76 98 65.982
77 0 105.169
77 1 92.5089
77 5 83.4045
77 6 68.5771
77 7 113.681
77 8 70.6619
77 10 95.5462
77 12 94.8954
77 14 102.062
77 15 76.6087
77 17 107.673
77 22 68.5947
77 26 109.214
77 28 129.454
77 31 69.4455
77 33 99.8529
77 34 98.9929
77 39 78.0964
77 41 131.683
77 42 122.966
77 47 111.922
77 48 99.5119
77 51 88.9925
77 52 53.7933
77 53 151.751
77 57 104.86
77 59 77.2626
77 60 93.05
77 64 117.817
77 65 108.197
77 66 101.177
77 69 69.6847
77 73 88.9658
77 74 90.3122
77 75 100.506
77 76 122.51
77 78 93.6561
77 79 107.734
77 83 84.8463
77 84 94.9505
77 85 118.039
77 86 100.351
77 92 82.0532
77 93 73.0477
78 0 119.089
78 3 97.7704
78 4 107.957
78 5 123.926
78 13 102.058
78 14 107.7
78 16 100.859
78 18 117.092
78 20 83.7528
78 24 93.8788
78 25 92.0031
78 30 98.7718
78 31 119.737
78 34 95.2132
78 35 62.3508
78 37 76.9096
78 39 85.0231
78 41 113.156
78 44 100.067
78 45 130.849
78 47 125.753
78 49 94.1831
78 50 117.797
78 52 116.958
78 53 83.7583
78 55 125.231
78 57 101.304
78 60 109.32
78 61 107.842
78 63 95.8559
78 64 113.759
78 65 92.5915
78 66 94.2786
78 68 72.8913
78 71 84.5669
78 72 126.803
78 75 152.435
78 81 91.35
78 82 80.9233
78 84 57.1907
78 86 103.103
78 88 86.2512
78 89 113.481
78 91 110.926
78 94 83.1704
78 95 120.791
78 96 70.9147
78 99 100.702
79 0 90.2044
79 1 129.294
79 9 110.943
79 10 104.25
79 11 75.4591
79 16 87.2471
79 17 70.2228
79 21 128.495
79 23 63.1816
79 24 78.1633
79 26 84.1484
79 27 92.631
79 28 89.0757
79 29 99.1038
79 33 125.816
79 35 113.364
79 37 113.392
79 40 82.2867
79 43 109.221
79 45 90.4353
79 46 135.57
79 47 79.99
79 52 113.865
79 53 92.6227
79 56 91.9533
79 57 109.418
79 58 74.8546
79 59 96.7585
79 62 83.7059
79 64 90.7799
79 69 108.7
79 72 108.039
79 73 104.065
79 75 101.408
79 78 48.9263
79 84 112.38
79 91 57.8018
79 93 98.0729
79 94 99.8956
79 95 127.446
79 97 127.537
79 99 67.6272
80 2 81.1731
80 6 99.6745
80 9 92.3993
80 18 112.96
80 25 96.9318
80 29 130.823
80 30 134.145
80 33 76.8979
80 34 91.4046
80 36 121.542
80 38 129.668
80 39 68.7158
80 40 104.218
80 41 74.2034
80 42 94.5864
80 43 98.7437
80 51 105.751
80 53 77.9359
80 54 97.9194
80 55 88.9009
80 56 153.513
80 57 99.5443
80 58 104.863
80 59 106.786
80 61 118.558
80 63 119.498
80 65 78.8092
80 69 98.4187
80 70 74.9555
80 71 99.7666
80 72 107.218
80 74 114.899
80 76 82.7379
80 77 105.974
80 78 110.362
80 79 130.329
80 86 74.7553
80 90 115.189
80 91 67.0293
80 93 97.5998
80 94 78.6546
80 95 89.5006
80 96 142.645
81 0 87.2265
81 3 127.875
81 4 90.095
81 6 96.6825
81 7 123.461
81 9 110.787
81 12 105.004
81 15 85.4405
81 20 114.592
81 22 113.118
81 23 88.1015
81 25 110.941
81 28 90.0184
81 34 94.2875
81 37 98.805
81 38 156.1
81 39 131.758
81 41 106.26
81 44 101.426
81 50 112.338
81 51 120.961
81 58 116.39
81 59 124.951
81 61 67.8178
81 69 82.0214
81 71 121.136
81 73 103.895
81 74 85.2833
81 75 84.0095
81 76 100.708
81 77 102.199
81 79 78.314
81 80 76.5176
81 82 103.601
81 83 108.786
81 84 97.6035
81 85 99.5905
81 88 95.3465
81 99 96.1734
82 0 43.7273
82 4 108.507
82 5 117.808
82 6 94.0041
82 13 119.8
82 17 96.4896
82 18 113.759
82 21 120.952
82 22 115.456
82 24 85.0279
82 29 114.301
82 36 99.8763
82 37 86.252
82 38 124.583
82 39 95.6399
82 40 113.492
82 43 110.967
82 45 99.66
82 47 113.956
82 49 92.7242
82 52 143.275
82 53 77.9141
82 54 64.2982
82 56 107.311
82 59 96.0657
82 60 91.959
82 63 78.1015
82 71 67.2784
82 72 128.154
82 73 111.319
82 74 91.1719
82 80 119.15
82 86 136.685
82 88 106.512
82 94 107.939
82 95 98.7225
82 98 112.72
82 99 84.0376
83 1 116.013
83 3 107.016
83 4 109.403
83 5 98.4318
83 7 78.4103
83 9 102.803
83 12 93.5064
83 15 126.983
83 16 100.812
83 18 137.472
83 21 134.561
83 28 133.261
83 31 85.5037
83 32 104.877
83 34 94.9197
83 36 123.725
83 41 111.423
83 42 97.4452
83 44 88.2704
83 47 98.6723
83 48 92.8062
83 50 125.345
83 51 115.619
83 53 114.2
83 57 80.0541
83 59 85.367
83 60 79.1051
83 61 149.059
83 64 99.7636
83 65 112.137
83 67 121.276
83 73 74.9868
83 74 61.0494
83 80 107.115
83 82 131.611
83 84 96.0362
83 88 104.714
83 90 74.7524
83 92 90.1219
83 93 114.202
83 94 98.4566
83 96 85.3529
83 99 105.435
84 0 89.223
84 3 47.5305
84 9 123.024
84 10 115.487
84 12 127.491
84 14 90.5031
84 15 107.498
84 17 60.0407
84 18 104.512
84 19 83.6972
84 21 63.8783
84 22 130.446
84 23 68.5735
84 25 81.3819
84 29 92.2764
84 31 144.642
84 32 103.859
84 36 85.8973
84 41 99.9203
84 42 100.827
84 45 108.873
84 47 91.6442
84 48 95.7622
84 49 72.8115
84 51 106.918
84 53 108.271
84 56 82.9258
84 57 103.75
84 58 128.851
84 59 111.911
84 60 64.8806
84 61 114.434
84 66 113.354
84 67 83.4242
84 68 130.697
84 76 112.788
84 80 72.1597
84 82 130.153
84 86 108.645
84 87 98.7382
84 89 114.546
84 91 104.894
84 98 144.262
85 2 81.0517
85 4 119.187
85 6 103.731
85 8 99.5653
85 10 99.9947
85 11 135.683
85 12 96.0051
85 14 109.757
85 18 98.3215
85 19 125.122
85 26 101.167
85 27 97.3838
85 29 104.024
85 30 109.371
85 33 124.999
85 38 80.2187
85 39 64.3128
85 40 152.633
85 43 101.527
85 49 101.071
85 51 120.839
85 57 80.8005
85 60 78.3471
85 64 78.8095
85 67 110.95
85 68 97.2728
85 69 77.0633
85 73 124.997
85 75 120.434
85 76 119.394
85 78 126.662
85 79 122.396
85 80 99.5111
85 82 94.2082
85 84 114.822
85 88 140.614
85 89 62.0928
85 90 112.502
85 91 82.0921
85 93 131.069
85 97 93.4632
85 99 104.996
86 0 112.195
86 6 118.366
86 8 104.096
86 9 84.6787
86 10 129.966
86 11 113.364
86 13 103.809
86 16 67.441
86 19 68.1191
86 23 110.484
86 24 126.335
86 28 95.8807
86 31 90.4959
86 32 106.996
86 33 95.7209
86 34 120.56
86 35 68.4128
86 36 75.0246
86 40 65.6716
86 41 87.1374
86 44 96.1915
86 45 92.5185
86 46 97.5354
86 47 119.175
86 48 128.68
86 49 78.7737
86 50 101.11
86 52 164.382
86 54 120.356
86 55 101.558
86 56 88.6076
86 57 84.3809
86 58 94.8432
86 60 110.21
86 64 95.0103
86 67 75.0729
86 69 69.302
86 70 92.0346
86 71 107.714
86 73 86.1628
86 75 89.4083
86 76 100.828
86 79 110.464
86 81 94.3698
86 83 82.0538
86 85 118.748
86 88 126.38
86 89 120.579
86 92 126.251
86 94 116.44
86 97 128.353
86 98 100.323
86 99 60.292
87 0 99.0242
87 4 129.033
87 5 105.124
87 6 103.702
87 7 99.5965
87 8 92.2195
87 9 105.437
87 10 109.777
87 11 98.2691
87 12 97.7952
87 13 100.532
87 16 129.497
87 18 119.003
87 20 79.2792
87 21 89.4116
87 22 132.52
87 24 99.1165
87 25 123.764
87 27 108.178
87 34 92.5261
87 36 123.215
87 38 54.0001
87 39 113.527
87 41 60.1318
87 48 82.757
87 51 102.772
87 52 73.2403
87 54 117.817
87 55 113.059
87 57 103.18
87 59 84.3417
87 60 104.715
87 61 137.198
87 62 120.175
87 64 92.7495
87 67 99.3171
87 68 105.939
87 69 87.783
87 72 77.984
87 74 119.578
87 77 109.599
87 78 97.2035
87 79 128.013
87 81 120.101
87 82 40.4753
87 83 85.413
87 85 108.073
87 86 86.8545
87 93 93.7046
87 94 92.0161
87 97 91.4703
88 0 92.9456
88 1 113.661
88 2 137.652
88 5 139.761
88 11 81.5564
88 14 55.3091
88 16 104.197
88 17 105.228
88 21 159.272
88 23 95.6393
88 24 83.8097
88 28 92.4875
88 29 100.916
88 30 88.0655
88 31 97.0777
88 32 112.449
88 34 120.26
88 35 143.005
88 36 90.5914
88 40 88.3769
88 41 81.1753
88 44 83.7047
88 46 91.2392
88 52 96.6236
88 53 100.161
88 54 50.1752
88 61 108.975
88 64 75.4338
88 65 102.578
88 67 105.107
88 71 81.0362
88 72 94.6153
88 76 85.3152
88 80 96.0364
88 90 80.3792
88 92 143.085
88 95 98.7653
88 96 94.7148
88 98 108.239
88 99 87.3619
89 0 103.344
89 2 95.1546
89 4 120.45
89 8 95.4524
89 9 84.3805
89 10 91.0408
89 13 88.5915
89 15 71.9061
89 16 91.8458
89 22 123.062
89 24 103.213
89 26 95.1777
89 31 106.941
89 32 62.8618
89 33 77.3732
89 34 89.1148
89 36 121.232
89 37 109.741
89 38 82.3528
89 40 79.039
89 42 52.8158
89 43 86.074
89 47 102.639
89 48 113.281
89 49 121.17
89 50 109.61
89 51 130.211
89 54 109.452
89 56 108.242
89 58 101.977
89 61 148.405
89 62 93.1462
89 63 108.754
89 64 142.479
89 65 92.7108
89 66 86.2319
89 67 89.193
89 69 119.311
89 70 152.261
89 75 118.265
89 76 82.4087
89 77 92.6688
89 81 104.313
89 82 107.452
89 83 88.5855
89 87 67.4778
89 88 118.15
89 90 102.754
89 94 79.1805
90 0 52.739
90 4 130.017
90 5 118.779
90 8 90.9316
90 11 89.2051
90 13 135.952
90 14 68.1833
90 18 96.901
90 19 105.158
90 21 83.8344
90 23 93.0291
90 26 48.3828
90 28 122.786
90 30 73.5228
90 33 94.9491
90 36 112.469
90 38 91.6846
90 40 122.395
90 44 100.312
90 46 82.2688
90 48 128.578
90 50 142.223
90 51 76.7854
90 52 123.588
90 53 75.2517
90 54 107.857
90 55 109.985
90 57 120.219
90 62 131.114
90 65 94.4893
90 66 82.4431
90 67 53.5503
90 68 148.504
90 69 103.05
90 70 96.1236
90 71 94.8969
90 72 101.766
90 73 135.825
90 76 85.0129
90 77 103.717
90 78 70.9158
90 79 114.665
90 81 109.418
90 82 97.8909
90 86 103.628
90 87 121.731
90 91 93.2274
90 92 126.81
90 96 125.854
90 98 100.32
90 99 116.237
91 0 87.713
91 1 88.8105
91 3 134.898
91 4 109.787
91 6 62.7683
91 7 107.483
91 9 82.7611
91 11 99.5251
91 13 96.3529
91 18 104.483
91 19 74.6984
91 23 109.676
91 25 129.283
91 29 115.415
91 30 82.0924
91 33 86.6325
91 34 88.1937
91 37 130.859
91 38 127.333
91 41 94.107
91 47 128.221
91 48 109.981
91 49 101.953
91 50 92.3332
91 51 111.028
91 54 99.2678
91 55 131.848
91 57 100.813
91 58 88.287
91 63 140.287
91 65 86.8711
91 66 97.3523
91 70 108.895
91 72 113.803
91 73 134.584
91 74 126.281
91 76 144.664
91 83 75.2393
91 86 81.6007
91 87 121.734
91 88 100.884
91 89 90.1748
91 95 115.362
92 2 97.6726
92 6 117.632
92 7 80.3783
92 9 90.9845
92 14 81.6874
92 19 119.161
92 21 96.1751
92 24 98.471
92 25 105.474
92 27 95.7368
92 30 85.0098
92 31 123.836
92 33 117.833
92 34 104.126
92 41 142.335
92 42 74.4158
92 47 57.0533
92 48 84.2736
92 50 122.952
92 52 98.3955
92 53 115.167
92 56 117.844
92 57 95.7865
92 58 83.7065
92 60 101.353
92 64 116.153
92 67 125.512
92 69 96.2137
92 71 124.336
92 72 108.5
92 75 75.2901
92 78 77.3646
92 80 109.121
92 84 91.3679
92 85 62.106
92 89 72.1142
92 91 70.84
92 93 131.219
92 94 109.891
92 97 93.3691
92 98 91.3195
92 99 113.24
93 0 105.959
93 12 107.138
93 16 80.7717
93 17 116.67
93 22 121.901
93 23 96.1432
93 24 110.814
93 28 76.0007
93 30 127.183
93 33 87.683
93 36 108.057
93 37 143.015
93 40 93.6118
93 45 89.0287
93 46 109.406
93 49 110.851
93 50 108.666
93 52 48.041
93 53 67.5157
93 55 93.4526
93 56 122.817
93 58 131.799
93 61 71.6319
93 63 120.122
93 64 108.933
93 65 111.355
93 67 94.668
93 68 87.0922
93 71 75.1685
93 72 113.285
93 73 88.5334
93 75 139.021
93 78 78.2124
93 81 64.9568
93 82 95.8903
93 84 131.903
93 86 136.68
93 89 122.384
93 90 55.8428
93 91 94.6349
93 96 62.2331
93 99 114.328
94 4 95.7624
94 5 71.5462
94 6 75.2583
94 9 88.5141
94 12 126.332
94 14 111.361
94 15 102.754
94 17 81.7276
94 19 111.109
94 20 56.9664
94 23 77.2667
94 25 107.264
94 26 60.7418
94 28 103.964
94 29 135.574
94 32 109.784
94 34 106.099
94 38 129.937
94 45 125.004
94 46 67.6845
94 47 89.8608
94 50 97.9151
94 51 76.0949
94 53 113.06
94 54 86.3821
94 55 97.957
94 56 93.8705
94 57 89.8371
94 58 120.325
94 60 81.3403
94 61 106.285
94 62 120.827
94 65 68.4028
94 66 87.1781
94 67 113.052
94 68 113.539
94 73 138.094
94 74 81.3987
94 75 84.0046
94 77 95.1911
94 84 126.092
94 88 72.242
94 90 152.765
94 95 120.094
94 96 101.542
94 98 125.397
95 3 103.728
95 4 130.581
95 5 80.9947
95 9 78.9228
95 10 101.779
95 12 106.648
95 13 110.169
95 14 114.349
95 16 110.315
95 17 93.6505
95 18 83.8846
95 22 79.8357
95 24 94.7698
95 27 86.9839
95 29 106.907
95 30 63.5111
95 31 115.741
95 33 111.479
95 34 119.146
95 37 114.439
95 40 99.6223
95 50 94.059
95 51 104.113
95 52 92.8448
95 53 89.9204
95 55 111.045
95 56 106.006
95 57 99.7483
95 58 89.2218
95 61 87.7217
95 62 102.504
95 66 100.206
95 71 96.5382
95 72 87.2908
95 75 144.703
95 77 98.1179
95 81 100.932
95 83 100.938
95 84 108.296
95 85 107.795
95 86 97.0684
95 87 109.395
95 89 117.31
95 90 109.147
95 92 78.7956
95 93 111.354
95 97 115.09
96 3 100.665
96 4 115.083
96 5 103.882
96 7 88.4769
96 8 97.4935
96 12 104.776
96 14 140.863
96 16 87.4075
96 19 71.8042
96 21 101.395
96 25 116.888
96 27 98.5895
96 28 84.9839
96 29 118.995
96 30 82.1804
96 40 87.9133
96 41 94.0779
96 42 84.4941
96 46 99.5446
96 47 74.8942
96 48 90.1178
96 49 79.1407
96 52 150.166
96 53 87.7648
96 54 81.2762
96 58 105.965
96 60 91.1965
96 62 124.379
96 67 71.2175
96 76 76.2272
96 77 97.3002
96 79 125.763
96 81 90.5867
96 84 85.3409
96 87 134.046
96 89 144.03
96 91 115.845
96 95 65.4829
96 99 123.326
97 1 120.978
97 2 87.0938
97 8 79.4343
97 10 85.3283
97 11 109.94
97 15 60.725
97 18 90.0816
97 19 91.948
97 20 63.5842
97 22 102.003
97 23 97.1918
97 24 103.93
97 27 87.7346
97 28 98.87
97 30 86.6196
97 36 124.796
97 37 126.565
97 39 106.023
97 44 102.792
97 46 86.8373
97 49 96.6375
97 51 138.821
97 52 101.264
97 53 89.2798
97 55 87.9485
97 57 121.21
97 63 112.528
97 64 95.3647
97 66 122.29
97 68 110.878
97 71 120.136
97 72 89.5406
97 73 98.0743
97 75 73.4208
97 77 99.1765
97 78 98.6579
97 82 152.645
97 83 113.839
97 84 103.074
97 88 109.252
97 89 116.596
97 90 97.0983
97 93 111.46
97 94 107.254
97 96 109.85
98 0 59.2715
98 1 109.763
98 2 83.4424
98 4 115.684
98 7 89.2845
98 17 104.831
98 19 119.389
98 20 124.576
98 22 92.3701
98 23 93.0858
98 24 94.5091
98 25 82.5179
98 27 102.159
98 29 109.605
98 33 90.3601
98 34 57.4625
98 35 109.462
98 40 107.62
98 41 104.684
98 43 102.819
98 44 88.4212
98 46 101.414
98 48 84.0934
98 52 103.04
98 55 91.41
98 58 96.7083
98 59 103.253
98 61 119.578
98 63 91.5226
98 67 100.893
98 74 74.4345
98 77 126.596
98 78 89.3828
98 80 99.3406
98 81 114.288
98 85 85.4537
98 89 107.097
98 91 129.405
98 95 93.135
99 0 68.565
99 7 100.794
99 9 110.878
99 10 95.5327
99 12 107.067
99 16 123.57
99 17 73.2935
99 18 80.4217
99 19 124.538
99 21 87.4825
99 23 133.593
99 24 98.9175
99 28 79.4971
99 33 130.205
99 34 83.8639
99 36 81.3466
99 37 109.6
99 41 115.038
99 42 116.158
99 45 134.502
99 50 93.9127
99 52 119.816
99 54 98.1641
99 56 100.305
99 58 88.533
99 61 58.9393
99 63 94.9877
99 67 73.364
99 68 99.257
99 69 65.6978
99 73 110.003
99 74 126.339
99 76 121.701
99 77 66.8205
99 80 107.7
99 84 123.952
99 87 112.516
99 91 91.1492
99 95 102.247
99 97 86.1567
99 98 85.5121
