50 1058 ND
0 1 200.32
0 2 93.4251
0 3 158.581
0 10 113.098
0 12 108.546
0 14 11.3684
0 19 47.5818
0 26 40.9644
0 34 121.202
0 39 45.9073
0 44 50.0892
0 45 170.279
0 47 113.497
1 3 81.5113
1 4 134.42
1 12 99.4645
1 13 145.171
1 14 116.861
1 16 141.224
1 18 123.277
1 19 141.777
1 22 147.593
1 23 105.897
1 24 68.1388
1 25 128.743
1 27 158.793
1 28 184.945
1 33 43.081
1 34 35.0448
1 37 74.4718
1 40 67.0648
1 41 94.2208
1 43 85.1298
1 44 163.46
1 46 176.609
1 48 133.946
2 1 102.355
2 5 127.135
2 6 110.208
2 9 84.9507
2 12 144.981
2 15 52.1617
2 16 140.136
2 17 75.3744
2 18 108.6
2 24 105.299
2 26 46.1875
2 27 72.2247
2 30 101.239
2 31 87.4239
2 33 80.1499
2 34 97.0529
2 35 89.9883
2 38 106.006
2 42 17.3758
2 43 99.9962
2 44 21.0093
2 46 127.637
2 48 99.7095
3 2 57.7061
3 6 84.3494
3 7 151.503
3 10 108.046
3 11 139.898
3 15 136.393
3 20 110.253
3 21 69.9578
3 23 45.376
3 24 108.255
3 26 127.063
3 27 75.0135
3 30 106.903
3 36 86.4651
3 37 123.177
3 39 64.3947
3 44 144.635
3 47 178.329
3 49 70.7153
4 0 51.8946
4 2 94.7771
4 3 62.4071
4 8 150.011
4 10 138.702
4 11 94.4569
4 12 150.558
4 13 163.991
4 14 64.9914
4 17 98.238
4 18 107.985
4 19 115.415
4 20 123.796
4 22 74.7071
4 24 136.456
4 29 77.3276
4 30 111.926
4 31 94.8965
4 32 50.759
4 35 89.1499
4 36 112.342
4 42 72.724
4 48 83.0783
4 49 71.3342
5 0 57.0363
5 1 101.092
5 3 120.913
5 4 145.987
5 9 125.945
5 11 76.9173
5 16 103.793
5 18 34.4034
5 19 157.406
5 20 105.612
5 21 50.9346
5 22 25.5802
5 23 110.411
5 24 126.814
5 26 102.385
5 28 58.2451
5 29 160.692
5 30 92.0406
5 34 137.162
5 35 120.686
5 40 118.691
5 41 74.5832
5 49 60.0497
6 5 128.435
6 7 101.489
6 9 91.8566
6 11 101.674
6 14 65.4798
6 15 1.02484
6 16 94.8934
6 18 81.7385
6 20 55.9734
6 23 88.5172
6 24 112.925
6 26 116.448
6 29 42.8677
6 30 71.4354
6 34 118.849
6 35 114.921
7 0 0.152596
7 2 61.1635
7 5 69.5864
7 8 136.913
7 17 168.199
7 19 50.4821
7 20 85.4549
7 23 110.189
7 28 69.455
7 31 122.601
7 32 53.2166
7 34 44.3678
7 36 116.33
7 38 101.486
7 39 34.9369
7 43 112.339
7 45 121.821
7 46 134.633
7 47 100.932
7 49 70.8604
8 1 54.3471
8 3 89.0048
8 6 92.8627
8 9 165.248
8 11 133.793
8 13 71.0535
8 15 167.794
8 16 77.248
8 19 125.296
8 20 91.9253
8 22 85.9483
8 24 114.666
8 25 30.2255
8 26 116.438
8 28 34.6593
8 29 122.167
8 30 101.688
8 31 104.132
8 32 80.1012
8 35 130.072
8 39 84.0527
8 42 114.962
8 46 107.431
8 48 140.543
8 49 94.6259
9 0 38.8215
9 3 118.436
9 4 45.322
9 7 127.582
9 12 142.711
9 13 115.509
9 15 83.9854
9 20 64.5068
9 26 47.1234
9 29 72.1684
9 30 68.1511
9 33 42.4318
9 38 88.9604
9 39 6.36761
9 49 130.051
10 1 114.757
10 2 188.778
10 5 97.2124
10 7 149.792
10 9 110.248
10 12 80.8578
10 16 38.289
10 19 92.3607
10 25 196.173
10 26 68.7616
10 28 62.7738
10 31 104.783
10 32 134.447
10 33 69.8902
10 34 86.1807
10 39 61.321
10 40 106.806
10 41 63.8587
10 47 8.79436
10 48 43.1527
10 49 65.3026
11 0 79.3662
11 1 94.6515
11 2 94.3692
11 7 86.0218
11 10 126.611
11 13 59.7148
11 14 154.402
11 17 103.878
11 18 44.5227
11 20 24.1588
11 24 82.6953
11 27 143.24
11 28 38.176
11 30 134.549
11 35 110.734
11 39 70.4085
11 40 112.242
11 41 84.4664
11 42 76.6406
11 44 103.125
11 48 157.985
12 3 130.014
12 5 140.223
12 6 184.424
12 7 142.067
12 8 71.3096
12 11 99.6624
12 14 80.399
12 15 155.866
12 17 112.809
12 18 82.6503
12 22 134.708
12 23 103.035
12 25 96.5456
12 26 122.185
12 28 113.225
12 29 113.98
12 30 68.0585
12 32 41.2227
12 35 119.995
12 38 120.995
12 41 70.3726
12 43 81.8328
12 44 117.364
12 46 87.8757
12 47 161.854
12 48 87.2357
13 0 102.863
13 2 122.019
13 5 57.0916
13 6 111.004
13 7 83.3527
13 10 116.898
13 12 176.538
13 14 105.123
13 20 81.6204
13 21 61.8119
13 22 101.725
13 24 126.03
13 29 73.7713
13 31 116.463
13 33 104.212
13 34 84.7501
13 37 162.798
13 38 80.4356
13 44 145.947
13 46 175.994
13 47 132.203
13 48 53.8188
14 2 30.7033
14 5 95.7646
14 7 123.102
14 8 152.836
14 9 71.4678
14 15 186.285
14 17 229.587
14 20 93.1238
14 21 88.0736
14 23 87.7311
14 27 48.7987
14 29 119.418
14 31 55.7732
14 32 52.5328
14 36 112.178
14 39 108.652
14 40 133.916
14 41 131.591
14 42 83.6111
14 46 98.1053
14 48 193.205
15 0 52.0911
15 1 121.748
15 4 64.3619
15 5 104.48
15 7 43.3935
15 10 92.9122
15 11 86.8623
15 17 62.8392
15 18 127.66
15 20 96.3224
15 21 85.2136
15 23 115.193
15 28 154.171
15 29 100.083
15 31 165.559
15 32 176.841
15 38 172.18
15 40 94.4852
15 41 143.772
15 42 123.549
15 44 94.4134
15 45 165.457
15 46 97.1343
16 0 131.666
16 3 124.852
16 7 114.612
16 11 59.9902
16 12 113.501
16 13 150.591
16 15 94.2088
16 19 102.466
16 21 83.1114
16 22 61.1023
16 23 104.868
16 25 63.1126
16 26 158.336
16 29 135.296
16 36 113.528
16 38 83.4747
16 40 86.6102
16 46 77.3688
16 49 65.8017
17 0 143.177
17 1 105.81
17 5 172.867
17 6 158.123
17 8 120.75
17 9 86.4091
17 10 52.7231
17 13 104.42
17 16 117.863
17 20 10.2559
17 22 111.802
17 25 104.52
17 26 137.214
17 27 112.027
17 29 131.267
17 32 92.4736
17 33 62.5514
17 34 152.259
17 37 79.2379
17 38 116.775
17 40 62.7761
17 41 191.103
17 43 131.742
17 44 52.992
17 46 138.345
17 47 27.3049
17 48 67.3822
18 3 85.0333
18 7 154.31
18 8 71.3713
18 13 123.367
18 14 143.622
18 16 124.594
18 17 112.422
18 20 23.5694
18 22 81.9764
18 25 40.4546
18 29 122.674
18 30 134.341
18 31 160.015
18 34 83.1022
18 36 134.197
18 37 106.054
18 39 120.704
18 40 56.5736
18 41 55.2426
18 42 59.1575
18 44 16.543
18 45 103.554
18 46 123.091
18 48 81.8082
19 2 71.6586
19 3 19.527
19 6 72.9339
19 9 102.028
19 11 64.0975
19 12 89.7427
19 14 60.8868
19 17 74.9097
19 18 68.7353
19 20 92.7667
19 24 44.4789
19 25 126.252
19 26 76.9912
19 27 96.879
19 28 113.586
19 31 57.4104
19 32 83.7984
19 33 72.1005
19 38 89.2693
19 44 85.2704
19 48 53.8095
19 49 107.221
20 0 92.3441
20 1 33.6936
20 2 80.1765
20 10 130.701
20 16 88.7372
20 22 103.12
20 23 72.3142
20 25 79.2937
20 27 55.9471
20 30 97.4569
20 32 4.93179
20 33 152.423
20 34 135.132
20 35 150.756
20 37 45.708
20 42 104.585
20 44 197.765
20 45 89.091
20 47 108.172
20 49 108.899
21 1 115.671
21 2 119.043
21 4 158.397
21 6 132.269
21 7 19.6712
21 9 172.179
21 11 41.3277
21 12 111.336
21 17 36.1242
21 19 84.2768
21 20 1.20348
21 22 157.724
21 27 118.372
21 29 67.7282
21 30 128.026
21 31 135.34
21 32 99.2748
21 34 74.5603
21 35 117.951
21 36 87.0934
21 38 50.0617
21 39 95.6698
21 42 167.352
21 45 96.319
21 46 85.8363
21 47 119.361
21 48 92.4512
21 49 35.45
22 0 26.722
22 2 93.5654
22 3 188.881
22 6 65.5831
22 7 119.339
22 9 189.034
22 10 52.0391
22 14 56.6508
22 15 59.7688
22 19 140.144
22 23 92.8969
22 25 44.4207
22 29 120.259
22 37 113.25
22 42 91.4976
22 48 77.9187
23 0 122.82
23 8 108.061
23 9 121.915
23 10 32.313
23 17 95.1217
23 18 131.705
23 19 160.299
23 21 51.8906
23 27 20.1937
23 28 46.8899
23 29 73.7934
23 34 79.7477
23 35 80.0323
23 37 43.9493
23 38 80.848
23 39 49.5503
23 40 122.773
23 42 153.743
23 43 104.079
23 45 4.67529
23 46 79.5514
23 48 66.1754
24 10 123.901
24 12 128.028
24 14 150.502
24 15 73.1051
24 16 79.3956
24 17 2.2507
24 18 128.892
24 22 173.155
24 23 41.4927
24 26 89.0069
24 33 93.5658
24 34 119.7
24 36 69.0372
24 38 100.869
24 40 145.169
24 44 88.2218
25 2 89.1736
25 4 136.879
25 5 128.353
25 6 70.1496
25 7 77.9843
25 9 62.8488
25 11 139.395
25 13 51.752
25 15 69.8213
25 21 124.459
25 24 70.3711
25 26 38.3858
25 28 100.511
25 29 133.95
25 35 129.302
25 37 42.7808
25 38 104.829
25 39 139.178
25 40 69.0059
25 41 67.8938
25 48 82.7939
26 4 94.9584
26 7 161.047
26 11 106.884
26 13 107.742
26 14 22.8208
26 15 53.4698
26 22 91.5596
26 23 77.8214
26 29 46.2337
26 30 107.382
26 35 75.395
26 36 113.111
26 37 96.4335
26 38 115.1
26 41 100.673
26 49 76.7689
27 0 141.492
27 6 141.783
27 7 76.9902
27 8 107.129
27 9 46.7949
27 10 96.3772
27 12 75.5846
27 13 118.418
27 15 133.046
27 18 70.004
27 22 44.8661
27 24 133.956
27 25 113.569
27 26 180.619
27 31 33.3064
27 32 143.036
27 36 133.272
27 38 166.48
27 41 81.9199
27 44 90.9312
27 45 128.357
27 46 148.828
28 0 173.016
28 3 122.055
28 4 68.5928
28 6 55.8872
28 9 56.194
28 13 140.543
28 14 92.8601
28 16 140.626
28 17 67.7827
28 18 110.688
28 22 164.477
28 26 44.4382
28 31 52.0818
28 33 86.407
28 35 95.7878
28 38 122.258
28 40 207.374
28 44 34.0826
28 46 125.258
29 0 136.784
29 1 110.523
29 2 106.811
29 3 127.101
29 7 139.671
29 10 46.7377
29 11 107.72
29 19 54.8498
29 27 100.228
29 28 108.195
29 30 192.246
29 31 136.547
29 34 105.252
29 35 53.1681
29 39 118.09
29 41 113.103
29 44 127.125
29 45 51.9755
29 48 90.8715
30 0 62.4647
30 7 180.376
30 14 75.5391
30 15 130.675
30 16 73.2186
30 17 99.664
30 19 119.199
30 23 108.959
30 24 143.724
30 25 127.916
30 27 150.292
30 31 72.897
30 33 130.651
30 34 83.912
30 38 147.338
30 41 102.961
30 44 88.4526
30 45 73.7513
30 47 65.0808
30 48 106.532
31 0 128.591
31 5 97.8134
31 9 113.695
31 11 76.937
31 17 38.4704
31 20 123.782
31 22 81.6411
31 23 114.995
31 24 110.307
31 26 115.517
31 32 69.8365
31 34 135.167
31 36 87.7466
31 43 61.2298
31 48 83.1476
32 0 146.937
32 1 91.1705
32 2 40.7812
32 3 159.753
32 6 65.3284
32 9 137.313
32 11 24.5724
32 13 103.222
32 16 132.433
32 18 50.2242
32 22 83.0552
32 23 181.732
32 25 0.664528
32 26 89.1323
32 28 132.644
32 29 94.3609
32 30 156.287
32 34 94.4819
32 39 45.854
32 44 107.728
32 46 89.9057
33 0 172.875
33 3 169.258
33 6 138.075
33 8 130.764
33 11 10.2494
33 15 79.5456
33 16 185.675
33 18 94.0162
33 21 56.7101
33 22 112.847
33 25 93.1388
33 26 121.522
33 27 57.9901
33 29 179.563
33 31 83.848
33 32 74.3115
33 40 137.093
33 42 151.514
33 44 104.829
34 4 95.6515
34 8 74.7708
34 9 73.3109
34 11 88.9664
34 14 105.629
34 15 117.058
34 16 59.6863
34 19 48.6116
34 25 154.807
34 27 102.416
34 28 76.7777
34 33 14.2355
34 36 82.4164
34 37 83.8328
34 41 51.0876
34 42 112.233
34 44 158.974
34 46 105.531
34 47 64.0405
34 48 108.767
34 49 96.883
35 1 120.581
35 3 113.787
35 7 71.7662
35 10 121.886
35 13 114.561
35 15 141.035
35 16 114.435
35 17 101.192
35 19 131.686
35 22 142.21
35 24 42.6273
35 31 41.1734
35 33 97.8382
35 34 45.3534
35 36 70.8328
35 37 141.441
35 38 137.664
35 40 82.5818
35 43 69.6234
35 44 69.6596
35 47 130.294
35 48 128.134
36 1 151.699
36 6 66.4339
36 8 38.9775
36 9 44.0862
36 11 122.904
36 12 96.6385
36 15 102.495
36 17 44.5615
36 20 69.3411
36 22 172.618
36 25 103.717
36 28 13.7231
36 30 101.818
36 33 69.1724
36 38 26.5348
36 40 89.938
36 41 79.6927
36 42 151.509
36 44 51.2075
36 45 37.0167
36 48 204.719
37 0 122.843
37 4 117.429
37 5 74.8621
37 7 121.258
37 8 32.9733
37 9 110.636
37 11 143.367
37 14 78.3513
37 16 55.7556
37 19 103.74
37 24 118.287
37 27 51.7252
37 28 131.031
37 29 71.9921
37 30 120.142
37 31 159.861
37 32 8.9396
37 33 137.515
37 36 121.594
37 39 92.1816
37 40 132.409
37 41 117.238
37 43 133.549
37 46 99.1733
38 0 119.243
38 1 69.3235
38 3 114.598
38 4 121.974
38 5 97.7319
38 6 68.9635
38 8 123.296
38 11 88.0843
38 14 77.9404
38 20 211.313
38 29 70.8785
38 31 172.398
38 32 92.4523
38 33 130.831
38 34 162.439
38 37 124.079
38 41 80.3914
38 44 28.1794
38 48 120.625
39 1 105.741
39 2 110.013
39 4 115.632
39 5 70.2335
39 6 97.9384
39 13 175.74
39 15 147.586
39 16 124.17
39 17 147.811
39 20 80.8403
39 22 102.63
39 24 71.7561
39 27 182.082
39 28 126.427
39 30 104.38
39 31 124.356
39 33 181.728
39 35 74.8625
39 36 62.5299
39 38 127.235
39 41 8.51063
39 45 113.663
39 48 65.0581
40 0 108.841
40 3 109.49
40 4 116.432
40 6 162.609
40 7 123.682
40 9 79.9589
40 12 53.1694
40 13 124.535
40 20 155.753
40 21 76.7255
40 22 49.6577
40 30 102.84
40 31 188.357
40 32 179.796
40 38 89.584
40 39 36.523
40 41 66.4402
40 46 100.514
40 47 48.2097
40 49 49.401
41 0 45.0724
41 2 82.0385
41 3 124.451
41 4 177.429
41 7 99.6377
41 9 147.067
41 13 127.374
41 16 104.888
41 19 73.8166
41 20 5.12311
41 21 51.8272
41 22 74.0241
41 23 127.011
41 24 148.781
41 28 110.247
41 32 97.2484
41 33 100.523
41 35 155.911
41 42 97.0263
41 43 145.179
41 45 119.21
41 48 114.758
42 0 101.395
42 3 84.9861
42 5 39.511
42 6 150.461
42 9 169.996
42 10 45.3358
42 12 73.6344
42 13 89.1198
42 16 223.297
42 17 176.329
42 19 60.8929
42 24 122.813
42 25 90.1327
42 26 93.5026
42 28 103.483
42 29 70.228
42 30 46.3137
42 31 144.52
42 32 56.9299
42 35 118.811
42 37 91.7061
42 40 160.889
42 43 99.7213
42 47 95.0793
43 0 88.4224
43 3 133.838
43 5 111.645
43 6 77.3
43 8 90.9013
43 9 127.044
43 10 82.0769
43 13 17.3536
43 14 93.1816
43 15 83.9757
43 16 128.413
43 19 6.55988
43 20 90.0742
43 21 107.207
43 22 107.306
43 25 144.387
43 26 124.157
43 27 137.442
43 29 104.693
43 30 78.8778
43 32 92.8885
43 33 120.877
43 36 131.41
43 38 116.938
43 40 51.679
43 46 114.593
43 47 62.2528
44 4 99.9802
44 6 134.535
44 7 55.6146
44 8 88.5378
44 9 79.87
44 10 120.408
44 21 130.031
44 22 147.642
44 23 55.7517
44 25 118.428
44 31 25.3636
44 37 216.285
44 42 105.196
44 43 150.043
44 45 31.1418
44 46 95.8487
45 2 129.116
45 3 105.093
45 4 79.1491
45 5 66.3002
45 6 186.605
45 8 150.797
45 9 40.9226
45 10 109.338
45 11 162.769
45 12 92.1328
45 16 78.435
45 19 118.751
45 22 33.0578
45 24 7.25755
45 25 21.0526
45 28 85.2629
45 31 116.803
45 33 102.821
45 34 34.685
45 35 143.936
45 37 83.1501
45 38 96.9686
45 40 97.0411
45 43 30.5663
45 46 83.8985
45 47 95.1749
45 49 100.101
46 0 85.691
46 3 88.7285
46 5 99.6194
46 6 60.0938
46 9 16.2871
46 10 130.974
46 11 85.1178
46 19 90.0224
46 20 131.116
46 22 64.0411
46 24 113.301
46 26 55.3966
46 29 85.9704
46 31 99.3589
46 33 104.74
46 35 20.324
46 36 175.954
46 38 140.858
46 41 76.3854
46 47 62.6846
46 48 184.728
46 49 108.717
47 1 109.518
47 2 62.9295
47 4 89.507
47 5 61.8767
47 6 105.319
47 8 78.1619
47 9 124.63
47 11 79.2954
47 14 51.9754
47 15 113.689
47 16 47.3174
47 18 122.363
47 19 123.181
47 22 63.1755
47 23 160.374
47 24 91.7813
47 25 83.9225
47 27 97.4059
47 29 97.8198
47 31 19.0939
47 32 109.865
47 33 114.531
47 36 104.253
47 38 113.813
47 39 102.115
47 41 73.3907
47 48 92.1333
48 0 29.164
48 5 143.557
48 6 113.494
48 7 147.282
48 9 106.081
48 15 124.667
48 16 72.3116
48 20 85.4418
48 24 95.7042
48 26 135.087
48 28 133.039
48 32 78.407
48 33 100.922
48 42 49.3807
48 43 73.7659
49 0 130.364
49 1 97.9529
49 2 9.46461
49 6 54.8536
49 11 120.039
49 12 59.8422
49 13 62.8188
49 14 158.59
49 15 127.189
49 17 140.17
49 23 62.5401
49 24 56.235
49 25 115.34
49 27 50.0624
49 28 51.5955
49 29 141.378
49 30 156.198
49 31 82.9815
49 33 20.7103
49 36 131.872
49 37 157.834
49 38 54.5057
49 39 132.274
49 41 147.928
49 42 39.4478
49 44 90.0647
49 47 91.1017
