100 4365 ND
0 1 67.0632
0 2 164.382
0 5 129.666
0 9 155.375
0 12 207.471
0 13 141.233
0 15 259.426
0 17 54.4939
0 18 132.739
0 19 196.716
0 20 120.163
0 22 22.8136
0 28 136.385
0 29 106.615
0 31 112.6
0 35 267.094
0 37 104.446
0 41 108.204
0 44 111.311
0 46 95.6475
0 49 116.512
0 51 45.0788
0 53 37.6393
0 54 30.7165
0 58 189.449
0 60 139.341
0 62 6.81789
0 63 168.644
0 64 105.016
0 66 71.1878
0 70 47.9627
0 72 85.2706
0 75 177.073
0 76 40.7956
0 77 87.1748
0 82 11.6793
0 84 84.9364
0 86 58.4967
0 90 182.544
0 95 30.356
0 97 9.01096
1 8 175.374
1 9 127.017
1 10 198.873
1 12 86.1036
1 13 146.112
1 14 70.5729
1 15 57.151
1 16 69.9177
1 18 160.641
1 21 1.5248
1 22 61.8612
1 24 72.7929
1 28 271.088
1 29 12.819
1 31 228.157
1 32 80.0187
1 33 63.0635
1 34 25.4834
1 36 47.0545
1 37 12.6848
1 38 129.886
1 42 137.959
1 43 123.751
1 46 4.20427
1 47 113.356
1 53 92.1493
1 57 23.7119
1 58 168.299
1 67 39.4223
1 68 81.5099
1 69 70.9953
1 70 180.161
1 71 209.733
1 77 174.588
1 78 189.574
1 85 167.715
1 88 136.298
1 97 210.259
1 99 67.5213
2 4 81.3405
2 6 80.6652
2 9 63.8547
2 12 51.0195
2 16 43.4926
2 17 93.0875
2 20 180.708
2 21 117.048
2 24 324.937
2 26 150.862
2 27 26.3628
2 28 99.2525
2 35 18.1802
2 36 238.237
2 37 70.4857
2 38 192.572
2 39 7.10843
2 41 62.3821
2 44 179.401
2 45 167.528
2 49 44.9413
2 51 61.9629
2 53 99.6944
2 56 6.83392
2 58 40.2395
2 60 130.218
2 64 42.0055
2 65 15.7795
2 67 201.789
2 68 101.712
2 70 14.9437
2 71 226.546
2 72 5.87201
2 74 15.9281
2 75 107.874
2 81 281.285
2 82 55.2084
2 83 108.101
2 90 162.978
2 92 88.3898
2 93 20.8255
2 94 117.164
2 98 117.785
3 0 51.823
3 1 229.057
3 2 233.317
3 6 42.913
3 9 82.3593
3 12 194.475
3 13 81.1123
3 14 81.6884
3 17 21.5091
3 21 160.528
3 22 276.019
3 25 68.7169
3 27 92.3177
3 29 55.9316
3 30 121.76
3 33 42.6939
3 35 55.6971
3 37 11.254
3 38 22.1901
3 39 28.9507
3 42 41.9593
3 43 123.487
3 47 165.67
3 48 73.46
3 49 166.548
3 51 97.1073
3 52 128.898
3 55 41.6628
3 58 108.896
3 59 2.96024
3 61 353.108
3 63 7.93112
3 67 3.12424
3 68 116.02
3 71 145.853
3 72 159.677
3 73 146.199
3 74 8.51433
3 76 15.7206
3 80 24.893
3 81 285.444
3 83 161.981
3 88 65.386
3 89 126.463
3 92 64.8253
3 94 132.457
3 95 78.3702
3 96 112.021
4 0 222.369
4 1 133.783
4 3 126.884
4 5 50.5829
4 6 240.637
4 9 20.5491
4 11 13.953
4 12 164.459
4 14 95.6358
4 15 133.869
4 16 196.8
4 19 76.3324
4 21 33.213
4 23 227.53
4 26 5.53197
4 27 184.671
4 29 136.504
4 30 161.327
4 31 151.316
4 32 37.8676
4 33 146.501
4 36 23.922
4 37 13.3453
4 40 275.183
4 45 34.9821
4 46 95.7237
4 47 71.9627
4 48 241.394
4 49 1.33949
4 50 88.3699
4 53 155.961
4 54 5.5314
4 55 159.275
4 59 126.234
4 60 59.2719
4 62 35.252
4 69 23.1534
4 70 135.819
4 72 211.636
4 75 75.7148
4 76 44.6086
4 78 72.3513
4 79 207.153
4 81 150.141
4 82 147.836
4 83 19.8296
4 84 69.4681
4 86 43.1468
4 87 47.4037
4 89 165.584
4 91 160.432
4 93 127.598
4 94 34.2334
4 95 169.081
4 98 18.4583
5 1 218.243
5 2 123.764
5 7 245.456
5 8 110.802
5 9 112.478
5 12 38.9189
5 13 40.2
5 15 80.3952
5 16 41.8061
5 18 234.319
5 19 78.4475
5 21 49.0173
5 23 167.435
5 24 62.3602
5 26 109.503
5 28 201.882
5 30 18.2617
5 31 200.275
5 32 130.216
5 35 19.2119
5 39 83.2036
5 41 60.8673
5 42 78.7506
5 44 157.995
5 50 82.2216
5 53 84.9401
5 54 217.061
5 57 2.88602
5 60 188.925
5 62 23.7727
5 63 134.533
5 65 88.3955
5 66 145.94
5 67 2.23668
5 69 40.3737
5 72 173.509
5 73 180.261
5 74 174.635
5 75 97.7794
5 77 133.531
5 79 159.302
5 83 85.9162
5 84 137.789
5 85 96.814
5 88 0.526413
5 90 205.051
5 92 15.454
5 93 196.398
5 97 100.926
5 98 204.45
5 99 140.217
6 1 296.546
6 5 107.507
6 7 77.8017
6 8 107.882
6 14 172.443
6 20 69.6439
6 23 78.2603
6 24 42.7867
6 26 222.901
6 28 140.389
6 29 74.0518
6 30 107.318
6 33 165.197
6 34 117.025
6 36 28.6745
6 37 62.3404
6 39 204.311
6 40 99.4514
6 44 202.707
6 45 52.7472
6 46 48.1746
6 47 39.6951
6 48 38.4165
6 58 16.247
6 60 26.4815
6 61 98.5939
6 63 220.409
6 65 64.1266
6 73 59.1439
6 74 22.5848
6 77 132.613
6 81 16.7501
6 83 80.2328
6 89 7.5948
6 92 50.006
6 93 35.4566
6 94 155.629
6 97 138.173
7 0 85.8848
7 2 59.7798
7 3 292.906
7 4 96.8612
7 9 33.9794
7 10 4.67174
7 12 8.21181
7 14 150.349
7 15 113.312
7 16 202.796
7 17 164.474
7 19 36.086
7 22 131.174
7 25 51.0851
7 26 46.8529
7 28 66.1799
7 30 205.971
7 34 243.043
7 35 94.6398
7 38 84.4046
7 41 151.895
7 43 192.377
7 44 180.791
7 46 195.275
7 48 85.541
7 49 6.5242
7 51 134.521
7 55 17.1801
7 57 101.798
7 58 24.8744
7 60 17.2622
7 61 147.812
7 65 136.749
7 68 24.9394
7 69 81.9266
7 70 79.7784
7 71 218.966
7 72 216.338
7 73 12.9006
7 74 145.272
7 79 144.135
7 80 145.309
7 82 109.503
7 83 98.1071
7 84 141.277
7 86 79.9893
7 87 111.712
7 91 180.622
7 93 79.7117
7 96 7.62658
8 3 120.205
8 4 110.144
8 7 72.2999
8 12 22.2549
8 13 16.4451
8 15 280.049
8 18 138.248
8 19 56.839
8 21 106.879
8 26 112.488
8 27 169.331
8 28 153.825
8 34 28.492
8 36 68.7959
8 38 89.9969
8 41 35.1021
8 44 82.4847
8 48 188.283
8 51 151.231
8 52 31.9484
8 54 71.5881
8 55 90.7899
8 56 98.2145
8 58 168.237
8 64 156.414
8 65 184.916
8 67 35.7452
8 77 16.642
8 78 134.635
8 79 145.831
8 82 55.7239
8 84 43.4272
8 85 220.939
8 86 200.723
8 88 110.055
8 90 21.6981
8 92 156.953
9 6 91.6635
9 8 76.1535
9 10 152.589
9 11 167.252
9 12 103.366
9 13 81.3417
9 14 262.411
9 20 93.6694
9 22 59.2677
9 23 171.016
9 30 108.969
9 33 32.5022
9 34 107.525
9 35 11.2553
9 36 142.588
9 41 56.4382
9 43 143.46
9 44 87.9351
9 49 134.752
9 50 78.4084
9 53 146.127
9 54 193.068
9 55 3.13263
9 56 100.491
9 57 187.383
9 63 26.0055
9 67 206.294
9 69 132.17
9 70 58.7985
9 71 134.618
9 72 20.0291
9 74 11.1884
9 77 94.7704
9 80 58.4216
9 81 131.205
9 83 100.905
9 84 96.3699
9 85 159.823
9 86 5.65384
9 87 15.0968
9 88 54.4644
9 90 50.2226
9 91 159.374
9 92 65.2863
9 93 201.869
9 95 0.10347
9 96 126.657
10 2 85.55
10 3 260.091
10 4 104.721
10 5 4.47885
10 6 155.154
10 8 183.517
10 14 88.8001
10 17 111.221
10 26 200.054
10 29 68.9535
10 31 117.997
10 33 65.5723
10 34 100.764
10 36 161.657
10 37 156.063
10 38 9.1555
10 39 63.5735
10 40 159.792
10 41 198.08
10 43 141.395
10 45 135.754
10 47 19.8317
10 49 180.234
10 52 145.501
10 56 170.924
10 62 182.653
10 63 33.5655
10 65 155.251
10 66 140.665
10 67 86.2438
10 69 77.3329
10 72 295.905
10 74 137.669
10 76 100.828
10 78 36.279
10 81 56.7162
10 82 129.801
10 83 48.2347
10 85 107.845
10 86 55.7235
10 90 94.8709
10 91 123.735
10 92 82.9819
10 93 81.7056
10 97 31.185
10 98 134.459
10 99 181.989
11 1 58.2403
11 2 122.983
11 3 72.2492
11 5 81.2732
11 6 187.102
11 7 79.1837
11 13 90.7101
11 14 190.642
11 17 80.935
11 19 0.433655
11 29 15.5972
11 32 230.124
11 34 93.0925
11 35 156.895
11 36 156.347
11 38 122.956
11 44 173.648
11 47 13.2902
11 49 171.004
11 50 34.0632
11 51 229.229
11 53 86.888
11 55 112.8
11 62 58.2628
11 63 180.937
11 65 2.75392
11 69 124.26
11 74 18.1757
11 75 142.891
11 76 103.955
11 77 51.5183
11 80 110.07
11 81 128.227
11 82 122.309
11 84 30.7791
11 85 157.924
11 86 9.38364
11 87 202.451
11 91 73.5953
11 93 110.634
11 96 181.875
11 99 44.5432
12 6 127.539
12 11 157.513
12 15 191.191
12 17 158.57
12 20 62.7313
12 21 153.375
12 23 26.2748
12 24 54.236
12 27 36.9312
12 28 162.06
12 29 46.2224
12 30 63.9483
12 31 201.433
12 33 232.976
12 37 158.704
12 38 59.5248
12 40 31.2443
12 44 116.549
12 46 97.6607
12 47 170.891
12 48 118.606
12 51 178.943
12 52 62.1472
12 55 72.0636
12 59 76.5861
12 62 163.395
12 63 41.1423
12 68 210.595
12 70 70.7076
12 71 107.126
12 72 32.1166
12 75 135.675
12 76 84.1165
12 83 116.564
12 84 10.5575
12 85 9.34305
12 86 201.794
12 88 37.1496
12 91 36.8227
12 93 199.04
12 95 152.325
12 97 118.57
12 98 50.2644
13 2 123.077
13 4 83.9108
13 6 23.0419
13 7 73.0207
13 10 128.298
13 14 179.274
13 15 112.674
13 16 8.78722
13 17 56.7943
13 19 87.2371
13 21 65.3904
13 25 293.559
13 27 110.398
13 28 105.476
13 30 115.206
13 32 57.7768
13 40 89.926
13 42 124.152
13 47 168.989
13 48 96.2135
13 50 117.484
13 51 244.735
13 53 225.434
13 54 29.9494
13 59 207.074
13 62 126.796
13 63 101.854
13 65 89.0847
13 66 76.1975
13 67 234.031
13 68 193.417
13 70 145.342
13 74 101.881
13 75 33.2646
13 78 58.6544
13 79 50.4164
13 80 151.244
13 84 149.909
13 86 10.1137
13 89 136.94
13 93 83.0828
14 0 163.637
14 2 14.8587
14 5 68.9109
14 8 91.3939
14 12 82.3893
14 15 1.00925
14 16 15.2253
14 18 137.668
14 19 136.722
14 21 102.554
14 22 153.042
14 23 140.264
14 24 87.5147
14 25 152.709
14 27 112.999
14 28 87.6287
14 33 242.023
14 35 162.832
14 37 126.862
14 38 217.713
14 42 67.7991
14 43 157.211
14 45 28.472
14 46 150.677
14 47 54.55
14 48 95.57
14 51 148.776
14 54 42.24
14 57 67.3402
14 58 143.638
14 61 155.115
14 62 62.1737
14 64 0.382828
14 65 23.9777
14 68 125.459
14 71 32.7794
14 75 143.785
14 76 124.215
14 78 140.536
14 79 62.1013
14 81 74.3103
14 84 217.548
14 85 214.896
14 87 45.4339
14 91 201.04
14 92 200.568
14 98 100.545
15 2 190.347
15 3 168.648
15 6 128.391
15 9 127.818
15 10 28.2957
15 11 232.441
15 16 71.5531
15 20 36.747
15 24 149.944
15 27 84.1544
15 28 31.6468
15 29 48.9554
15 30 122.589
15 32 74.0613
15 33 70.8854
15 34 109.644
15 36 119.265
15 37 80.9978
15 39 101.496
15 41 140.464
15 42 239.327
15 43 141.582
15 45 137.131
15 46 209.739
15 47 99.105
15 49 36.6493
15 51 28.8665
15 54 71.5933
15 55 247.78
15 59 11.9312
15 64 110.33
15 66 135.912
15 67 27.0602
15 70 44.0068
15 72 107.484
15 73 161.221
15 84 247.159
15 88 113.398
15 90 16.1754
15 92 88.579
15 95 45.4625
15 98 156.694
16 0 113.227
16 6 143.914
16 8 143.065
16 9 120.422
16 11 157.542
16 12 86.9774
16 17 202.681
16 18 129.171
16 19 3.93875
16 20 169.088
16 25 152.658
16 26 56.9486
16 28 114.492
16 29 110.975
16 31 223.326
16 34 15.7864
16 39 259.928
16 40 213.655
16 43 96.2078
16 45 8.57162
16 48 133.501
16 49 14.4188
16 50 179.223
16 54 109.286
16 56 52.8014
16 57 41.6215
16 59 170.132
16 60 106.09
16 63 174.458
16 65 92.4994
16 74 181.829
16 78 202.118
16 79 11.2131
16 82 7.22775
16 83 63.4186
16 91 264.653
16 92 72.2307
16 96 124.11
16 98 18.1718
17 1 184.708
17 4 193.239
17 5 118.611
17 6 16.2381
17 8 81.0756
17 9 133.531
17 14 74.621
17 15 61.2456
17 20 226.954
17 22 54.2694
17 32 203.971
17 33 158.748
17 34 111.469
17 35 148.511
17 36 132.763
17 37 128.574
17 41 1.45471
17 42 134.385
17 43 21.3577
17 44 109.288
17 45 68.6988
17 48 113.033
17 49 128.574
17 50 53.9132
17 53 39.3381
17 58 51.4233
17 59 63.3735
17 62 178.473
17 63 130.935
17 68 79.895
17 75 311.127
17 78 89.6134
17 79 46.3036
17 80 83.571
17 86 22.8768
17 87 113.376
17 91 93.0644
17 92 104.539
17 94 159.283
17 96 71.5638
18 2 193.614
18 3 7.46939
18 4 78.3581
18 7 204.336
18 9 193.634
18 11 18.5542
18 12 49.5913
18 15 151.451
18 17 85.3962
18 21 45.6112
18 23 201.694
18 33 29.8681
18 35 258.426
18 36 185.063
18 38 93.1551
18 40 169.305
18 41 134.893
18 43 59.5559
18 44 115.454
18 46 0.568405
18 52 21.8032
18 57 143.604
18 58 137.535
18 59 69.4444
18 62 86.3264
18 64 82.4131
18 69 8.87006
18 72 87.5953
18 76 44.3136
18 77 85.4411
18 78 46.4743
18 79 33.4748
18 80 44.1283
18 81 124.062
18 84 53.469
18 88 51.6997
18 90 111.286
18 93 155.61
18 95 94.6912
18 96 220.477
18 97 180.91
19 2 231.504
19 3 20.3545
19 6 29.8782
19 9 177.384
19 15 44.0071
19 17 140.48
19 18 90.8423
19 21 259.324
19 25 4.40688
19 26 49.4002
19 27 45.5757
19 28 97.517
19 30 132.641
19 31 49.1086
19 33 55.9045
19 35 91.4446
19 36 137.25
19 39 4.5047
19 41 120.901
19 42 63.6223
19 43 53.379
19 47 113.079
19 48 230.135
19 49 92.2109
19 52 107.675
19 62 19.0881
19 65 38.844
19 66 109.727
19 67 108.468
19 71 112.878
19 73 45.5872
19 75 78.3025
19 76 80.6079
19 77 115.809
19 79 115.027
19 80 190.188
19 84 48.8141
19 85 61.2609
19 86 201.771
19 88 182.091
19 90 17.142
19 91 18.1569
19 92 94.7672
19 93 32.7495
19 95 45.1482
19 96 152.846
19 99 175.758
20 3 89.9533
20 4 191.225
20 5 293.269
20 7 150.643
20 8 101.225
20 10 104.333
20 11 88.4502
20 13 89.5083
20 14 31.0782
20 18 235.394
20 22 33.2519
20 24 157.053
20 28 50.2363
20 29 172.744
20 30 55.6669
20 31 77.7184
20 37 87.7622
20 39 167.072
20 46 125.375
20 51 210.749
20 53 40.283
20 59 139.887
20 62 237.529
20 63 34.7156
20 68 208.347
20 71 110.194
20 74 153.006
20 75 63.4664
20 77 169.918
20 84 179.425
20 87 12.0262
20 89 272.913
20 91 116.175
20 92 108.124
20 96 208.325
20 97 1.7337
20 98 33.4065
20 99 65.8685
21 0 186.628
21 6 152.953
21 7 41.7717
21 9 31.2146
21 15 169.568
21 16 162.599
21 17 182.079
21 20 239.915
21 22 193.037
21 28 4.64252
21 30 121.564
21 31 32.9073
21 36 94.9669
21 39 189.069
21 43 111.891
21 44 226.786
21 45 116.161
21 46 156.143
21 47 5.95728
21 48 88.6478
21 50 76.3372
21 53 165.971
21 54 98.9854
21 57 88.0691
21 58 161.444
21 60 154.422
21 63 37.7785
21 66 97.5696
21 67 209.718
21 68 155.317
21 70 117.289
21 73 86.5327
21 74 60.4492
21 75 115.971
21 77 182.509
21 78 116.241
21 81 86.6319
21 82 153.247
21 83 6.49524
21 84 75.9248
21 85 141.566
21 90 12.7326
21 94 38.002
21 95 91.3618
21 96 166.424
22 2 22.9375
22 4 93.7591
22 5 189.854
22 8 124.122
22 11 39.4383
22 12 53.0705
22 13 76.7716
22 16 188.531
22 18 7.20995
22 19 33.2346
22 23 26.343
22 24 164.743
22 29 73.0744
22 31 164.325
22 33 126.247
22 34 73.6413
22 36 36.6654
22 37 204.122
22 38 33.7745
22 45 32.7914
22 50 9.69371
22 51 106.211
22 52 93.1286
22 53 128.35
22 58 76.4221
22 61 225.488
22 62 71.0449
22 68 44.6913
22 70 131.932
22 79 52.5822
22 82 86.8753
22 85 36.6803
22 86 63.7654
22 87 195.603
22 88 72.2533
22 94 237.159
22 96 65.7555
22 97 21.9897
22 98 94.8657
23 0 29.3817
23 2 74.4344
23 3 145.924
23 8 31.0419
23 11 62.3177
23 15 121.258
23 19 98.4791
23 20 144.617
23 21 181.394
23 27 143.05
23 28 3.0081
23 29 123.638
23 30 128.273
23 34 178.812
23 36 56.9977
23 39 107.866
23 40 76.7011
23 41 33.3839
23 43 199.263
23 45 155.672
23 46 60.9176
23 48 105.954
23 49 130.249
23 50 62.9517
23 54 137.18
23 55 114.539
23 56 89.2143
23 59 127.701
23 60 20.4333
23 64 43.7553
23 67 51.3713
23 69 152.495
23 72 121.165
23 77 173.376
23 78 26.8323
23 81 87.1202
23 84 18.2909
23 85 4.3634
23 86 157.645
23 88 137.566
23 89 165.352
23 91 153.501
23 92 132.405
23 94 24.409
23 95 85.1224
23 97 319.417
23 98 40.6354
23 99 26.2498
24 0 135.108
24 3 63.1091
24 4 30.9662
24 8 23.8536
24 10 156.13
24 11 28.747
24 16 10.3141
24 17 48.8703
24 18 74.8327
24 23 131.765
24 25 106.717
24 27 125.142
24 29 142.717
24 30 125.756
24 31 30.049
24 33 97.2613
24 37 221.631
24 41 114.995
24 44 39.1919
24 49 48.206
24 53 189.258
24 55 239.578
24 56 4.96255
24 57 176.289
24 58 93.0919
24 59 209.67
24 61 23.721
24 62 102.045
24 63 123.398
24 66 28.7665
24 67 74.3282
24 69 293.569
24 71 231.906
24 72 140.555
24 75 201.9
24 78 21.9732
24 79 230.653
24 84 15.9053
24 85 21.5059
24 92 156.644
24 99 79.2567
25 0 7.26611
25 1 35.6834
25 4 141.387
25 5 334.574
25 6 17.4539
25 8 130.123
25 9 116.376
25 10 196.018
25 11 97.4021
25 12 185.576
25 18 70.4657
25 20 204.796
25 21 174.876
25 22 305.087
25 23 123.992
25 26 50.0618
25 27 47.3895
25 28 53.8453
25 30 120.878
25 32 205.085
25 34 217.231
25 39 198.507
25 42 132.431
25 47 178.399
25 48 152.386
25 50 94.6928
25 52 164.356
25 53 61.493
25 59 286.008
25 60 137.644
25 64 30.6186
25 68 99.7506
25 70 77.5737
25 71 139.094
25 72 60.2901
25 73 65.7015
25 74 96.7328
25 76 137.241
25 78 115.966
25 80 19.6747
25 83 167.46
25 85 71.8128
25 88 82.0275
25 90 92.215
25 96 74.6147
26 1 112.127
26 3 90.8279
26 9 95.1035
26 12 108.186
26 14 197.954
26 15 159.845
26 18 83.673
26 20 134.841
26 21 82.0103
26 22 64.2146
26 23 27.898
26 30 58.2752
26 32 204.857
26 33 70.2274
26 36 94.6355
26 37 147.337
26 44 6.98449
26 45 40.8573
26 46 32.329
26 48 88.3913
26 49 78.5413
26 53 193.358
26 54 63.2598
26 55 128.533
26 56 145.454
26 63 81.7312
26 64 236.666
26 69 74.7821
26 71 100.595
26 72 8.65974
26 76 164.653
26 77 15.4366
26 82 49.7381
26 83 161.394
26 87 137.57
26 95 42.9829
26 96 190.914
26 98 157.243
27 0 69.8511
27 1 215.214
27 6 127.531
27 7 73.9111
27 9 38.414
27 10 40.695
27 11 105.443
27 16 81.1948
27 17 241.956
27 18 226.229
27 21 209.888
27 28 89.4874
27 30 58.4916
27 31 178.406
27 33 93.1963
27 34 158.908
27 40 170.738
27 43 149.597
27 45 207.75
27 48 8.02193
27 51 37.6075
27 60 104.696
27 62 10.7727
27 63 200.942
27 66 46.4862
27 67 81.3259
27 69 71.336
27 74 45.216
27 77 96.9441
27 80 109.756
27 82 64.9634
27 85 147.266
27 87 25.2068
27 88 13.7267
27 89 8.00201
27 90 177.597
27 93 53.9384
27 94 125.701
27 96 109.188
27 97 94.4363
27 98 34.1462
28 4 91.4325
28 9 80.7334
28 10 183.001
28 11 51.904
28 17 117.838
28 18 186.573
28 22 213.681
28 24 153.908
28 26 192.525
28 31 72.8304
28 34 82.7124
28 35 143.297
28 36 27.1225
28 37 48.8384
28 38 107.558
28 40 51.6096
28 41 135.614
28 43 12.4624
28 46 57.4
28 50 115.383
28 52 66.0799
28 57 99.7406
28 60 127.397
28 62 137.944
28 65 259.132
28 66 140.234
28 67 122.426
28 68 26.8814
28 69 136.237
28 70 136.081
28 73 117.936
28 76 73.3804
28 80 39.2465
28 85 213.644
28 86 87.7677
28 90 195.126
28 93 26.1297
28 94 68.9491
28 96 257.688
28 98 100.69
28 99 63.0332
29 2 123.115
29 5 200.828
29 7 5.95088
29 9 17.6485
29 17 109.596
29 18 148.257
29 19 80.2413
29 21 205.927
29 25 14.2323
29 27 132.389
29 28 54.2622
29 32 14.1885
29 33 98.1897
29 35 29.2471
29 36 99.0676
29 37 90.6528
29 38 84.933
29 40 117.797
29 41 120.375
29 44 92.9922
29 45 204.812
29 46 23.826
29 47 144.418
29 48 118.867
29 51 192.232
29 52 122.906
29 58 159.399
29 59 151.052
29 61 135.442
29 63 79.3522
29 64 239.281
29 66 18.195
29 67 186.141
29 68 96.2661
29 69 73.3471
29 72 103.747
29 76 159.769
29 78 30.7073
29 79 25.701
29 80 43.4783
29 82 176.455
29 83 102.299
29 84 185.898
29 86 186.487
29 87 143.553
29 89 3.98737
29 91 129.366
29 93 83.7557
29 99 149.234
30 2 77.5654
30 8 5.13795
30 10 28.8408
30 11 92.9754
30 18 89.4826
30 22 31.4046
30 28 84.7298
30 29 20.8396
30 31 177.013
30 34 151.974
30 49 149.583
30 52 102.98
30 54 136.178
30 56 161.703
30 60 75.2226
30 63 102.077
30 64 110.827
30 65 129.92
30 66 93.3087
30 67 186.141
30 68 52.8026
30 69 219.958
30 70 102.473
30 71 28.8545
30 72 17.6532
30 75 57.2949
30 77 41.8795
30 78 74.1642
30 79 125.941
30 80 84.8532
30 81 218.959
30 83 178.914
30 84 84.1467
30 85 12.8238
30 86 79.1151
30 88 39.9758
30 90 105.942
30 93 104.057
30 94 105.002
30 98 157.575
30 99 45.6985
31 6 90.5804
31 7 8.8326
31 9 43.8894
31 11 108.663
31 13 291.456
31 14 94.342
31 15 182.067
31 17 64.3077
31 18 31.6247
31 23 86.6608
31 26 189.097
31 29 3.62358
31 32 263.006
31 33 13.6281
31 35 158.575
31 36 50.7028
31 39 56.2767
31 40 0.0971603
31 41 125.392
31 48 211.123
31 49 33.0384
31 50 153.119
31 55 49.2887
31 56 214.816
31 58 94.9229
31 59 150.032
31 62 93.2579
31 64 281.469
31 65 84.6368
31 66 139.627
31 67 140.608
31 71 153.626
31 72 130.649
31 73 6.64238
31 75 161.766
31 77 174.95
31 78 18.5381
31 79 2.57789
31 80 9.88673
31 85 75.4437
31 86 78.119
31 89 193.302
31 92 80.706
31 96 267.933
31 98 159.942
31 99 76.4669
32 0 237.96
32 2 52.1114
32 3 95.178
32 6 92.4491
32 8 31.595
32 9 128.572
32 10 101.486
32 12 128.519
32 14 48.4014
32 16 133.807
32 18 55.5178
32 20 23.0945
32 21 204.144
32 22 37.5976
32 23 2.6702
32 24 129.733
32 27 57.3175
32 28 128.612
32 30 72.5479
32 33 67.7242
32 34 49.432
32 35 107.014
32 38 197.321
32 42 112.148
32 43 107.526
32 44 289.349
32 45 184.183
32 49 102.712
32 51 294.997
32 56 160.46
32 57 240.236
32 59 14.8887
32 61 84.4325
32 64 26.0775
32 65 148.334
32 66 223.271
32 67 75.7856
32 68 50.7922
32 70 121.899
32 74 33.0507
32 76 114.699
32 83 1.38925
32 84 28.4154
32 85 186.913
32 87 136.239
32 91 194.271
32 92 47.1533
32 96 141.708
32 99 158.102
33 0 111.595
33 2 9.45065
33 7 116.883
33 8 1.5952
33 11 30.7031
33 13 16.9533
33 20 56.5536
33 21 14.4618
33 23 116.669
33 25 204.961
33 28 106.38
33 30 24.4421
33 38 254.451
33 41 118.953
33 42 178.755
33 43 74.538
33 44 25.501
33 45 103.255
33 48 204.73
33 49 78.6848
33 56 224.822
33 58 200.726
33 63 160.348
33 65 15.3014
33 66 84.2285
33 68 20.5076
33 69 117.696
33 70 74.5588
33 73 150.008
33 74 16.554
33 75 127.447
33 76 150.428
33 81 233.586
33 83 132.216
33 84 161.371
33 85 87.3219
33 86 123.626
33 87 62.612
33 90 190.312
33 91 142.308
33 92 111.651
33 95 45.8956
33 96 36.3487
34 0 189.386
34 2 150.916
34 3 220.66
34 4 50.4435
34 5 57.0414
34 13 149.485
34 14 5.53767
34 18 135.929
34 19 24.8625
34 20 29.9226
34 21 180.617
34 24 100.612
34 26 44.4881
34 33 216.39
34 38 33.7597
34 43 224.951
34 45 102.127
34 49 144.544
34 50 188.356
34 53 75.8488
34 61 7.72173
34 62 185.792
34 64 101.393
34 65 325.593
34 69 258.755
34 73 194.992
34 74 80.4798
34 75 187.666
34 76 94.6849
34 77 27.4148
34 78 282.046
34 79 155.301
34 80 7.07389
34 83 131.9
34 86 54.066
34 87 117.047
34 88 93.5804
34 92 27.6191
34 93 123.846
34 94 134.325
34 95 146.752
34 97 142.929
34 98 1.65862
35 1 162.772
35 4 20.7457
35 6 51.6303
35 10 252.681
35 12 130.805
35 13 106.163
35 15 54.7
35 20 152.209
35 21 113.305
35 22 159.117
35 23 125.636
35 24 52.1142
35 25 173.583
35 26 52.2261
35 27 185.268
35 33 16.3549
35 34 92.9842
35 36 128.86
35 39 222.242
35 41 139.504
35 42 210.119
35 49 323.074
35 54 102.608
35 55 70.533
35 62 118.168
35 63 181.99
35 66 13.5236
35 68 52.2746
35 70 89.5719
35 73 86.366
35 75 56.8687
35 79 165.523
35 80 55.6769
35 81 76.9471
35 88 146.817
35 89 24.3595
35 90 130.195
35 94 87.6607
35 96 103.279
35 98 108.863
36 0 82.7418
36 3 78.304
36 5 338.693
36 7 198.877
36 12 95.4478
36 13 18.3533
36 14 177.979
36 16 175.853
36 20 141.306
36 24 53.5211
36 25 49.4471
36 27 87.8014
36 32 290.782
36 33 167.2
36 34 112.956
36 37 66.3512
36 39 51.9733
36 47 144.454
36 48 36.7541
36 52 119.522
36 54 133.158
36 62 85.3231
36 65 181.98
36 66 7.22256
36 71 59.7963
36 73 93.5306
36 74 117.41
36 80 56.4341
36 82 275.106
36 91 241.958
36 92 187.263
36 96 84.3035
37 5 46.6291
37 7 145.008
37 8 58.4356
37 9 78.8189
37 11 5.35308
37 13 122.77
37 16 37.4371
37 18 123.124
37 19 100.633
37 21 26.3282
37 25 42.3035
37 27 42.8713
37 30 136.561
37 31 40.7253
37 32 228.25
37 33 115.085
37 34 76.1045
37 35 21.6541
37 40 11.4375
37 41 143.958
37 42 19.6635
37 44 102.541
37 45 108.727
37 47 63.5393
37 48 142.556
37 52 167.61
37 55 193.684
37 56 237.44
37 57 97.1373
37 59 5.3046
37 60 105.62
37 62 29.4942
37 64 94.5229
37 67 128.191
37 68 163.323
37 70 197.461
37 71 111.23
37 74 105.957
37 75 229.661
37 77 54.4987
37 80 60.4116
37 82 22.0705
37 83 189.659
37 86 190.198
37 87 11.3787
37 92 104.572
37 94 68.4635
37 95 155.637
37 96 46.3408
37 97 118.887
37 99 224.849
38 4 75.6782
38 5 139.158
38 6 9.89977
38 9 151.126
38 13 106.7
38 16 57.5989
38 17 37.4295
38 19 143.418
38 20 140.644
38 21 7.81781
38 23 77.3158
38 24 36.0767
38 25 199.268
38 26 73.859
38 27 237.253
38 31 27.7891
38 35 125.869
38 36 134.029
38 37 95.7961
38 39 183.827
38 43 138.986
38 44 76.3792
38 46 48.0143
38 48 81.1546
38 50 125.362
38 53 86.564
38 58 197.522
38 60 37.4132
38 63 88.2367
38 64 56.6796
38 67 3.12617
38 69 263.162
38 70 21.7717
38 73 84.7767
38 79 164.648
38 81 15.0101
38 82 30.1873
38 83 126.977
38 85 192.515
38 87 163.192
38 89 59.0086
38 90 2.21016
38 92 76.353
38 93 16.6645
38 96 63.3808
38 98 171.166
38 99 54.8111
39 0 103.008
39 1 214.269
39 4 117.467
39 7 53.3798
39 9 96.1998
39 13 105.444
39 14 66.4279
39 17 193.644
39 18 20.6017
39 22 84.8752
39 24 141.491
39 26 56.532
39 27 25.577
39 28 139.84
39 29 89.3777
39 30 48.145
39 32 67.137
39 37 130.739
39 40 27.3676
39 43 134.394
39 45 64.9036
39 48 178.524
39 49 135.962
39 56 103.461
39 65 193.755
39 68 162.641
39 69 219.072
39 71 197.48
39 75 19.45
39 76 135.345
39 80 251.667
39 87 57.6029
39 88 270.095
39 89 226.14
39 90 10.4331
39 92 135.177
39 93 210.674
39 94 302.283
39 95 26.7395
39 96 47.9621
39 98 115.271
40 0 115.386
40 1 218.881
40 2 125.222
40 5 98.897
40 7 103.028
40 9 129.593
40 14 107.37
40 15 153.523
40 19 167.119
40 21 87.0478
40 22 171.089
40 24 137.1
40 26 73.8098
40 30 8.08147
40 32 50.9565
40 33 134.411
40 34 285.394
40 35 118.432
40 42 95.2849
40 45 72.9444
40 46 60.8018
40 47 70.2526
40 48 212.336
40 49 19.7719
40 50 91.4476
40 51 52.9283
40 52 103.907
40 56 108.709
40 57 74.0529
40 59 40.9604
40 63 165.326
40 64 137.123
40 71 247.706
40 74 51.9178
40 75 120.892
40 77 64.2932
40 79 169.212
40 81 85.5447
40 83 167.069
40 84 119.375
40 86 121.622
40 87 161.917
40 93 4.19643
40 96 59.1922
40 97 139.523
40 98 135.75
41 1 71.5351
41 4 81.6815
41 6 186.994
41 13 27.0802
41 14 131.858
41 21 174.337
41 22 173.384
41 25 180.443
41 26 202.494
41 27 142.399
41 32 39.5973
41 34 97.7876
41 36 68.7132
41 40 81.9297
41 43 33.3882
41 44 39.4989
41 46 212.088
41 48 41.0321
41 49 24.6263
41 54 170.586
41 55 21.0642
41 57 109.806
41 59 111.889
41 61 39.0509
41 66 175.35
41 67 95.2465
41 68 133.144
41 69 24.9819
41 72 102.509
41 74 206.441
41 76 98.4185
41 78 118.416
41 80 140.912
41 82 168.837
41 84 270.285
41 85 216.488
41 86 156.769
41 87 39.3766
41 89 129.021
41 90 102.724
41 92 51.091
41 96 98.7741
42 0 42.0395
42 2 31.6625
42 4 68.6364
42 6 21.8619
42 9 207.206
42 10 165.247
42 11 191.779
42 12 21.5559
42 16 87.5564
42 18 18.4033
42 20 133.422
42 21 89.76
42 22 130.978
42 23 97.377
42 24 24.6616
42 26 160.204
42 27 78.0786
42 29 165.209
42 30 121.53
42 31 196.864
42 34 88.8698
42 38 120.406
42 39 97.8801
42 41 73.6497
42 51 107.526
42 54 122.997
42 56 150.519
42 58 170.205
42 59 54.9474
42 60 17.8365
42 65 151.234
42 68 186.172
42 71 196.947
42 76 9.832
42 77 145.855
42 78 21.0999
42 80 186.183
42 81 183.198
42 83 109.357
42 89 59.804
42 94 161.334
42 97 144.79
42 98 180.965
42 99 83.0688
43 2 111.088
43 4 213.037
43 5 16.8373
43 6 165.143
43 8 118.705
43 11 165.734
43 12 83.6375
43 13 212.017
43 20 128.389
43 22 290.659
43 24 87.4267
43 25 50.5257
43 26 253.151
43 30 82.0147
43 35 172.643
43 37 207.581
43 40 93.1609
43 51 147.017
43 52 123.327
43 53 62.1515
43 56 14.8899
43 61 74.0642
43 63 54.9172
43 64 204.638
43 65 186.962
43 66 30.2328
43 67 50.88
43 68 146.273
43 69 16.2989
43 76 79.9206
43 77 91.6285
43 79 41.0195
43 80 136.23
43 81 207.909
43 83 95.1812
43 85 241.404
43 86 61.9656
43 90 49.5767
43 91 105.368
43 93 93.6224
43 94 78.83
43 95 15.2258
43 96 202.695
44 1 114.887
44 3 120.428
44 4 151.333
44 10 154.767
44 13 144.752
44 15 34.1944
44 16 4.75095
44 19 178.969
44 22 71.9309
44 23 166.286
44 25 45.2851
44 28 118.061
44 30 57.1101
44 31 113.966
44 34 82.5375
44 35 115.79
44 36 18.3267
44 39 105.721
44 43 204.899
44 45 145.984
44 49 52.0116
44 51 52.1401
44 52 78.2723
44 53 119.221
44 54 42.576
44 55 99.5182
44 56 101.287
44 58 89.7186
44 59 153.643
44 60 178.165
44 63 53.264
44 64 66.6715
44 65 42.8911
44 67 88.3335
44 68 38.6479
44 71 119.733
44 73 39.7352
44 75 14.5497
44 76 59.8225
44 78 73.4418
44 82 87.0639
44 84 98.9217
44 85 76.2744
44 86 296.412
44 90 19.4405
44 94 14.7035
44 96 15.6033
44 98 76.0135
45 0 132.372
45 1 254.248
45 3 122.831
45 7 30.0696
45 8 197.868
45 11 71.4738
45 12 90.4696
45 13 38.6438
45 18 69.522
45 19 42.6904
45 20 51.5219
45 28 42.6708
45 38 143.963
45 41 188.557
45 42 171.749
45 43 57.0426
45 46 115.326
45 52 136.546
45 54 214.677
45 56 139.153
45 57 131.929
45 58 120.526
45 59 115.48
45 68 10.8326
45 70 254.72
45 71 62.822
45 72 6.19904
45 74 197.293
45 75 128.052
45 77 213.891
45 79 199.758
45 80 187.829
45 81 97.5244
45 82 109.016
45 83 261.2
45 86 16.4461
45 88 44.2126
45 89 46.3107
45 93 74.2969
45 95 99.823
45 97 120.39
46 3 250.29
46 5 16.2765
46 8 11.4485
46 9 160.178
46 10 50.3433
46 11 64.4713
46 13 244.026
46 16 34.6752
46 17 108.665
46 19 107.738
46 22 18.5223
46 24 45.7079
46 27 74.1773
46 30 114.596
46 31 30.0543
46 32 177.731
46 34 131.574
46 36 65.3951
46 39 1.34388
46 42 193.386
46 43 191.924
46 44 41.761
46 47 45.4497
46 50 53.1834
46 52 23.0233
46 55 18.6202
46 57 40.3382
46 58 77.5184
46 60 39.2594
46 62 93.5888
46 63 12.0832
46 64 153.597
46 70 109.656
46 73 141.526
46 77 11.2374
46 82 77.5967
46 83 145.61
46 85 97.6988
46 86 230.751
46 92 178.43
46 94 169.665
46 96 78.9978
46 97 118.162
46 98 145.257
47 0 129.326
47 2 146.557
47 5 137.688
47 7 93.1527
47 8 90.0934
47 16 92.328
47 18 16.5438
47 20 119.692
47 22 170.668
47 23 125.297
47 24 3.50511
47 26 223.891
47 28 204.89
47 30 194.591
47 31 135.439
47 33 10.5135
47 34 54.8358
47 35 34.1371
47 38 120.177
47 39 1.19793
47 41 232.559
47 42 115.36
47 43 32.0327
47 45 146.61
47 48 109.784
47 49 141.835
47 51 182.638
47 54 164.976
47 57 8.24306
47 58 131.669
47 59 18.4032
47 62 170.755
47 63 77.7834
47 65 11.6224
47 66 123.09
47 67 33.0591
47 68 65.6167
47 71 134.105
47 72 219.698
47 74 87.9465
47 82 147
47 85 40.8852
47 87 176.752
47 91 84.4263
47 92 83.968
47 96 114.154
48 0 135.629
48 1 209.145
48 2 159.61
48 5 124.595
48 10 106.056
48 11 258.644
48 15 97.7157
48 18 95.707
48 20 52.7013
48 22 116.293
48 28 169.271
48 30 130.418
48 32 242.06
48 34 134.05
48 43 216.763
48 44 114.611
48 45 25.3838
48 46 29.9877
48 50 36.4321
48 53 148.263
48 54 243.125
48 55 141.391
48 56 62.6184
48 57 190.778
48 58 129.722
48 60 112.523
48 62 4.19434
48 63 53.2695
48 64 25.2828
48 65 124.137
48 66 118.452
48 67 109.595
48 68 125.74
48 70 137.009
48 72 161.352
48 73 87.409
48 76 243.329
48 77 47.241
48 78 48.3145
48 80 69.3748
48 81 37.2135
48 83 204.804
48 86 60.406
48 87 218.185
48 90 39.9892
48 92 199.964
48 94 138.564
48 95 102.173
48 97 8.96553
48 98 70.5244
49 1 178.579
49 5 79.3982
49 6 54.1217
49 8 38.0323
49 13 122.158
49 18 25.9939
49 21 185.479
49 22 191.269
49 25 65.0849
49 28 152.717
49 36 193.234
49 38 155.8
49 42 19.0466
49 43 47.8739
49 45 103.251
49 46 14.0318
49 48 8.12974
49 51 55.0038
49 52 119.547
49 55 179.252
49 56 110.093
49 59 139.677
49 61 9.08054
49 64 82.8423
49 65 43.5798
49 66 99.5558
49 69 88.3646
49 71 159.161
49 72 112.68
49 75 131.026
49 76 262.332
49 83 3.33975
49 85 140.705
49 88 250.602
49 89 116.547
49 90 251.757
49 93 63.8526
49 94 105.22
50 1 11.7174
50 2 114.02
50 3 180.517
50 8 128.679
50 12 57.1699
50 18 49.7868
50 19 218.393
50 20 12.4839
50 24 106.413
50 27 73.8484
50 29 25.7703
50 30 9.18298
50 32 320.437
50 33 90.7316
50 35 95.8355
50 36 3.55716
50 37 186.403
50 41 281.871
50 42 254.478
50 43 61.8004
50 44 69.297
50 49 66.586
50 53 88.8859
50 55 135.587
50 56 36.0545
50 60 3.33429
50 61 41.5894
50 62 196.629
50 63 70.7023
50 70 60.234
50 72 58.6518
50 77 93.5272
50 80 101.102
50 81 64.1221
50 82 85.9151
50 84 12.1892
50 88 50.8837
50 90 242.982
50 94 11.8285
50 95 93.8931
50 97 72.1863
50 99 3.6432
51 1 88.6537
51 4 49.4389
51 5 105.189
51 6 86.5419
51 9 134.68
51 10 96.1322
51 16 283.371
51 19 211.679
51 21 183.012
51 24 183.029
51 26 103.355
51 28 52.4844
51 30 9.50646
51 31 259.806
51 33 74.3881
51 34 64.2767
51 36 68.9879
51 41 51.5416
51 45 72.1685
51 46 55.4276
51 50 103.067
51 55 28.3187
51 59 131.956
51 65 34.1944
51 67 54.2708
51 68 253.665
51 69 44.6829
51 70 0.535927
51 71 170.59
51 72 86.8677
51 73 118.432
51 78 46.3643
51 79 7.97304
51 81 63.4005
51 84 153.899
51 90 217.479
51 91 120.235
51 96 231.706
52 0 135.369
52 4 105.342
52 5 24.669
52 9 200.248
52 11 29.345
52 14 54.3855
52 15 43.0014
52 16 113.736
52 17 113.62
52 21 205.009
52 23 185.972
52 24 40.834
52 26 239.199
52 31 82.6708
52 33 188.959
52 34 157.784
52 35 53.5147
52 38 40.5356
52 39 176.815
52 41 204.217
52 42 21.8627
52 47 78.8011
52 48 118.051
52 50 72.6084
52 51 61.9959
52 60 37.2435
52 61 31.864
52 63 40.6709
52 65 45.879
52 67 21.6069
52 68 36.6598
52 70 44.1347
52 76 5.97057
52 77 1.44041
52 80 224.848
52 82 120.904
52 85 120.144
52 86 201.003
52 89 69.5376
52 90 263.639
52 94 93.3395
52 95 63.0288
52 98 78.3988
53 3 181.667
53 6 249.279
53 7 80.3769
53 8 186.294
53 10 31.7157
53 12 119.647
53 14 82.758
53 16 84.9355
53 18 200.02
53 19 64.7444
53 23 93.1561
53 27 103.897
53 28 55.6099
53 30 86.7337
53 32 109.878
53 35 91.866
53 36 98.0217
53 37 37.8669
53 39 170.978
53 40 125.642
53 41 78.2108
53 45 204.404
53 46 89.4635
53 47 190.839
53 49 219.58
53 51 57.9538
53 52 84.5515
53 54 161.06
53 58 41.1552
53 63 263.302
53 64 219.862
53 71 84.4699
53 79 185.534
53 80 68.7521
53 81 20.7846
53 84 125.79
53 89 194.772
53 90 53.9101
53 91 118.888
53 92 111.534
53 98 30.9224
54 1 2.06287
54 2 69.6468
54 3 58.7508
54 10 55.7686
54 17 85.1055
54 18 155.69
54 19 101.991
54 20 205.668
54 22 157.468
54 25 13.6598
54 27 234.802
54 28 273.26
54 29 190.596
54 31 31.0437
54 32 66.9324
54 34 123.051
54 37 151.987
54 38 152.173
54 39 134.026
54 40 38.7986
54 49 7.2319
54 50 51.8401
54 51 95.1218
54 52 88.3111
54 57 1.90106
54 58 86.8249
54 60 5.66573
54 62 34.7797
54 63 88.14
54 66 90.2031
54 70 117.21
54 73 155.48
54 76 211.474
54 77 122.598
54 79 123.402
54 80 59.5209
54 82 39.6796
54 84 17.5631
54 85 104.87
54 86 19.9909
54 89 82.7177
54 91 65.6532
54 94 166.254
54 96 144.803
54 97 126.547
55 0 17.6966
55 1 12.2289
55 2 178.099
55 5 40.9395
55 10 326.147
55 13 32.0669
55 17 4.16637
55 18 181.497
55 20 161.865
55 21 51.326
55 25 164.286
55 27 295.661
55 28 140.101
55 29 113.85
55 30 50.3723
55 32 133.517
55 33 123.514
55 34 142.329
55 39 131.929
55 40 134.793
55 43 60.9442
55 45 31.2526
55 52 275.04
55 53 49.1728
55 54 110.362
55 59 164.501
55 62 175.873
55 67 40.3303
55 72 21.7226
55 74 215.817
55 84 45.0509
55 86 45.37
55 87 14.0665
55 89 11.1701
55 92 42.9886
55 93 26.0122
55 94 77.0627
55 95 81.3693
55 98 29.7078
56 0 107.303
56 1 137.446
56 3 70.9479
56 4 64.0076
56 5 167.654
56 6 162.992
56 7 45.223
56 11 186.975
56 13 212.602
56 17 175.627
56 18 6.98898
56 22 74.2919
56 25 19.9092
56 27 133.009
56 28 84.8173
56 29 118.877
56 34 138.483
56 35 98.8626
56 36 59.2425
56 38 253.963
56 41 77.0898
56 46 62.1499
56 51 115.219
56 52 137.04
56 53 107.213
56 54 56.5345
56 55 96.4349
56 57 147.39
56 58 92.4684
56 59 32.9969
56 60 167.425
56 62 104.239
56 69 160.154
56 71 252.685
56 74 116.955
56 75 64.184
56 77 110.402
56 78 27.6129
56 80 53.5853
56 81 91.4546
56 84 27.3322
56 86 152.833
56 87 49.0911
56 88 97.0908
56 92 54.2523
56 93 193.19
56 94 106.15
56 96 177.266
56 97 72.6176
56 98 89.355
57 0 95.4496
57 2 128.139
57 6 11.3412
57 8 60.1236
57 10 229.188
57 12 65.8447
57 13 155.961
57 15 32.6622
57 17 188.516
57 19 104.59
57 22 93.7378
57 23 20.7054
57 26 63.9475
57 27 141.424
57 29 173.143
57 30 27.5992
57 31 58.3825
57 33 202.885
57 35 69.1384
57 36 174.04
57 38 55.493
57 39 216.521
57 42 72.098
57 43 123.96
57 44 63.1814
57 49 80.8162
57 50 127.636
57 55 186.399
57 60 79.5845
57 61 271.324
57 62 226.308
57 63 49.3632
57 64 189.318
57 67 68.9941
57 68 138.856
57 69 57.4631
57 75 112.559
57 76 113.174
57 77 166.142
57 79 27.5374
57 80 60.2295
57 81 128.293
57 83 123.901
57 84 92.9294
57 85 55.6762
57 92 114.93
57 96 94.5695
57 97 73.866
57 98 120.603
57 99 206.282
58 5 163.584
58 9 71.0089
58 11 78.3005
58 12 62.7256
58 13 2.76512
58 15 34.7636
58 16 32.7423
58 19 3.05275
58 20 32.3152
58 25 194.469
58 26 30.9783
58 28 66.125
58 34 47.6071
58 35 146.58
58 36 133.095
58 39 156.466
58 40 99.0605
58 41 56.8276
58 43 104.006
58 50 172.929
58 51 72.7081
58 52 18.5164
58 55 3.1108
58 57 59.2645
58 63 161.974
58 66 98.9711
58 69 87.7299
58 71 40.8459
58 77 98.7769
58 78 7.49764
58 80 48.5816
58 81 131.523
58 87 128.409
58 88 180.626
58 90 78.4183
58 92 67.6391
58 95 51.7864
58 96 45.8955
58 99 13.2167
59 0 106.119
59 1 126.627
59 2 206.926
59 5 65.9986
59 6 145.919
59 7 207.003
59 8 140.746
59 10 89.4799
59 21 126.235
59 22 21.8501
59 27 0.171516
59 28 156.723
59 30 67.0732
59 33 144.683
59 34 117.114
59 36 145.26
59 38 114.95
59 43 4.79328
59 46 239.352
59 48 180.626
59 50 225.562
59 52 226.62
59 53 83.0676
59 54 84.1763
59 57 6.49084
59 58 11.6653
59 62 11.8477
59 65 111.282
59 67 33.0259
59 73 69.2843
59 75 258.895
59 78 83.1201
59 85 69.4827
59 86 70.3074
59 89 196.091
59 90 142.468
59 91 31.5839
59 92 76.0227
59 94 60.9379
60 1 49.0263
60 3 195.603
60 8 113.75
60 9 113.75
60 12 58.7202
60 15 87.8077
60 17 72.8754
60 18 80.3241
60 19 110.422
60 22 11.2628
60 24 28.3693
60 26 23.1535
60 29 8.21832
60 33 27.2581
60 34 28.68
60 35 168.524
60 39 114.42
60 40 231.779
60 41 44.6094
60 43 119.25
60 45 56.4576
60 47 16.4286
60 49 198.952
60 53 100.461
60 58 111.417
60 59 158.927
60 61 5.27386
60 65 172.801
60 67 163.771
60 68 140.68
60 71 188.759
60 73 31.5873
60 76 207.018
60 83 174.978
60 84 53.3694
60 87 214.47
60 91 2.22894
60 93 24.3076
60 94 144.87
60 95 73.2661
60 97 18.5178
60 98 183.925
60 99 150.859
61 0 135.932
61 1 136
61 2 82.4386
61 4 81.0083
61 5 35.2908
61 8 94.6801
61 9 60.7225
61 10 156.391
61 11 57.98
61 17 98.6616
61 18 119.742
61 21 220.567
61 23 126.295
61 25 14.1078
61 27 19.9705
61 30 44.5002
61 31 17.3583
61 33 95.6444
61 35 97.5472
61 36 150.694
61 37 185.479
61 38 232.242
61 39 190.655
61 40 59.8607
61 42 164.538
61 44 49.6008
61 46 30.0656
61 48 5.67024
61 53 163.442
61 54 76.6848
61 55 102.606
61 56 139.382
61 58 195.742
61 59 171.741
61 65 151.761
61 68 132.052
61 69 288.167
61 70 26.8973
61 75 154.932
61 78 101.132
61 79 161.258
61 81 197.32
61 84 104.56
61 85 174.965
61 89 102.996
61 92 15.3031
61 94 78.848
61 95 158.485
61 97 148.911
62 1 75.1481
62 7 26.6423
62 8 55.1387
62 9 90.3696
62 15 83.7662
62 21 31.7609
62 23 20.4093
62 25 119.614
62 26 55.2585
62 29 36.2294
62 30 31.7176
62 32 61.3522
62 38 42.437
62 39 33.4052
62 40 62.84
62 41 56.2943
62 42 68.8452
62 43 186.945
62 44 245.806
62 49 28.9285
62 51 125.507
62 52 274.603
62 53 193.323
62 58 86.3792
62 60 191.461
62 61 195.875
62 63 75.1894
62 64 100.535
62 65 213.757
62 72 281.135
62 73 29.914
62 75 172.432
62 77 205.271
62 79 154.311
62 82 263.778
62 85 163.667
62 87 83.4243
62 90 37.4793
62 93 43.4751
62 95 94.4162
62 97 49.0253
62 99 75.883
63 1 67.9493
63 2 58.3747
63 7 153.809
63 8 50.4125
63 15 34.7527
63 19 73.0904
63 22 31.7928
63 23 4.57768
63 25 44.086
63 28 125.425
63 31 10.8647
63 32 146.792
63 34 267.837
63 36 20.2107
63 39 194.306
63 41 116.243
63 49 207.645
63 51 107.905
63 55 104.922
63 59 209.893
63 60 88.8304
63 61 213.191
63 66 33.6386
63 67 7.50162
63 72 131.951
63 73 45.6079
63 77 171.405
63 79 188.711
63 80 141.328
63 82 1.76276
63 84 170.841
63 87 92.8178
63 88 20.4859
63 89 111.42
63 90 102.108
63 93 1.19308
63 94 56.6352
63 95 5.8148
63 96 70.2935
63 99 180.856
64 1 123.957
64 4 93.463
64 5 8.01263
64 6 85.0484
64 7 218.995
64 9 9.27405
64 10 51.3246
64 11 113.946
64 13 62.5486
64 16 166.384
64 19 121.238
64 20 44.2906
64 21 57.3094
64 22 37.9184
64 24 57.8409
64 27 48.9021
64 28 123.797
64 33 157.029
64 35 213.215
64 39 107.398
64 41 188.097
64 42 47.76
64 45 105.687
64 47 159.509
64 50 144.707
64 51 115.109
64 52 103.017
64 54 61.3911
64 55 212.243
64 56 197.157
64 58 9.0289
64 59 204.547
64 60 115.6
64 63 147.884
64 66 122.104
64 67 63.7837
64 70 87.9579
64 73 14.9382
64 76 37.843
64 79 73.8475
64 80 136.749
64 82 177.704
64 83 67.9326
64 84 29.2561
64 85 15.4533
64 88 8.91165
64 90 118.392
64 97 149.322
64 98 136.885
65 0 182.084
65 3 47.6943
65 4 25.6635
65 9 98.4941
65 12 138.66
65 15 164.176
65 17 82.0296
65 18 120.295
65 20 35.5661
65 21 105.016
65 22 120.525
65 23 142.387
65 24 90.2003
65 27 186.937
65 29 127.291
65 35 97.7402
65 38 185.878
65 41 88.6724
65 45 21.1667
65 50 234.53
65 53 162.114
65 54 60.2183
65 55 95.8738
65 56 143.584
65 57 108.563
65 58 147.668
65 63 226.98
65 64 74.9333
65 66 67.0562
65 67 12.3894
65 70 200.494
65 73 144.975
65 74 53.0877
65 78 58.1251
65 79 66.9606
65 80 73.3893
65 84 157.197
65 86 134.493
65 88 81.0949
65 90 164.931
65 91 147.786
65 93 102.968
65 97 186.172
66 2 104.972
66 3 62.8391
66 4 92.4868
66 7 19.1972
66 8 67.3347
66 9 62.254
66 11 114.954
66 12 65.5331
66 14 52.35
66 17 134.349
66 18 105.631
66 20 161.725
66 22 78.2756
66 23 150.542
66 34 41.115
66 38 83.7757
66 39 244.108
66 44 56.679
66 45 19.5074
66 46 188.427
66 50 221.245
66 52 120.707
66 53 350.658
66 56 152.337
66 59 123.32
66 60 59.5528
66 61 186.236
66 62 10.502
66 68 139.822
66 69 273.275
66 71 123.978
66 72 94.2715
66 74 99.3892
66 80 144.799
66 83 65.4625
66 85 0.104218
66 86 33.9892
66 87 52.629
66 89 166.613
66 90 66.5091
66 91 185.55
66 97 80.4892
66 98 36.8074
66 99 96.9079
67 0 281.805
67 4 110.123
67 7 190.277
67 11 288.807
67 12 54.7111
67 14 153.114
67 16 32.7311
67 17 108.583
67 20 92.569
67 22 122.651
67 25 42.061
67 33 166.289
67 36 56.9401
67 39 181.286
67 45 162.363
67 49 68.5892
67 50 83.3627
67 53 22.0959
67 54 309.36
67 58 272.378
67 61 107.97
67 62 107.21
67 66 75.6262
67 69 24.4749
67 70 86.3496
67 71 191.557
67 72 82.2968
67 77 131.911
67 78 177.369
67 80 122.475
67 81 108.453
67 82 54.1784
67 83 107.441
67 85 239.153
67 87 60.8835
67 89 111.582
67 90 234.817
67 91 176.38
67 92 70.494
67 97 157.71
67 98 140.143
67 99 133.948
68 4 63.1784
68 5 26.3873
68 6 98.3058
68 8 53.5781
68 9 60.3904
68 10 131.447
68 11 224.762
68 15 226.501
68 18 174.332
68 19 91.7093
68 24 121.51
68 26 80.1736
68 27 106.578
68 31 124.326
68 34 77.0387
68 38 14.6078
68 46 128.809
68 49 122.037
68 50 97.5773
68 53 151.631
68 54 218.142
68 55 70.9353
68 56 114.836
68 59 86.136
68 62 141.367
68 63 117.835
68 64 66.1183
68 67 134.112
68 71 60.791
68 72 4.50138
68 75 113.627
68 77 54.6394
68 78 205.003
68 81 9.06582
68 84 75.6734
68 89 75.1806
68 91 62.018
68 95 39.0045
68 96 238.176
68 97 84.1205
68 98 88.6731
69 0 55.4828
69 2 31.5359
69 3 142.506
69 8 62.366
69 12 10.2542
69 13 214.754
69 14 140.83
69 15 106.833
69 16 117.622
69 19 106.885
69 20 273.843
69 22 88.9839
69 25 36.5214
69 31 32.9821
69 32 155.923
69 35 201.571
69 36 34.8436
69 37 38.4697
69 40 37.8892
69 42 279.27
69 45 91.241
69 46 175.109
69 47 156.887
69 48 60.9693
69 50 137.496
69 52 140.243
69 53 138.267
69 54 179.423
69 60 252.596
69 62 64.856
69 63 118.084
69 64 281.763
69 68 158.898
69 70 141.453
69 73 198.222
69 74 121.512
69 78 164.244
69 83 104.384
69 84 111.388
69 85 12.9485
69 86 184.626
69 88 185.492
69 96 93.7171
69 98 63.162
69 99 118.479
70 3 92.6433
70 6 16.6902
70 8 6.35345
70 10 173.689
70 11 101.299
70 14 165.69
70 17 241.831
70 18 91.5536
70 23 165.249
70 24 30.0336
70 27 234.546
70 29 90.3851
70 31 252.496
70 34 111.123
70 36 235.619
70 39 149.556
70 40 17.2327
70 41 159.136
70 42 135.027
70 43 48.1308
70 44 158.458
70 47 268.086
70 53 58.4245
70 55 63.8763
70 56 98.5801
70 57 185.117
70 58 209.505
70 60 133.049
70 62 105.211
70 63 143.782
70 66 147.598
70 68 164.056
70 71 2.09819
70 74 23.3573
70 75 159.115
70 80 12.205
70 81 29.9494
70 85 35.1283
70 86 189.663
70 87 170.824
70 89 45.307
70 95 78.5246
71 0 76.2617
71 4 47.5065
71 5 5.19646
71 6 34.8134
71 8 201.113
71 10 143.399
71 13 119.546
71 15 82.8925
71 16 167.334
71 18 122.823
71 21 75.2163
71 22 35.2552
71 23 206.022
71 27 329.477
71 28 61.4072
71 29 121.831
71 32 81.9637
71 33 195.558
71 34 82.1977
71 35 154.806
71 38 25.2659
71 41 66.5127
71 43 101.171
71 46 109.345
71 48 109.978
71 50 169.802
71 54 317.963
71 55 161.168
71 57 68.3203
71 59 88.2175
71 61 108.88
71 62 14.8138
71 63 7.35915
71 64 203.369
71 65 119.007
71 69 61.6259
71 73 70.0384
71 75 171.573
71 78 109.506
71 79 16.1336
71 80 217.868
71 83 19.6066
71 88 93.0623
71 90 17.1153
71 94 157.271
71 99 45.1829
72 8 103.507
72 13 80.0004
72 16 161.214
72 17 142.037
72 19 136.995
72 20 110.937
72 22 91.7615
72 27 269.717
72 28 192.436
72 32 17.1541
72 33 58.0836
72 34 284.287
72 37 33.8704
72 38 204.28
72 40 66.243
72 42 163.499
72 43 10.3722
72 46 92.5178
72 52 178.972
72 54 67.2023
72 56 7.56165
72 57 246.356
72 58 38.5844
72 59 170.094
72 60 116.688
72 64 124.5
72 65 46.1068
72 69 6.21309
72 70 128.825
72 71 80.81
72 80 82.5726
72 81 135.536
72 87 25.5996
72 88 168.455
72 93 20.7724
72 96 68.1878
72 99 224.289
73 0 62.1779
73 1 224.504
73 2 308.553
73 4 129.436
73 8 115.28
73 9 126.537
73 10 110.07
73 11 2.88369
73 13 147.278
73 14 177.486
73 16 32.0305
73 17 100.307
73 18 100.359
73 20 104.461
73 22 203.048
73 23 33.8586
73 24 23.7709
73 26 45.454
73 29 46.387
73 30 59.0093
73 39 102.565
73 40 107.753
73 41 168.337
73 43 121.374
73 45 75.7675
73 47 20.3574
73 49 22.5048
73 52 103.968
73 53 97.9012
73 55 120.976
73 56 14.5712
73 57 4.62025
73 58 182.806
73 61 153.428
73 66 171.008
73 68 1.72092
73 70 82.4172
73 75 162.321
73 78 98.8422
73 82 95.3162
73 84 50.8865
73 87 94.1534
73 89 161.915
73 91 9.82832
73 92 191.773
73 93 141.712
73 94 217.597
73 96 33.8615
73 99 143.754
74 0 24.7735
74 1 142.973
74 4 50.3173
74 8 237.942
74 12 54.2696
74 14 25.2485
74 15 133.094
74 17 109.827
74 19 159.192
74 22 26.5656
74 23 1.39554
74 24 88.2751
74 28 68.4577
74 29 49.3244
74 38 186.855
74 39 0.40152
74 42 234.288
74 44 49.6443
74 46 16.6463
74 49 111.03
74 50 52.7529
74 51 20.562
74 52 194.958
74 54 153.314
74 57 34.9508
74 59 16.199
74 60 209.233
74 61 75.6047
74 63 209.985
74 64 85.1808
74 68 0.0756683
74 71 9.0063
74 73 172.7
74 75 262.317
74 77 71.1728
74 78 38.6423
74 80 179.339
74 83 169.509
74 84 98.3232
74 87 376.79
74 90 114.129
74 92 96.9825
74 94 73.1759
74 95 94.3114
74 98 158.925
74 99 20.2492
75 1 61.4535
75 3 167.733
75 6 155.469
75 7 223.397
75 8 77.4169
75 9 71.4685
75 10 242.96
75 15 2.5945
75 16 185.748
75 18 175.293
75 22 0.697395
75 23 77.5465
75 25 29.8563
75 27 110.118
75 28 86.2803
75 29 75.8609
75 32 86.6429
75 36 71.7649
75 38 163.79
75 43 145.734
75 46 140.693
75 48 0.830536
75 50 81.2812
75 51 25.6667
75 52 13.0204
75 55 113.419
75 58 150.219
75 60 49.4108
75 64 93.7902
75 65 251.731
75 67 8.98299
75 69 107.241
75 76 117.584
75 77 50.4633
75 78 98.8163
75 79 178.162
75 83 276.949
75 84 55.6825
75 86 20.4563
75 90 193.383
75 91 152.623
75 92 29.6041
75 93 57.9013
75 99 189.118
76 1 80.0348
76 2 154.25
76 5 123.094
76 6 101.598
76 8 69.1816
76 9 148.488
76 13 182.342
76 15 124.57
76 16 242.265
76 17 331.574
76 21 20.0717
76 22 225.378
76 23 153.342
76 27 112.61
76 30 123.921
76 36 51.7759
76 37 50.4014
76 38 108.041
76 40 167.74
76 45 157.001
76 46 64.5981
76 47 101.291
76 51 180.51
76 53 18.1628
76 55 253.179
76 56 57.5694
76 58 11.5627
76 59 98.77
76 61 92.4736
76 62 174.091
76 63 25.569
76 65 108.547
76 66 24.8666
76 67 128.598
76 68 125.582
76 69 65.0435
76 70 108.928
76 71 170.92
76 73 100.363
76 74 199.027
76 79 203.86
76 83 54.6914
76 86 7.16366
76 90 134.029
76 91 64.8639
76 92 153.106
76 94 176.783
76 95 119.426
76 98 131.278
77 2 21.6259
77 3 124.576
77 4 247.32
77 7 251.252
77 10 136.542
77 12 45.5572
77 13 45.7537
77 14 175.524
77 16 109.175
77 17 123.202
77 22 39.4794
77 24 262.083
77 25 104.482
77 28 177.897
77 29 62.8036
77 32 51.1431
77 33 69.8806
77 35 120.378
77 36 99.6586
77 38 171.818
77 39 185.712
77 41 96.6693
77 44 95.9661
77 47 5.98807
77 51 201.109
77 55 117.351
77 59 185.558
77 60 41.342
77 61 70.1819
77 65 200.168
77 66 171.788
77 69 133.551
77 70 183.636
77 71 137.683
77 72 20.2062
77 76 43.4476
77 78 59.1225
77 79 17.321
77 82 182.414
77 83 140.198
77 84 51.1148
77 87 62.744
77 92 64.1448
77 94 7.20066
77 95 57
77 97 156.588
77 98 2.30376
78 0 112.62
78 2 106.474
78 3 42.0921
78 6 79.0601
78 7 142.533
78 11 39.3051
78 12 66.5336
78 15 74.3403
78 20 123.372
78 26 193.598
78 27 278.753
78 28 9.6337
78 32 98.8908
78 33 122.55
78 35 76.5345
78 36 96.4171
78 38 194.921
78 39 93.882
78 40 74.5371
78 43 175.859
78 45 252.754
78 46 129.942
78 49 134.373
78 50 153.622
78 53 219.069
78 55 56.7602
78 57 79.8244
78 60 175.536
78 62 148.127
78 63 11.547
78 64 208.415
78 70 77.2804
78 72 113.339
78 76 177.918
78 80 103.366
78 81 92.7933
78 82 74.2295
78 87 101.414
78 88 114.682
78 89 140.994
78 90 26.9261
78 92 68.0815
78 94 244
78 97 91.2034
79 0 175.312
79 1 76.1354
79 2 68.0611
79 3 175.469
79 6 110.795
79 10 32.6729
79 11 123.726
79 12 49.586
79 15 223.076
79 20 47.8183
79 21 67.3692
79 23 209.811
79 25 44.2536
79 26 112.152
79 28 40.5083
79 33 104.774
79 36 68.3911
79 37 14.2876
79 41 47.2673
79 42 3.21469
79 44 70.0603
79 46 187.511
79 47 210.422
79 48 99.745
79 49 153.54
79 50 39.7376
79 52 27.7142
79 56 168.946
79 58 52.2596
79 60 268.625
79 66 65.6128
79 67 181.761
79 69 61.7411
79 72 192.841
79 73 155.361
79 74 57.4193
79 78 199.28
79 80 70.2366
79 82 207.456
79 83 168.802
79 85 22.7343
79 86 202.654
79 88 139.17
79 91 91.4358
79 93 75.905
79 94 107.192
79 96 162.219
79 98 76.4871
79 99 82.3774
80 0 109.142
80 1 17.7769
80 2 38.3641
80 4 130.665
80 6 196.143
80 8 153.94
80 14 127.005
80 15 2.0365
80 16 158.015
80 20 171.565
80 21 41.8002
80 22 198.263
80 23 70.9083
80 26 116.275
80 32 125.425
80 33 243.908
80 38 280.591
80 40 199.63
80 44 25.8252
80 46 106.312
80 47 106.54
80 49 61.7952
80 51 82.644
80 55 78.8406
80 59 96.2973
80 61 135.344
80 69 241.175
80 73 28.9022
80 75 60.6031
80 76 123.534
80 77 41.6154
80 81 125.092
80 88 64.4337
80 90 203.655
80 91 38.192
80 93 77.8677
80 97 143.226
80 99 6.78425
81 0 64.2479
81 1 192.817
81 5 105.969
81 7 70.5586
81 8 39.3607
81 12 81.7599
81 13 17.9733
81 15 21.4522
81 16 194.166
81 17 77.8277
81 19 12.2191
81 20 7.95246
81 22 52.9562
81 24 26.4585
81 25 47.3307
81 26 69.3403
81 28 36.4569
81 32 128.201
81 34 18.6371
81 36 122.824
81 37 58.4302
81 41 16.7701
81 44 175.471
81 52 124.842
81 54 34.9192
81 55 142.542
81 59 86.6133
81 60 92.6403
81 62 123.524
81 63 153.919
81 66 22.7566
81 69 51.9721
81 71 35.3696
81 73 67.377
81 76 0.186127
81 77 120.684
81 79 62.644
81 82 71.2934
81 83 133.684
81 84 179.24
81 86 145.76
81 87 260.216
81 88 55.3117
81 94 75.0537
81 96 41.058
81 98 351.086
82 1 20.5582
82 3 174.298
82 5 267.146
82 6 125.72
82 9 171.114
82 12 198.822
82 13 17.9448
82 15 106.72
82 17 111.214
82 19 126.407
82 20 263.323
82 23 181.177
82 24 7.5451
82 25 45.3631
82 30 140.977
82 33 125.949
82 34 53.4921
82 35 49.8361
82 39 182.016
82 40 76.8096
82 42 129.703
82 48 147.229
82 49 56.2552
82 51 55.0357
82 55 68.6619
82 56 215.568
82 58 32.1826
82 59 96.6884
82 60 27.3404
82 61 36.5376
82 65 46.3961
82 66 62.4374
82 68 128.892
82 69 106.448
82 70 222.283
82 71 137.019
82 72 199.1
82 74 107.169
82 75 108.287
82 76 133.624
82 80 156.284
82 85 48.77
82 86 95.5476
82 88 96.5829
82 89 114.196
82 90 233.94
82 91 23.4517
82 92 56.3875
82 94 17.1554
82 96 14.1382
82 99 18.4897
83 0 109.621
83 1 136.672
83 13 8.98388
83 14 16.0192
83 15 150.56
83 17 2.25868
83 18 153.453
83 19 86.5463
83 20 129.3
83 22 174.65
83 23 61.3259
83 24 89.0138
83 27 83.1663
83 28 93.1709
83 31 60.882
83 35 152.56
83 36 82.8271
83 39 197.268
83 41 98.2111
83 44 26.4359
83 50 80.3231
83 51 157.626
83 53 43.5901
83 54 6.73137
83 55 73.2532
83 56 228.89
83 58 29.8973
83 59 111.867
83 61 105.45
83 62 47.2124
83 63 179.847
83 68 241
83 72 73.0124
83 73 28.1245
83 78 91.703
83 80 158.191
83 82 119.607
83 86 128.221
83 92 64.1124
83 96 39.1554
83 97 161.986
83 98 169.541
84 1 197.929
84 2 29.5003
84 3 177.03
84 6 88.1119
84 10 84.4727
84 16 179.793
84 22 115.191
84 25 264.142
84 26 72.9267
84 27 100.116
84 28 108.022
84 31 194.936
84 34 145.566
84 35 143.239
84 37 175.913
84 38 36.2955
84 42 129.808
84 43 140.063
84 45 195.475
84 46 50.6761
84 47 116.239
84 48 112.814
84 49 8.29022
84 52 11.5909
84 58 93.4818
84 59 65.5206
84 62 92.7073
84 67 57.9806
84 70 184.864
84 71 17.6285
84 72 39.951
84 76 147.263
84 78 130.499
84 79 54.2315
84 80 123.58
84 82 41.0598
84 85 132.412
84 86 30.4243
84 87 38.2502
84 88 4.27576
84 91 145.622
84 92 69.4175
84 95 8.18577
84 96 130.093
85 0 79.8968
85 2 46.1963
85 4 235.235
85 6 307.563
85 7 179.515
85 13 153.654
85 15 1.55872
85 16 157.703
85 17 17.9733
85 18 219.493
85 20 6.83044
85 34 177.563
85 35 139.216
85 36 320.466
85 37 184.146
85 39 162.934
85 40 190.147
85 42 39.4909
85 45 151.727
85 48 27.8242
85 50 90.4393
85 51 43.0253
85 53 18.0286
85 56 108.881
85 60 131.671
85 63 202.171
85 65 32.486
85 68 9.74168
85 72 142.825
85 75 185.377
85 76 47.5575
85 77 95.3144
85 78 61.0381
85 80 15.0536
85 81 126.211
85 83 183.395
85 86 76.198
85 87 205.923
85 88 93.5546
85 89 21.0047
85 91 209.553
85 92 34.5386
85 94 73.0937
85 96 142.15
85 98 158.67
86 1 117.051
86 3 96.4257
86 5 2.80585
86 6 119.93
86 14 92.6307
86 15 247.119
86 16 118.869
86 18 163.408
86 20 49.5825
86 21 232.277
86 24 28.3263
86 25 49.5559
86 27 35.5
86 32 204.864
86 35 183.224
86 36 113.447
86 39 206.579
86 47 86.6934
86 49 131.845
86 50 45.6601
86 51 167.778
86 57 40.5365
86 58 28.5016
86 60 75.5771
86 61 107.485
86 62 92.0254
86 63 104.679
86 64 149.246
86 67 119.406
86 68 64.0364
86 71 237.516
86 73 136.135
86 74 43.8383
86 77 201.392
86 78 265.342
86 80 26.4847
86 88 102.772
86 89 57.4896
86 90 39.092
86 91 97.5605
86 96 142.762
87 0 148.916
87 2 223.908
87 3 104.593
87 5 11.8896
87 6 1.60186
87 8 178.334
87 10 99.8085
87 13 96.9696
87 15 161.191
87 16 28.658
87 18 89.8404
87 19 82.1404
87 21 268.098
87 23 146.427
87 24 68.6535
87 25 2.86638
87 28 6.09145
87 30 109.54
87 35 51.4972
87 36 5.0396
87 42 148.134
87 43 144.01
87 44 212.122
87 45 5.31161
87 46 261.045
87 50 140.647
87 52 182.485
87 53 4.19118
87 54 108.267
87 57 94.3608
87 59 173.203
87 61 219.874
87 64 131.859
87 65 98.9691
87 68 130.093
87 69 73.7724
87 75 253.897
87 76 113.246
87 79 165.252
87 80 143.401
87 82 110.033
87 83 19.9638
87 86 88.2863
87 88 10.6753
87 90 109.488
87 91 179.909
87 99 70.41
88 0 19.4997
88 4 4.37822
88 6 45.5183
88 7 88.6121
88 11 188.626
88 14 200.633
88 16 117.427
88 17 125.541
88 20 266.582
88 21 137.055
88 24 14.9371
88 26 138.933
88 28 224.262
88 29 37.873
88 31 91.0704
88 32 168.122
88 33 105.516
88 36 172.854
88 38 158.869
88 40 128.495
88 41 87.4252
88 43 126.585
88 44 190.214
88 46 148.091
88 47 56.1642
88 51 111.745
88 52 122.221
88 53 89.4049
88 59 145.366
88 60 136.176
88 61 144.74
88 62 25.817
88 66 57.5965
88 67 47.3974
88 68 8.75291
88 70 36.2967
88 73 150.335
88 75 36.9899
88 76 116.158
88 77 108.954
88 83 80.821
88 89 217.08
88 90 78.1255
88 96 36.7625
88 99 93.2397
89 0 1.24213
89 1 61.6779
89 5 105.835
89 7 249.331
89 9 127.205
89 10 77.2033
89 11 182.292
89 12 10.2843
89 15 148.319
89 16 130.977
89 19 208.275
89 21 21.0914
89 22 150.046
89 24 32.9909
89 25 141.233
89 26 275.717
89 28 150.424
89 30 65.4416
89 32 66.7902
89 33 132.684
89 34 104.476
89 36 73.6919
89 40 32.6333
89 43 144.084
89 46 32.483
89 47 6.75847
89 48 168.296
89 50 319.961
89 51 134.094
89 57 82.2013
89 58 172.425
89 64 133.866
89 65 133.709
89 71 157.574
89 72 71.411
89 74 262.942
89 75 104.863
89 76 231.808
89 77 181.158
89 79 81.7957
89 80 4.77554
89 83 64.598
89 84 168.168
89 87 37.7611
89 93 55.2687
89 96 17.1136
89 98 128.755
90 1 99.2954
90 4 117.491
90 6 169.8
90 7 30.1453
90 11 94.4366
90 12 176.836
90 14 202.064
90 16 108.698
90 17 111.604
90 20 75.927
90 22 16.7158
90 23 179.891
90 24 67.2363
90 26 119.542
90 29 179.133
90 31 202.33
90 34 208.504
90 36 219.16
90 37 122.684
90 40 26.6344
90 45 213.883
90 46 96.8063
90 54 85.5145
90 55 84.6327
90 56 126.537
90 57 181.191
90 60 27.2844
90 61 96.0858
90 68 20.7587
90 70 83.9828
90 72 68.2935
90 77 28.6543
90 79 47.0371
90 81 123.541
90 83 118.273
90 84 86.1367
90 85 19.8436
90 94 177.51
90 97 191.636
90 98 187.885
91 0 17.8159
91 2 99.6722
91 3 61.0809
91 5 73.8926
91 6 241.209
91 8 119.108
91 13 160.814
91 15 89.3473
91 18 199.886
91 21 67.6421
91 26 3.1049
91 27 108.776
91 28 118.179
91 30 185.181
91 31 129.105
91 34 40.2167
91 37 152.955
91 38 126.384
91 39 4.82941
91 42 59.3627
91 44 131.011
91 45 165.709
91 46 155.688
91 48 105.412
91 49 130.016
91 50 151.926
91 52 132.488
91 55 74.788
91 56 18.2243
91 57 183.855
91 58 22.341
91 62 159.257
91 63 37.3885
91 64 11.075
91 69 70.352
91 71 200.19
91 74 109.009
91 77 53.1045
91 81 227.826
91 88 202.294
91 89 128.244
91 90 146.791
91 93 129.557
91 94 130.67
91 95 245.02
91 99 26.0282
92 0 55.4417
92 1 31.9047
92 7 74.5657
92 11 30.552
92 12 98.3775
92 13 92.7449
92 18 100.403
92 25 99.4292
92 26 160.069
92 27 171.66
92 28 58.9689
92 35 169.655
92 40 28.5653
92 42 72.2118
92 43 186.852
92 44 57.1367
92 45 245.003
92 50 17.6618
92 51 72.3169
92 52 217.368
92 54 11.0819
92 63 114.415
92 64 167.404
92 66 138.78
92 68 88.277
92 70 102.89
92 71 1.07948
92 72 65.3496
92 79 21.6171
92 80 79.8084
92 81 146.345
92 87 86.3096
92 89 120.836
92 90 346.664
92 91 100.684
92 94 182.62
92 95 42.0241
92 98 156.879
93 0 231.04
93 1 58.5445
93 3 106.819
93 8 171.299
93 16 58.2087
93 17 0.928253
93 20 98.6528
93 21 76.3685
93 22 96.0968
93 23 154.4
93 24 9.31201
93 25 77.9414
93 26 86.8779
93 31 57.0949
93 33 46.0555
93 35 96.9682
93 36 151.207
93 37 14.0833
93 47 105.368
93 48 90.3302
93 50 225.434
93 52 19.0405
93 53 137.122
93 54 2.47051
93 57 112.624
93 58 185.149
93 61 84.3278
93 67 52.7099
93 68 85.6373
93 70 129.468
93 71 211.566
93 74 131.662
93 76 133.268
93 78 145.471
93 81 124.43
93 82 86.626
93 83 166.813
93 84 213.945
93 85 209.365
93 86 202.829
93 87 55.3539
93 92 133.598
93 98 123.597
94 0 21.8258
94 5 109.47
94 7 93.2918
94 8 323.466
94 9 138.952
94 10 172.096
94 12 187.507
94 14 49.6523
94 15 175.791
94 16 198.836
94 18 118.965
94 20 82.1752
94 24 104.823
94 25 3.75996
94 26 151.118
94 31 77.6507
94 33 71.0778
94 36 110.995
94 38 144.579
94 41 36.7353
94 45 64.971
94 47 156.601
94 51 55.3016
94 53 243.037
94 57 5.0471
94 58 5.18121
94 62 336.315
94 64 84.8703
94 66 38.7212
94 67 123.842
94 68 37.7837
94 70 106.023
94 75 63.3864
94 84 81.6448
94 87 139.351
94 88 199.426
94 89 12.808
94 93 35.5596
94 95 154.356
94 99 197.713
95 2 99.8621
95 5 63.8852
95 6 91.7341
95 7 114.602
95 8 69.2579
95 10 152.583
95 11 53.4173
95 13 98.8242
95 14 169.757
95 16 12.0896
95 20 143.256
95 22 119.575
95 24 154.678
95 25 175.167
95 27 165.806
95 28 135.403
95 29 158.85
95 30 21.1495
95 31 152.974
95 32 153.998
95 36 127.012
95 38 75.1333
95 40 168.351
95 41 47.2177
95 42 27.1897
95 44 10.6113
95 46 88.7515
95 49 107.818
95 54 178.006
95 56 115.408
95 57 129.397
95 59 17.3723
95 65 54.4011
95 66 52.3593
95 67 57.0307
95 69 73.7973
95 71 192.208
95 73 96.7036
95 75 49.7889
95 78 56.332
95 79 17.3887
95 82 99.7238
95 83 122.09
95 86 152.876
95 87 5.35454
95 88 133.37
95 90 20.7006
95 93 129.847
96 0 67.2356
96 1 73.0419
96 4 140.261
96 5 72.1318
96 6 220.609
96 12 4.0091
96 15 9.73489
96 24 98.412
96 30 20.2425
96 34 102.743
96 42 238.495
96 45 245.232
96 48 173.694
96 49 141.694
96 50 103.26
96 52 63.0943
96 55 180.509
96 59 75.0801
96 60 215.708
96 61 128.605
96 62 4.99946
96 64 69.0297
96 65 128.604
96 66 169.155
96 67 84.4161
96 70 66.9987
96 71 24.433
96 74 173.191
96 75 129.548
96 77 121.88
96 80 105.831
96 87 4.43214
96 90 12.6524
96 91 39.411
96 92 169.483
96 93 174.257
96 94 263.36
96 95 84.166
97 2 32.1484
97 4 104.73
97 7 48.2274
97 8 80.9774
97 9 89.4354
97 11 115.369
97 13 24.48
97 15 112.173
97 17 141.419
97 21 96.5267
97 24 259.245
97 28 128.513
97 30 52.1947
97 31 124.085
97 32 124.389
97 39 133.1
97 41 205.74
97 43 14.232
97 47 56.7369
97 49 259.056
97 51 49.3646
97 52 41.4711
97 53 48.4683
97 55 79.1945
97 59 12.8785
97 63 124.133
97 69 167.587
97 71 215.548
97 72 121.635
97 73 157.858
97 74 157.805
97 75 219.171
97 76 54.9845
97 81 57.3787
97 84 214.259
97 86 31.3442
97 87 215.54
97 89 139.106
97 91 68.6604
97 92 245.999
97 98 94.7799
98 0 1.85608
98 1 30.2564
98 3 67.9498
98 7 63.1026
98 8 65.4901
98 9 104.284
98 11 42.8561
98 13 277.173
98 17 60.7393
98 18 106.088
98 19 13.2786
98 21 145.621
98 24 17.9127
98 25 64.6839
98 32 17.436
98 41 174.36
98 45 146.806
98 47 119.519
98 49 30.2809
98 51 26.0715
98 58 206.172
98 61 77.95
98 71 58.6842
98 72 35.0595
98 75 98.7979
98 78 183.369
98 80 183.923
98 84 30.4526
98 86 183.648
98 87 126.429
98 88 1.50357
98 91 164.304
98 94 96.9249
98 95 17.903
98 96 86.261
98 99 102.14
99 0 78.9397
99 2 105.197
99 3 93.4099
99 4 123.12
99 6 38.7089
99 8 129.58
99 9 35.3873
99 12 69.3922
99 13 81.3681
99 14 78.1217
99 15 61.7364
99 16 75.1059
99 17 196.27
99 18 68.0087
99 21 209.368
99 22 46.7975
99 25 140.185
99 26 189.518
99 27 77.0681
99 33 123.245
99 34 188.52
99 35 57.1305
99 36 127.641
99 39 240.633
99 41 10.762
99 43 111.51
99 44 147.652
99 45 63.6466
99 46 40.4326
99 47 135.036
99 48 67.5736
99 49 160.287
99 51 213.289
99 53 104.894
99 54 83.6905
99 55 53.7112
99 56 116.864
99 59 163.149
99 61 15.8822
99 64 115.007
99 65 119.32
99 68 132.219
99 70 43.4393
99 77 64.9021
99 78 113.895
99 83 178.193
99 84 126.379
99 85 67.918
99 89 15.6208
99 90 22.8836
99 92 155.206
99 93 144.077
99 95 145.127
99 97 45.4032
