100 4365 ND
0 1 99.0257
0 5 87.4762
0 7 88.6986
0 8 101.014
0 9 102.144
0 11 103.601
0 12 89.8124
0 13 102.04
0 15 120.429
0 19 98.6656
0 20 103.115
0 22 87.034
0 23 78.7682
0 25 99.0111
0 26 95.4071
0 27 111.415
0 29 103.233
0 30 92.1976
0 32 94.0126
0 35 89.7785
0 42 95.3241
0 44 91.7674
0 45 97.2845
0 47 97.0501
0 56 82.8294
0 57 93.1129
0 58 102.865
0 59 112.66
0 61 107.48
0 63 97.4764
0 65 90.926
0 66 84.9793
0 67 113.557
0 68 92.5313
0 70 114.621
0 72 107.332
0 73 88.5162
0 76 115.945
0 78 112.355
0 80 95.7564
0 81 104.042
0 82 104.991
0 83 103.261
0 85 102.064
0 88 104.131
0 90 105.213
0 91 106.598
0 92 104.923
0 97 74.1879
1 2 91.8165
1 3 95.1558
1 6 77.9766
1 9 108.342
1 10 110.569
1 12 113.852
1 13 113.022
1 16 95.38
1 19 110.481
1 22 111.625
1 23 88.9019
1 24 96.9384
1 29 104.042
1 31 92.171
1 32 107.68
1 33 111.509
1 34 117.343
1 36 93.872
1 42 112.829
1 44 107.56
1 48 89.4292
1 53 87.6255
1 56 92.2626
1 57 76.9371
1 58 117.116
1 59 84.5222
1 61 87.3321
1 63 112.796
1 66 109.555
1 69 97.7111
1 70 98.7337
1 75 100.216
1 81 115.948
1 83 79.3883
1 87 92.3199
1 89 102.904
1 91 95.8468
1 92 103.588
1 94 99.686
1 96 76.2494
1 97 101.947
1 99 95.0618
2 0 99.5416
2 4 100.02
2 5 91.5078
2 8 100.521
2 9 92.0028
2 11 102.621
2 17 88.6328
2 18 98.5517
2 19 114.689
2 23 92.5892
2 24 111.913
2 30 86.8591
2 37 104.705
2 39 108.788
2 40 97.842
2 41 95.3669
2 44 100.412
2 47 97.3929
2 48 98.5461
2 49 101.408
2 57 97.225
2 62 98.7572
2 63 93.843
2 64 98.8163
2 66 96.7536
2 67 99.1514
2 69 109.658
2 70 107.514
2 73 82.6934
2 76 105.355
2 78 115.038
2 79 105.032
2 87 99.646
2 89 98.7196
2 94 88.864
2 95 87.9944
2 97 75.2824
2 98 111.952
3 0 106.081
3 2 108.542
3 11 81.6728
3 17 94.8598
3 23 97.6731
3 26 104.577
3 27 99.6776
3 30 83.3398
3 32 102.106
3 33 86.5501
3 34 99.6873
3 42 101.936
3 43 68.6487
3 44 81.7223
3 45 101.127
3 46 106.373
3 51 94.6978
3 52 96.6027
3 59 100.86
3 60 88.3488
3 62 98.4884
3 65 107.033
3 66 102.937
3 67 96.9941
3 71 88.8506
3 74 88.1982
3 75 98.138
3 76 100.498
3 78 88.3243
3 80 120.647
3 81 110.535
3 85 107.474
3 87 103.477
3 96 95.1321
4 0 105.404
4 1 91.4499
4 6 90.5153
4 7 110.592
4 8 110.549
4 9 89.8705
4 12 104.407
4 14 97.3686
4 15 109.105
4 16 111.521
4 17 113.828
4 19 97.3279
4 20 107.737
4 21 97.1424
4 24 93.9045
4 26 85.3773
4 27 105.961
4 29 114.056
4 34 101.469
4 36 80.2178
4 39 107.856
4 40 93.0066
4 41 96.2567
4 48 106.454
4 49 107.641
4 50 100.634
4 51 120.464
4 52 98.4492
4 53 112.769
4 58 102.073
4 59 120.834
4 63 92.0848
4 65 112.751
4 69 109.138
4 72 86.4104
4 74 92.4287
4 75 96.8122
4 78 113.068
4 79 80.3421
4 82 100.761
4 83 96.0217
4 84 108.817
4 85 100.07
4 86 110.38
4 87 93.8301
4 90 98.2243
4 93 97.2784
4 97 108.54
4 99 101.832
5 3 92.7714
5 4 105.283
5 7 108.531
5 8 104.73
5 15 93.2756
5 16 111.759
5 19 95.6404
5 24 107.783
5 25 103.248
5 27 98.5641
5 31 101.282
5 33 103.615
5 35 91.6223
5 37 122.845
5 40 108.642
5 42 108.995
5 45 106.227
5 49 112.413
5 52 94.5504
5 53 112.474
5 54 81.8215
5 55 106.298
5 56 103.873
5 57 99.8488
5 58 79.2006
5 59 106.407
5 60 89.6754
5 61 102.227
5 63 110.502
5 68 97.0052
5 75 92.6705
5 78 123.645
5 80 105.78
5 84 92.5045
5 86 109.697
5 89 108.13
5 91 82.5052
5 92 117.966
5 93 106.948
5 96 131.728
5 98 97.2749
6 2 126.675
6 3 108.859
6 5 106.107
6 10 93.9134
6 11 99.4806
6 16 95.8852
6 17 95.8597
6 20 97.9915
6 22 110.508
6 23 117.656
6 27 96.6286
6 28 109.116
6 30 91.6699
6 31 88.5016
6 32 97.3653
6 36 93.1604
6 37 88.3396
6 38 108.017
6 42 107.857
6 43 100.067
6 46 102.965
6 47 107.731
6 49 107.219
6 53 88.4471
6 54 108.908
6 55 99.3058
6 60 101.307
6 61 119.372
6 63 98.4
6 64 112.601
6 65 92.143
6 66 101.62
6 67 99.172
6 70 89.3033
6 71 113.011
6 73 103.228
6 75 98.3391
6 77 102.464
6 79 100.446
6 80 107.105
6 81 101.987
6 84 96.9089
6 85 107.629
6 86 99.8047
6 90 102.086
6 92 91.0132
6 93 88.9907
6 94 100.936
6 95 87.9078
6 96 108.783
6 97 93.4903
6 98 112.096
6 99 111.568
7 1 106.555
7 2 92.9673
7 3 91.2532
7 6 99.5785
7 8 110.451
7 9 83.7366
7 10 99.9294
7 14 101.435
7 16 103.063
7 18 107.941
7 21 92.5253
7 22 75.3066
7 25 98.1931
7 26 96.3369
7 27 98.1842
7 28 104.705
7 29 82.1249
7 33 110.158
7 34 104.152
7 35 87.6908
7 38 104.946
7 39 96.4195
7 44 104.553
7 45 98.8114
7 46 89.445
7 47 94.1293
7 48 107.473
7 49 122.366
7 51 102.499
7 55 83.9082
7 56 95.2073
7 57 92.0187
7 58 74.7949
7 60 93.3523
7 61 74.4891
7 63 115.669
7 65 96.697
7 66 100.81
7 68 92.0903
7 72 102.845
7 74 115.96
7 79 105.2
7 80 106.328
7 82 103.7
7 85 106.806
7 91 105.431
7 94 88.6767
7 96 109.46
7 98 103.055
8 1 88.668
8 3 92.4507
8 10 96.4699
8 11 84.9092
8 15 93.6058
8 20 106.487
8 23 93.8429
8 24 100.698
8 26 100.735
8 29 98.3711
8 34 90.3665
8 36 105.165
8 37 99.3171
8 38 103.316
8 40 92.9271
8 43 83.1627
8 46 95.5988
8 47 87.7047
8 48 115.819
8 49 101.804
8 55 111.753
8 58 103.274
8 60 106.049
8 62 90.8344
8 63 94.5238
8 64 90.398
8 65 96.9827
8 67 100.869
8 69 113.361
8 71 109.253
8 73 107.005
8 74 98.4908
8 75 103.002
8 78 87.0204
8 81 82.9821
8 82 93.2538
8 84 100.17
8 86 113.147
8 89 110.574
8 90 121.152
8 94 89.6804
9 3 92.9351
9 6 89.4219
9 8 91.4189
9 10 103.566
9 13 87.6108
9 14 94.3664
9 15 103.899
9 16 108.357
9 17 99.683
9 18 76.5184
9 19 94.2797
9 21 113.865
9 22 85.2454
9 28 101.464
9 32 111.358
9 33 100.665
9 34 107.939
9 35 101.561
9 36 103.988
9 39 107.164
9 41 92.8205
9 44 107.398
9 48 82.3797
9 51 95.1608
9 52 96.4149
9 53 97.3687
9 61 107.294
9 62 110.269
9 63 94.4671
9 66 105.564
9 71 94.3923
9 74 75.4554
9 78 90.6049
9 79 88.2077
9 83 102.031
9 84 102.821
9 87 104.198
9 88 101.523
9 89 94.758
9 90 97.6617
9 92 95.6099
9 93 105.199
9 94 104.576
9 97 101.891
9 99 91.9001
10 0 101.505
10 4 83.614
10 5 115.834
10 11 103.364
10 13 96.4483
10 14 100.195
10 19 98.3696
10 21 94.2424
10 22 117.468
10 23 95.5723
10 24 99.2291
10 27 95.2237
10 29 97.1606
10 30 101.953
10 33 98.7079
10 36 112.651
10 46 108.197
10 50 86.4947
10 55 99.6386
10 58 102.281
10 59 94.4862
10 60 86.1811
10 62 118.614
10 67 96.9915
10 68 90.3901
10 72 113.167
10 75 99.0238
10 76 95.5585
10 77 102.549
10 81 95.2197
10 83 94.869
10 84 90.1958
10 88 106.194
10 93 99.6089
10 94 84.5536
10 95 98.4233
10 96 99.512
10 97 94.5081
10 98 105.013
11 1 99.0185
11 4 83.165
11 5 97.0821
11 7 107.994
11 9 81.1502
11 12 88.3752
11 13 98.9883
11 15 107.851
11 16 82.4982
11 17 96.3844
11 18 98.2999
11 22 98.5469
11 25 109.687
11 35 104.615
11 36 89.6895
11 38 105.196
11 44 101.86
11 46 88.1318
11 50 105.767
11 52 116.186
11 53 85.2871
11 54 95.579
11 58 95.3754
11 63 111.798
11 64 93.4876
11 65 93.3962
11 67 95.0841
11 71 105.112
11 73 95.9464
11 74 100.944
11 76 94.7047
11 77 108.703
11 79 103.362
11 81 108.905
11 85 97.0557
11 88 111.72
11 91 106.379
11 93 114.023
11 94 84.0907
11 96 87.3691
11 97 112.443
12 3 108.953
12 6 86.4589
12 7 110.92
12 8 104.244
12 9 106.829
12 10 94.0575
12 17 90.3258
12 18 109.188
12 21 116.77
12 22 102.565
12 23 98.8037
12 24 111.803
12 25 91.0091
12 26 88.9797
12 27 107.122
12 30 105.29
12 31 91.5895
12 35 96.7402
12 36 101.984
12 37 84.3973
12 39 115.42
12 40 80.0702
12 41 106.574
12 43 90.3445
12 49 98.3966
12 50 96.7515
12 52 108.566
12 54 89.2842
12 55 100.639
12 56 88.3016
12 64 100.563
12 65 85.1118
12 66 127.866
12 68 109.524
12 71 100.033
12 72 106.156
12 75 98.0883
12 76 101.943
12 77 101.836
12 79 99.3688
12 83 99.7457
12 84 106.913
12 87 99.7809
12 88 82.3937
12 90 101.196
12 91 103.324
12 96 77.3387
12 97 99.3768
12 99 95.4504
13 2 108.616
13 3 100.172
13 4 104.848
13 5 106.134
13 6 106.411
13 7 117.731
13 8 97.4187
13 12 96.7598
13 14 117.044
13 16 112.988
13 17 114.415
13 19 109.517
13 22 106.15
13 29 104.54
13 31 99.5458
13 35 91.4204
13 37 110.12
13 40 119.713
13 48 97.8712
13 52 107.325
13 53 90.3793
13 54 99.9856
13 56 98.0417
13 59 80.892
13 64 99.1379
13 65 98.7179
13 69 75.8382
13 70 99.17
13 71 112.517
13 72 91.1516
13 75 110.572
13 77 94.2437
13 83 108.507
13 84 88.8599
13 89 102.704
13 91 87.4881
13 92 116.03
13 93 112.547
13 99 106.399
14 0 103.882
14 1 106.354
14 2 88.8179
14 5 111.227
14 6 92.5039
14 11 97.0461
14 12 93.1352
14 19 123.006
14 20 79.5962
14 24 102.506
14 28 99.2032
14 29 83.3019
14 30 106.482
14 33 94.4486
14 34 121.95
14 37 93.203
14 38 86.6233
14 39 108.055
14 41 108.16
14 42 106.388
14 48 84.5526
14 50 105.836
14 55 98.5508
14 56 90.0084
14 58 94.8137
14 61 110.234
14 62 103.167
14 64 94.9682
14 65 112.462
14 66 88.6154
14 68 100.275
14 70 96.8396
14 73 107.622
14 75 107.782
14 77 91.1096
14 78 102.946
14 80 97.5278
14 84 94.1094
14 85 100.961
14 86 108.298
14 89 110.82
14 90 110.615
14 91 97.0952
14 92 95.4828
14 93 108.499
14 97 93.7533
15 1 93.8753
15 2 104.835
15 7 89.0349
15 10 111.661
15 12 91.375
15 13 108.236
15 14 111.714
15 19 95.5476
15 20 98.2475
15 23 111.11
15 26 94.9944
15 27 97.7907
15 33 99.2934
15 36 85.6816
15 37 95.6631
15 41 116.545
15 42 82.1882
15 45 108.328
15 52 100.66
15 53 84.3401
15 55 110.091
15 58 80.4875
15 59 96.0382
15 60 88.556
15 62 70.282
15 63 99.0687
15 68 74.8071
15 70 99.9496
15 71 107.811
15 72 83.9063
15 73 94.8773
15 74 91.4804
15 75 100.337
15 81 107.295
15 83 92.8591
15 91 114.42
15 92 105.669
15 94 102.552
15 98 93.8228
16 0 101.105
16 2 116.521
16 3 102.717
16 10 84.1588
16 12 101.321
16 14 100.133
16 15 93.7269
16 18 119.608
16 19 99.5783
16 20 108.176
16 24 108.876
16 25 110.188
16 26 90.9625
16 30 103.22
16 32 97.2151
16 34 93.0057
16 35 97.5119
16 37 101.768
16 38 115.625
16 40 106.006
16 41 114.351
16 44 95.5578
16 54 103.489
16 55 100.378
16 56 103.826
16 57 114.939
16 58 93.7054
16 59 119.369
16 61 110.959
16 62 103.291
16 63 93.7351
16 64 101.151
16 65 113.103
16 67 97.456
16 68 98.5696
16 70 110.031
16 71 106.67
16 75 86.5002
16 76 74.2567
16 79 107.574
16 81 84.6171
16 82 101.171
16 86 99.735
16 87 89.9465
16 89 95.8128
16 92 101.64
16 97 104.339
16 98 108.711
17 0 112.903
17 8 109.632
17 10 108.605
17 16 91.2203
17 23 98.628
17 24 109.523
17 27 98.7227
17 28 110.51
17 31 105.74
17 32 105.577
17 34 90.5266
17 35 100.801
17 38 113.503
17 40 102.177
17 43 105.269
17 44 102.572
17 47 97.8126
17 48 87.7819
17 49 88.1387
17 50 103.246
17 51 99.4733
17 52 95.8238
17 54 77.9874
17 56 103.746
17 58 112.949
17 61 103.53
17 62 101.597
17 63 107.25
17 64 105.035
17 67 109.784
17 68 83.2567
17 70 100.195
17 72 98.1862
17 73 103.794
17 75 83.1738
17 77 95.7277
17 78 101.519
17 83 101.205
17 87 93.6519
17 88 83.7267
17 90 114.541
17 91 105.771
17 92 89.6524
17 93 103.315
17 94 90.1252
17 96 97.3786
17 97 100.58
17 99 99.2965
18 0 95.5948
18 4 117.008
18 8 113.871
18 10 91.5995
18 13 98.067
18 14 108.581
18 15 116.098
18 17 99.7239
18 19 88.5893
18 21 107.744
18 23 99.855
18 29 112.317
18 30 99.8221
18 33 107.385
18 37 90.2564
18 38 104.887
18 39 93.5581
18 50 114.844
18 51 107.625
18 53 109.768
18 58 99.7447
18 61 111.927
18 63 107.218
18 65 94.7087
18 67 87.0113
18 69 108.17
18 71 94.9462
18 75 125.6
18 77 102.01
18 80 85.1954
18 81 99.8471
18 86 107.744
18 87 96.3205
18 89 111.461
18 90 95.4698
18 94 89.9901
18 95 98.2466
18 96 111.984
18 98 108.867
19 3 96.451
19 6 84.3251
19 7 100.386
19 11 85.0151
19 12 86.1645
19 17 97.3533
19 20 86.2225
19 21 100.087
19 22 92.3871
19 25 105.807
19 28 102.215
19 29 104.714
19 30 111.582
19 33 105.222
19 35 99.5283
19 36 109.358
19 37 118.994
19 38 101.791
19 42 104.26
19 43 82.6761
19 45 105.748
19 46 97.6793
19 49 99.9615
19 51 92.3123
19 53 95.7618
19 54 90.1246
19 55 95.4343
19 57 92.1282
19 58 116.824
19 59 105.607
19 61 111.362
19 62 97.5151
19 64 90.0519
19 66 90.7133
19 72 104.859
19 73 108.126
19 74 96.8784
19 77 97.5778
19 79 93.627
19 80 106.198
19 83 87.6574
19 85 95.1461
19 86 109.332
19 88 108.849
19 92 97.3182
19 93 103.718
19 94 85.7296
19 97 83.8164
19 99 86.6214
20 2 94.4177
20 3 98.5508
20 5 100.828
20 7 104.451
20 9 102.848
20 11 91.5609
20 12 95.0617
20 13 94.0395
20 17 105.057
20 18 89.172
20 21 105.366
20 24 82.3628
20 25 96.5417
20 26 100.006
20 27 103.393
20 29 119.514
20 31 94.7279
20 34 89.8188
20 37 108.313
20 41 99.7657
20 42 86.463
20 43 97.4143
20 44 85.9512
20 45 98.2666
20 48 102.824
20 52 80.3916
20 53 108.178
20 55 112.02
20 58 106.263
20 59 91.7511
20 61 103.538
20 66 100.902
20 67 113.578
20 70 113.544
20 71 104.673
20 72 94.2172
20 74 93.107
20 76 84.165
20 79 99.3963
20 84 93.8995
20 90 113.731
20 94 101.041
20 98 107.393
21 0 104.416
21 1 97.0113
21 5 107.453
21 6 113.194
21 8 93.7199
21 11 99.7435
21 13 108.501
21 14 84.844
21 15 111.386
21 16 93.3135
21 17 81.6604
21 24 98.8173
21 25 77.9591
21 26 124.315
21 27 87.3202
21 33 112.037
21 35 111.254
21 36 94.2967
21 37 102.62
21 40 89.5757
21 41 93.7138
21 46 115.909
21 49 108.854
21 51 86.4475
21 53 93.106
21 55 101.515
21 57 106.732
21 61 93.2815
21 64 91.955
21 66 88.4221
21 68 89.0191
21 71 90.1622
21 75 87.3429
21 76 108.241
21 77 112.092
21 79 98.4731
21 80 117.701
21 82 110.11
21 83 87.087
21 84 81.9506
21 85 109.956
21 86 108.326
21 88 104.003
21 90 92.2071
21 91 82.1116
21 92 100.283
21 95 111.352
22 2 83.7533
22 5 107.32
22 8 96.9094
22 14 93.8244
22 15 101.648
22 16 97.1816
22 17 96.5293
22 23 107.475
22 28 109.716
22 29 111.654
22 31 113.582
22 32 83.7393
22 36 109.782
22 38 96.2062
22 41 100.783
22 43 118.265
22 44 106.724
22 47 87.1649
22 53 78.2588
22 54 98.3911
22 59 104.217
22 61 103.904
22 66 115.623
22 69 99.8288
22 72 82.2024
22 73 101.57
22 76 110.413
22 78 95.7304
22 80 95.1123
22 81 99.8879
22 84 96.2511
22 88 97.6162
22 89 111.268
22 90 106.864
22 92 94.5392
22 93 104.686
22 95 99.3449
22 96 103.416
22 97 83.0155
23 4 87.9027
23 5 98.0928
23 7 98.5855
23 9 90.9202
23 11 102.753
23 13 89.3379
23 14 84.163
23 16 88.8168
23 20 112.15
23 21 99.0623
23 25 87.8103
23 27 89.1468
23 32 106.48
23 39 102.704
23 42 90.7592
23 45 102.41
23 49 108.36
23 54 100.909
23 56 110.051
23 59 94.3144
23 62 97.1262
23 63 111.264
23 64 107.123
23 67 91.7781
23 68 75.5252
23 69 92.8447
23 70 98.1621
23 71 98.8362
23 73 108.009
23 74 100.255
23 75 101.219
23 82 106.274
23 87 85.5636
23 89 100.229
23 91 116.994
23 93 101.267
23 98 91.2155
24 0 92.1763
24 6 110.2
24 7 96.913
24 9 109.326
24 11 104.142
24 13 100.873
24 15 104.646
24 18 97.8609
24 19 105.646
24 23 94.4486
24 26 111.855
24 28 95.0634
24 29 110.665
24 32 99.6803
24 33 101.745
24 39 84.6751
24 40 105.494
24 41 117.527
24 43 104.607
24 46 99.6363
24 47 115.771
24 48 111.669
24 49 101.556
24 50 89.0436
24 51 109.857
24 52 136.795
24 53 108.561
24 56 105.84
24 58 111.907
24 60 108.773
24 66 95.497
24 67 102.835
24 68 75.4823
24 69 117.496
24 70 104.805
24 71 119.041
24 72 86.0467
24 73 95.3197
24 74 107.679
24 75 83.5536
24 78 94.1555
24 84 97.174
24 85 113.274
24 87 93.6149
24 88 93.6503
24 89 99.4929
24 91 117.896
24 94 100.127
25 2 100.865
25 3 95.2406
25 4 102.594
25 6 112.122
25 8 98.9175
25 9 88.103
25 10 94.2646
25 13 116.027
25 14 94.8217
25 15 100.249
25 22 106.387
25 26 84.6939
25 27 104.122
25 35 92.8657
25 36 88.6208
25 37 98.1013
25 39 96.8366
25 48 102.783
25 49 88.6464
25 50 101.594
25 54 92.0847
25 59 96.9068
25 61 95.588
25 65 111.182
25 68 100.088
25 74 103.165
25 75 110.189
25 77 111.478
25 78 97.6145
25 80 109.684
25 83 97.3577
25 85 93.4029
25 88 92.5719
25 90 84.6466
25 92 84.1018
25 94 101.315
25 95 95.5877
25 97 107.004
25 99 114.045
26 1 113.772
26 2 94.212
26 10 92.0459
26 13 86.1483
26 14 94.7275
26 17 96.2893
26 18 120.422
26 19 86.403
26 22 110.681
26 23 80.1874
26 27 73.8131
26 36 98.7683
26 37 110.291
26 38 106.214
26 39 98.4633
26 40 102.711
26 41 93.4694
26 42 112.919
26 44 109.887
26 45 107.539
26 47 97.4716
26 48 109.583
26 50 71.1269
26 51 91.8399
26 53 75.3243
26 55 90.3774
26 59 91.5107
26 61 109.943
26 62 106.869
26 64 99.9686
26 67 97.9504
26 70 105.831
26 71 112.373
26 73 98.5554
26 77 98.6026
26 78 88.7004
26 79 98.6946
26 83 129.597
26 84 101.529
26 87 94.5103
26 88 108.189
26 89 96.4139
26 90 95.1467
26 91 98.7137
26 92 95.8317
26 97 113.012
26 99 109.429
27 1 96.8445
27 2 96.6201
27 9 101.944
27 11 122.864
27 13 114.408
27 14 95.1659
27 16 108.593
27 18 90.9771
27 19 103.26
27 22 99.6114
27 24 111.737
27 28 96.0253
27 30 112.014
27 32 97.7119
27 37 99.9971
27 38 102.168
27 42 107.59
27 44 103.467
27 48 108.283
27 49 103.394
27 51 100.35
27 52 83.0345
27 54 95.4099
27 57 90.4757
27 58 112.944
27 59 98.3572
27 60 106.605
27 61 108.939
27 65 101.85
27 66 91.4102
27 67 90.115
27 68 95.7415
27 69 85.7792
27 72 102.352
27 73 96.0269
27 74 92.3556
27 77 85.1522
27 78 104.563
27 80 95.9649
27 84 112.786
27 86 88.7364
27 88 94.2314
27 89 115.945
27 91 89.963
27 93 91.2037
27 94 99.2415
28 0 109.674
28 1 109.958
28 2 101.807
28 3 90.2909
28 4 77.7129
28 8 112.148
28 10 102.933
28 11 103.037
28 12 97.3567
28 13 98.8106
28 15 101.61
28 16 104.288
28 18 96.8773
28 20 115.895
28 21 97.6558
28 26 95.8385
28 31 93.0583
28 32 115.426
28 33 92.575
28 35 103.931
28 38 92.0812
28 45 100.024
28 49 110.278
28 50 98.6203
28 51 88.4309
28 52 98.7317
28 53 97.1755
28 55 88.9628
28 60 88.1923
28 67 113.586
28 71 97.1863
28 74 81.362
28 77 94.9046
28 78 110.842
28 81 104.405
28 82 97.2815
28 87 81.5061
28 89 105.294
28 96 98.4667
28 97 99.6774
29 2 96.8636
29 5 104.616
29 6 94.047
29 9 85.5803
29 11 97.88
29 12 112.512
29 15 110.952
29 16 109.211
29 17 88.2309
29 23 97.9803
29 25 104.407
29 26 100.282
29 27 99.5887
29 32 86.5399
29 33 91.8007
29 34 111.298
29 35 103.392
29 41 99.4659
29 44 123.225
29 46 93.7961
29 47 94.249
29 48 97.9283
29 49 109.042
29 55 106.122
29 61 94.0022
29 63 98.9439
29 64 92.0369
29 67 85.8844
29 72 101.074
29 73 98.0057
29 75 92.1475
29 77 100.989
29 79 86.5617
29 81 101.84
29 84 101.862
29 85 76.5515
29 86 100.027
29 87 127.461
29 89 113.935
29 90 122.781
29 92 98.469
29 94 90.8761
29 96 99.9344
29 97 92.8255
29 98 94.744
29 99 106.268
30 1 95.0446
30 4 94.6823
30 5 92.7028
30 7 104.573
30 8 97.0905
30 9 101.995
30 11 114.221
30 13 93.2671
30 17 84.0842
30 21 108.742
30 22 100.31
30 23 98.3754
30 24 95.9191
30 26 90.234
30 28 114.358
30 29 108.513
30 32 99.0267
30 35 99.4058
30 37 104.741
30 38 92.4607
30 39 102.179
30 41 97.9298
30 44 98.1441
30 45 106.133
30 51 101.776
30 53 108.013
30 58 82.7546
30 61 115.978
30 62 84.9199
30 64 114.36
30 67 91.3283
30 72 101.385
30 75 93.485
30 76 89.1478
30 77 100.323
30 79 97.8346
30 80 102.826
30 82 114.779
30 86 100.451
30 88 116.537
30 90 97.1376
30 94 103.335
30 95 115.688
30 96 83.9809
30 99 101.836
31 0 103.226
31 2 90.7768
31 3 115.205
31 4 94.0265
31 7 106.532
31 9 102.426
31 14 104.937
31 15 105.752
31 16 102.989
31 18 92.2995
31 21 102.429
31 23 95.1757
31 24 116.959
31 25 96.4194
31 26 106.708
31 27 115.238
31 30 89.2406
31 32 87.2804
31 35 114.803
31 36 103.433
31 37 107.837
31 39 92.4393
31 43 74.5395
31 44 94.8397
31 46 96.0922
31 48 84.1205
31 49 95.6261
31 51 113.244
31 55 93.6966
31 56 112.212
31 60 89.5337
31 62 94.4355
31 63 94.8677
31 66 97.6109
31 67 101.396
31 68 99.8007
31 69 105.344
31 73 89.2754
31 74 128.612
31 75 96.1795
31 76 99.5169
31 79 99.6816
31 82 101.601
31 84 102.707
31 85 84.475
31 86 103.019
31 88 102.568
31 89 98.3993
31 90 91.9924
31 91 82.3684
31 92 109.26
31 96 87.3097
31 97 101.483
32 4 117.578
32 5 92.164
32 7 93.6505
32 8 104.522
32 10 113.05
32 11 104.468
32 13 88.1491
32 14 109.31
32 15 118.629
32 18 90.5219
32 19 99.214
32 21 109.844
32 26 108.692
32 33 89.1223
32 34 118.963
32 37 111.299
32 38 132.787
32 40 123.846
32 42 95.626
32 46 102.569
32 49 85.8516
32 52 95.3921
32 57 110.759
32 60 79.7645
32 64 85.4916
32 65 103.914
32 67 101.662
32 70 94.8489
32 71 103.539
32 72 85.2154
32 74 87.556
32 76 102.265
32 77 79.6277
32 78 87.0727
32 80 98.5661
32 83 106.187
32 84 77.5828
32 85 99.9579
32 86 80.0626
32 87 104.255
32 89 91.9494
32 90 102.738
32 97 87.0297
32 99 94.1021
33 0 103.963
33 2 98.9524
33 4 102.616
33 6 100.942
33 8 101.461
33 12 86.726
33 13 117.803
33 16 105.92
33 20 78.541
33 22 106.028
33 23 103.847
33 25 108.673
33 26 79.6012
33 27 103.684
33 35 103.785
33 36 91.3374
33 38 105.007
33 39 103.6
33 40 109.844
33 43 81.5446
33 45 106.279
33 47 106.564
33 48 103.778
33 50 112.155
33 54 96.4118
33 55 88.3438
33 57 96.1208
33 63 87.4502
33 65 107.531
33 71 104.724
33 72 79.6998
33 73 109.174
33 76 114.499
33 77 82.6738
33 79 93.2739
33 87 98.4827
33 91 103.597
34 0 109.712
34 2 100.468
34 5 108.254
34 6 93.426
34 10 101.998
34 12 105.704
34 13 104.481
34 18 114.667
34 21 88.495
34 22 96.1689
34 23 87.1404
34 24 97.7746
34 28 117.895
34 30 95.0127
34 31 103.825
34 33 93.4066
34 37 89.4143
34 39 106.951
34 44 104.964
34 45 91.2045
34 48 109.599
34 51 104.659
34 52 95.4717
34 53 110.434
34 54 87.2903
34 57 89.1999
34 59 101.413
34 60 112.287
34 62 94.6212
34 63 97.8907
34 65 109.741
34 66 101.326
34 70 114.595
34 72 79.6442
34 75 92.6368
34 77 105.393
34 79 98.4633
34 80 95.539
34 81 83.7944
34 82 98.1001
34 83 104.769
34 84 105.821
34 85 78.9187
34 86 100.186
34 90 111.728
34 92 92.4505
34 93 99.3516
34 95 86.4569
34 97 102.27
34 99 113.558
35 1 107.341
35 2 100.263
35 3 85.2067
35 4 95.2996
35 6 102.973
35 10 100.117
35 14 102.199
35 15 99.9463
35 18 105.017
35 20 114.089
35 22 107.61
35 23 98.8041
35 24 91.0972
35 26 119.769
35 27 114.006
35 32 91.9507
35 34 97.2908
35 37 112.465
35 38 95.0827
35 39 88.3006
35 41 100.839
35 42 104.813
35 43 100.64
35 44 103.218
35 45 100.661
35 46 95.5959
35 50 89.4503
35 54 113.811
35 55 97.1474
35 59 99.7534
35 62 95.981
35 63 103.826
35 65 98.8553
35 68 81.359
35 70 73.5674
35 75 110.735
35 76 108.182
35 78 105.969
35 79 107.412
35 81 106.201
35 82 103.964
35 85 101.641
35 86 85.4846
35 89 98.2293
35 90 88.1204
35 92 97.3485
35 93 98.9698
35 96 107.454
35 97 96.9358
36 0 86.9227
36 2 94.8099
36 5 107.065
36 13 102.007
36 14 93.9566
36 16 83.0268
36 20 109.004
36 23 93.4453
36 24 89.7523
36 27 101.69
36 28 107.167
36 30 107.74
36 32 102.575
36 34 93.238
36 35 108.056
36 39 88.3782
36 40 85.0009
36 42 102.22
36 46 100.577
36 47 121.778
36 49 113.541
36 51 109.967
36 53 92.1075
36 55 86.1759
36 56 107.896
36 57 87.3365
36 58 108.665
36 59 102.975
36 64 102.54
36 65 120.378
36 66 134.372
36 67 109.921
36 68 103.048
36 69 90.0054
36 70 97.9843
36 74 93.7102
36 75 113.747
36 76 99.3689
36 82 105.916
36 85 96.7331
36 86 85.1662
36 88 87.0373
36 89 82.1908
36 94 103.952
36 96 100.703
36 97 84.308
36 99 139.887
37 1 105.301
37 3 88.0654
37 4 113.711
37 7 103.398
37 9 106.262
37 10 87.5988
37 11 108.265
37 22 108.906
37 23 99.7648
37 24 107.536
37 28 96.3924
37 29 105.331
37 33 100.794
37 39 74.6312
37 41 101.807
37 43 87.7389
37 52 98.9408
37 53 96.3759
37 54 96.6109
37 55 100.599
37 59 99.4652
37 61 124.142
37 63 113.544
37 67 93.7851
37 69 100.941
37 73 108.435
37 74 90.7059
37 75 100.247
37 78 107.155
37 79 105.864
37 83 80.5057
37 84 116.949
37 89 102.072
37 91 105.466
37 92 102.933
37 97 117.93
37 98 99.8527
38 0 99.1932
38 2 89.3895
38 5 85.7943
38 9 102.333
38 10 99.6047
38 12 102.364
38 13 98.3212
38 15 94.3003
38 20 93.0822
38 21 103.82
38 23 72.6645
38 25 86.2049
38 29 101.523
38 36 96.1376
38 37 93.5562
38 39 95.5698
38 45 79.9131
38 46 98.8638
38 47 119.435
38 48 94.5539
38 51 95.2973
38 52 96.9633
38 54 93.4163
38 56 89.4955
38 57 103.693
38 58 107.972
38 60 110.869
38 61 99.2258
38 63 102.488
38 64 98.8967
38 69 88.712
38 71 81.3651
38 73 83.4629
38 77 107.633
38 81 116.363
38 85 102.424
38 87 86.8203
38 88 95.1189
38 89 117.174
38 90 110.284
38 92 99.0762
38 94 88.2287
38 99 97.4446
39 0 118.376
39 1 94.7018
39 3 86.2502
39 5 80.2246
39 6 89.361
39 8 119.7
39 11 100.158
39 13 97.4911
39 15 90.2671
39 16 99.1572
39 17 103.907
39 20 110.62
39 21 105.625
39 22 108.936
39 27 82.8943
39 28 112.604
39 29 103.501
39 40 97.4584
39 42 103.229
39 43 91.011
39 44 89.4142
39 47 94.2734
39 50 107.264
39 52 93.4606
39 54 102.166
39 57 97.3396
39 60 97.8218
39 62 111.992
39 63 119.706
39 64 112.902
39 65 92.7965
39 67 91.9165
39 71 102.643
39 72 103.934
39 73 108.998
39 74 99.4988
39 76 107
39 77 107.749
39 82 116.774
39 84 99.5272
39 85 102.216
39 86 98.1389
39 88 97.0535
39 92 96.9792
39 94 96.3351
39 96 103.041
39 98 106.3
40 0 130.001
40 1 117.97
40 3 82.9956
40 6 101.311
40 9 105.126
40 10 98.7745
40 11 113.274
40 14 91.5528
40 15 114.21
40 18 99.3289
40 19 101.959
40 22 113.427
40 23 105.281
40 25 92.1757
40 28 110.96
40 29 93.0943
40 30 102.046
40 31 79.1337
40 34 109.848
40 35 111.149
40 37 98.2335
40 38 103.267
40 41 87.3785
40 43 99.9066
40 47 88.7685
40 50 98.4925
40 51 93.8538
40 52 126.672
40 53 106.843
40 54 100.237
40 55 100.977
40 56 102.872
40 59 122.944
40 62 98.835
40 63 107.335
40 67 102.381
40 69 94.1443
40 72 98.136
40 75 88.0823
40 79 115.845
40 82 94.0976
40 83 94.8473
40 84 91.9235
40 85 102.861
40 86 88.4248
40 88 95.0557
40 89 99.2237
40 90 96.2804
40 91 112.288
40 97 93.2786
40 98 120.431
40 99 101.788
41 0 89.1537
41 3 113.818
41 5 100.642
41 6 102.657
41 7 100.829
41 10 100.36
41 19 109.125
41 23 108.563
41 25 98.6404
41 27 121.729
41 28 90.4743
41 31 86.5261
41 33 90.5419
41 34 90.6995
41 36 124.201
41 44 95.2338
41 45 92.6652
41 46 80.6934
41 47 93.4772
41 48 106.914
41 52 92.8508
41 55 89.7403
41 57 93.757
41 59 99.9604
41 60 105.38
41 65 123.145
41 71 113.777
41 76 101.507
41 78 99.1426
41 81 100.243
41 85 117.332
41 86 104.987
41 89 84.2505
41 92 87.1052
41 94 87.4636
41 96 105.189
41 98 94.5442
41 99 91.9528
42 2 104.962
42 7 103.291
42 8 89.1977
42 9 119.817
42 10 103.059
42 11 107.909
42 12 78.6975
42 13 100.163
42 17 109.302
42 18 105.443
42 22 118.372
42 24 110.489
42 25 93.021
42 30 105.417
42 31 109.258
42 33 106.119
42 34 100.865
42 40 85.6479
42 41 111.168
42 43 96.1644
42 44 91.3214
42 45 102.997
42 50 85.1392
42 51 120.751
42 56 103.265
42 57 104.49
42 61 103.206
42 65 105.375
42 70 97.646
42 71 101.053
42 74 97.1529
42 75 100.371
42 77 111.432
42 79 112.889
42 81 105.663
42 83 100.441
42 86 106.141
42 87 105.665
42 90 91.6754
42 91 93.3874
42 92 106.568
42 95 88.7476
42 97 99.9306
43 0 111.525
43 1 105.208
43 2 96.7985
43 4 100.999
43 5 107.745
43 7 94.2486
43 9 91.0311
43 10 101.174
43 11 100.019
43 13 103.362
43 14 87.7233
43 16 102.672
43 18 110.65
43 21 101.82
43 23 95.1202
43 25 114.716
43 26 98.824
43 27 101.328
43 29 73.481
43 30 76.435
43 32 96.6226
43 34 83.1797
43 36 108.66
43 38 108.143
43 44 89.7664
43 45 84.6071
43 47 87.6875
43 48 98.7508
43 50 107.981
43 52 94.4999
43 53 97.675
43 55 77.7569
43 58 129.07
43 59 88.6792
43 62 97.4699
43 63 103.581
43 65 101.295
43 66 82.4694
43 67 89.8658
43 68 106.378
43 69 109.343
43 72 85.617
43 73 101.951
43 74 96.9821
43 77 115.685
43 80 90.1324
43 81 103.285
43 82 95.7021
43 84 107.217
43 86 99.9065
43 87 106.721
43 89 96.9364
43 93 91.7109
43 96 86.794
44 6 103.07
44 10 95.9794
44 12 85.7107
44 13 94.7915
44 18 101.166
44 19 98.6892
44 21 100.048
44 23 111.207
44 24 100.324
44 25 121.764
44 28 114.941
44 32 85.1568
44 33 106.375
44 36 89.8161
44 37 98.1743
44 38 102.334
44 40 100.257
44 45 107.025
44 46 80.1942
44 50 122.902
44 51 113.546
44 54 102.683
44 55 84.7525
44 58 105.776
44 61 105.854
44 62 98.0998
44 63 102.088
44 64 108.09
44 65 100.147
44 66 107.117
44 67 111.702
44 69 95.4416
44 70 93.2117
44 75 89.5549
44 76 115.316
44 78 89.9937
44 79 105.43
44 80 95.4099
44 81 117.96
44 82 99.5234
44 87 99.2975
44 92 108.594
44 93 94.6482
44 94 93.0322
44 97 98.3296
44 98 107.405
44 99 93.2179
45 1 98.8683
45 2 94.9191
45 4 92.6712
45 6 106.233
45 8 96.1246
45 9 100.249
45 10 103.837
45 11 117.077
45 12 98.6641
45 14 94.7085
45 16 90.4557
45 17 109.406
45 18 92.6613
45 21 89.6186
45 24 87.261
45 25 105.609
45 27 114.376
45 29 112.382
45 31 105.926
45 32 99.7016
45 36 99.1008
45 37 99.0337
45 39 97.2033
45 40 103.247
45 51 106.392
45 52 112.521
45 54 99.0542
45 56 93.4241
45 59 86.039
45 60 110.575
45 61 97.4676
45 62 98.7493
45 63 129.393
45 67 106.842
45 68 108.249
45 70 106.39
45 72 77.7394
45 75 79.0393
45 77 126.276
45 83 108.942
45 86 107.618
45 87 76.7215
45 88 120.978
45 90 112.435
45 97 95.5638
45 98 98.6673
46 0 99.4427
46 1 80.0499
46 2 91.5839
46 5 92.685
46 9 97.808
46 12 96.2561
46 13 106.509
46 14 94.5646
46 15 91.4633
46 16 105.855
46 18 100.94
46 20 102.445
46 23 96.37
46 27 118.461
46 28 86.117
46 30 73.4228
46 37 97.3523
46 39 92.5534
46 40 123.931
46 42 92.2917
46 43 98.9014
46 47 105.363
46 48 87.4178
46 50 104.681
46 51 82.2307
46 52 104.237
46 53 105.561
46 54 108.035
46 56 90.0275
46 58 93.3319
46 61 105.868
46 63 92.1567
46 66 93.2037
46 71 121.017
46 76 105.185
46 78 89.4363
46 80 99.7165
46 82 82.1698
46 83 115.124
46 86 118.702
46 87 120.731
46 88 115.994
46 89 90.3599
46 93 114.284
47 1 106.075
47 3 107.996
47 4 108.615
47 5 98.926
47 9 113.7
47 10 115.348
47 11 88.3844
47 12 96.8637
47 13 101.976
47 14 83.6328
47 15 79.7649
47 16 98.0529
47 18 102.224
47 19 106.654
47 20 94.8099
47 21 99.0752
47 23 106.56
47 25 90.9775
47 28 97.1562
47 30 99.0742
47 31 92.4509
47 32 97.2437
47 34 98.0658
47 35 98.8406
47 37 89.8837
47 44 89.5858
47 45 109.751
47 48 111.465
47 49 104.091
47 51 91.438
47 52 93.4548
47 53 77.8058
47 54 102.288
47 55 105.371
47 56 101.656
47 57 115.341
47 58 88.7992
47 62 97.5241
47 64 88.9515
47 67 100.577
47 68 104.238
47 70 88.0443
47 71 104.219
47 73 93.3459
47 74 94.7088
47 75 102.867
47 76 103.276
47 78 98.5318
47 85 102.916
47 86 90.1341
47 94 110.368
47 95 113.205
47 99 107.443
48 0 113.806
48 3 97.3149
48 6 100.769
48 10 99.5916
48 11 110.302
48 12 111.064
48 16 104.403
48 18 87.5246
48 22 91.3785
48 23 109.308
48 28 112.741
48 30 94.3426
48 32 110.453
48 35 84.4016
48 37 89.3822
48 40 104.011
48 42 101.731
48 45 86.7949
48 50 108.756
48 54 114.389
48 55 97.9629
48 58 94.8435
48 59 108.054
48 63 94.9682
48 65 85.1068
48 66 109.066
48 68 102.534
48 71 90.5899
48 72 83.3221
48 73 98.4685
48 74 106.558
48 76 110.318
48 79 99.462
48 81 104.303
48 86 102.175
48 87 100.794
48 88 95.5021
48 89 76.14
48 90 104.275
48 92 112.467
48 95 99.6483
48 97 117.445
49 0 79.4299
49 1 99.3605
49 9 109.723
49 13 92.2656
49 14 95.8061
49 15 96.964
49 16 104.805
49 18 114.58
49 20 101.378
49 22 106.657
49 30 109.664
49 33 87.1778
49 34 111.908
49 35 92.646
49 37 98.2319
49 38 113.514
49 39 93.1145
49 41 110.809
49 42 98.6094
49 43 119.998
49 44 99.6317
49 50 98.1162
49 55 99.2453
49 56 98.0726
49 62 110.34
49 63 96.1414
49 64 87.1854
49 65 89.7122
49 66 107.508
49 71 93.5333
49 76 103.771
49 79 92.3328
49 80 97.4831
49 84 97.0592
49 87 99.5415
49 91 107.383
49 92 109.322
49 96 92.3197
49 97 111.926
50 1 91.933
50 2 106.567
50 3 99.1944
50 5 76.5199
50 6 103.809
50 7 76.7725
50 8 96.7305
50 9 102.351
50 13 108.594
50 16 103.892
50 19 96.9109
50 21 107.887
50 22 96.9431
50 23 83.4996
50 29 106.831
50 30 91.7831
50 31 119.545
50 32 79.142
50 36 98.2486
50 38 86.4426
50 41 103.411
50 45 106.404
50 47 112.579
50 52 88.8094
50 53 98.3925
50 54 104.646
50 56 88.6964
50 57 88.8708
50 58 94.4429
50 60 102.969
50 66 90.9741
50 69 95.716
50 70 86.1831
50 71 95.449
50 72 100.769
50 73 113.56
50 80 81.2637
50 83 75.5092
50 84 103.361
50 85 105.808
50 90 102.478
50 93 117.749
50 95 107.694
50 99 97.6755
51 0 107.061
51 1 93.98
51 2 94.7333
51 5 101.403
51 6 99.1552
51 10 103.551
51 11 110.597
51 12 94.5972
51 13 107.318
51 14 81.7425
51 15 131.544
51 16 98.9903
51 22 93.5135
51 23 99.3079
51 25 109.423
51 35 109.018
51 39 101.179
51 43 68.9493
51 48 99.1453
51 49 104.431
51 50 107.886
51 52 95.5999
51 54 106.674
51 55 98.0916
51 56 117.838
51 58 122.176
51 60 94.6282
51 61 108.005
51 63 94.3556
51 65 123.64
51 66 106.392
51 67 103.654
51 68 103.895
51 69 111.241
51 73 88.9652
51 74 82.0665
51 76 109.477
51 79 89.2571
51 82 107.86
51 84 115.321
51 85 93.5655
51 88 118.662
51 93 96.9009
52 2 101.541
52 6 119.424
52 7 94.2373
52 8 92.0886
52 10 106.227
52 14 109.773
52 16 118.051
52 18 115.983
52 19 106.066
52 21 111.095
52 23 90.6927
52 25 119.896
52 26 89.2271
52 29 85.4716
52 30 111.092
52 31 113.68
52 33 105.504
52 35 106.967
52 36 110.698
52 42 101.534
52 44 94.0502
52 48 87.7828
52 49 84.074
52 54 115.59
52 55 90.8097
52 56 93.7667
52 58 104.954
52 62 90.1079
52 63 95.6399
52 64 90.0569
52 69 79.3153
52 70 109.088
52 75 110.591
52 77 102.35
52 79 93.6352
52 80 97.9978
52 81 107.744
52 83 105.928
52 86 110.134
52 87 119.216
52 93 101.503
52 97 97.5447
52 98 109.039
52 99 119.043
53 0 96.4565
53 2 102.205
53 3 106.812
53 8 94.6234
53 10 98.0587
53 14 108.229
53 17 94.2367
53 23 101.852
53 25 115.913
53 27 104.739
53 29 100.684
53 31 79.5268
53 32 92.8666
53 33 86.0664
53 35 99.8371
53 38 100.203
53 39 97.5881
53 41 96.5898
53 42 101.305
53 44 100.651
53 45 106.69
53 48 113.109
53 51 82.4235
53 54 97.9812
53 55 101.638
53 56 108.906
53 60 84.4742
53 62 112.138
53 64 98.1924
53 69 82.4946
53 72 91.5137
53 73 86.6903
53 76 104.138
53 78 93.3961
53 80 106.273
53 81 102.379
53 86 107.373
53 87 96.103
53 91 104.01
53 92 96.9023
53 93 87.2543
53 94 110.763
53 96 91.9256
53 98 92.1981
54 2 106.15
54 3 82.9631
54 8 100.2
54 9 102.679
54 10 107.693
54 14 99.4426
54 18 89.8436
54 20 113.863
54 21 94.1132
54 24 95.2499
54 26 103.081
54 28 90.9258
54 31 115.91
54 32 86.2697
54 41 89.4713
54 42 106.547
54 43 93.041
54 49 88.1185
54 66 124.165
54 71 97.9344
54 76 101.112
54 78 91.4733
54 80 105.052
54 82 89.7184
54 86 87.3874
54 87 110.803
54 90 99.6245
54 92 100.235
54 93 95.1788
54 95 93.6364
54 98 99.1564
55 1 101.032
55 3 109.521
55 4 89.5577
55 9 106.447
55 13 113.994
55 17 96.7971
55 18 102.764
55 24 88.7481
55 25 100.868
55 27 96.9022
55 30 99.6023
55 32 80.9577
55 34 99.5612
55 38 105.518
55 39 81.0712
55 42 97.1815
55 45 98.4501
55 46 98.1404
55 50 105.471
55 54 101.448
55 56 102.036
55 57 102.556
55 62 82.1487
55 65 89.5862
55 66 110.832
55 67 103.048
55 70 106.149
55 73 106.947
55 74 100.721
55 75 100.805
55 76 95.8327
55 79 109.308
55 80 114.597
55 82 117.558
55 87 113.717
55 90 118.933
55 92 90.3633
55 94 107.073
55 95 84.1512
55 97 93.9101
55 98 113.373
55 99 88.5127
56 2 106.638
56 3 92.6805
56 6 103.439
56 8 89.7275
56 9 116.05
56 10 91.7189
56 11 89.0578
56 18 110.951
56 20 100.968
56 22 92.992
56 26 102.616
56 27 92.9343
56 28 98.3481
56 29 95.2788
56 32 111.77
56 33 116.092
56 37 87.5709
56 39 107.193
56 41 111.406
56 43 109.333
56 44 99.4196
56 48 96.3212
56 54 96.7299
56 58 104.918
56 59 100.053
56 63 107.071
56 65 99.7514
56 66 89.5509
56 67 100.571
56 68 99.6393
56 69 102.837
56 70 102.741
56 72 104.385
56 74 110.175
56 75 70.9689
56 77 99.5335
56 78 101.85
56 79 99.2105
56 83 78.4401
56 84 107.315
56 88 108.588
56 89 110.401
56 91 102.789
56 93 94.6875
56 95 89.2226
56 96 122.452
56 97 100.397
56 98 88.5461
57 6 119.456
57 8 108.297
57 9 94.6115
57 11 95.2166
57 13 101.17
57 14 90.6774
57 15 91.8642
57 20 95.078
57 22 73.5356
57 24 104.265
57 25 108.165
57 26 111.505
57 28 103.84
57 29 102.314
57 30 105.264
57 31 102.358
57 37 93.9243
57 40 84.8523
57 43 104.508
57 45 91.3448
57 48 84.4838
57 49 98.3719
57 52 91.8684
57 53 84.9373
57 56 89.8952
57 58 102.062
57 59 90.9359
57 62 89.5767
57 63 106.584
57 64 99.7447
57 67 111.261
57 68 93.9543
57 69 98.2765
57 70 99.6318
57 72 101.928
57 75 103.197
57 78 92.1111
57 79 96.9737
57 80 90.3568
57 82 117.154
57 83 90.5325
57 85 99.2559
57 88 110.799
57 92 91.6053
57 94 101.129
57 99 110.994
58 2 118.318
58 6 89.5544
58 9 114.652
58 12 91.716
58 13 101.743
58 21 85.547
58 22 103.691
58 23 92.4549
58 26 100.957
58 28 102.277
58 32 105.431
58 33 105.736
58 34 82.1796
58 35 92.6002
58 37 100.187
58 39 110.777
58 41 106.893
58 42 112.029
58 45 87.6467
58 49 103.521
58 53 104.674
58 59 99.6591
58 60 97.3805
58 61 94.0164
58 64 82.3283
58 65 99.5656
58 66 97.571
58 68 83.0479
58 69 97.3752
58 70 87.6652
58 71 97.9491
58 75 120.768
58 77 101.223
58 79 91.3107
58 81 80.2742
58 82 93.163
58 86 106.367
58 88 109.275
58 91 82.9328
58 92 92.8176
58 93 120.268
58 94 102.034
58 98 105.356
59 2 95.395
59 6 91.3158
59 7 96.6461
59 8 108.309
59 9 80.7196
59 11 104.767
59 12 101.711
59 14 98.937
59 17 83.3841
59 21 81.2457
59 28 103.608
59 29 103.082
59 30 117.696
59 31 101.406
59 32 106.629
59 33 106.511
59 38 99.8599
59 44 100.397
59 46 86.7795
59 47 94.7481
59 49 100.538
59 50 105.159
59 52 113.097
59 53 90.7893
59 54 94.3375
59 55 104.364
59 60 111.4
59 61 111.885
59 68 103.751
59 70 88.5529
59 72 112.938
59 74 103.917
59 75 93.3845
59 76 107.959
59 77 102.004
59 78 95.2278
59 79 96.9358
59 83 110.026
59 85 93.1369
59 86 87.1354
59 87 106.225
59 88 102.262
59 89 97.3806
59 93 113.385
59 94 98.4297
59 96 109.656
60 0 102.275
60 2 93.6506
60 4 107.482
60 9 102.504
60 12 103.917
60 13 105.908
60 16 107.942
60 17 91.091
60 18 98.5239
60 19 104.058
60 20 98.3802
60 21 87.1737
60 22 96.2332
60 23 94.1727
60 26 112.158
60 30 117.59
60 33 101.228
60 35 98.4676
60 36 100.737
60 37 99.5429
60 42 88.3225
60 43 92.0603
60 44 80.6921
60 46 107.125
60 47 94.4099
60 48 102.529
60 52 94.0884
60 54 82.8525
60 56 98.0009
60 57 96.2521
60 61 120.237
60 65 99.1356
60 66 87.3444
60 70 89.2628
60 72 111.226
60 73 117.982
60 74 87.6499
60 79 111.243
60 81 102.356
60 82 115.274
60 84 115.005
60 89 103.051
60 91 91.6521
60 92 99.4353
60 93 107.996
60 95 88.6796
60 96 108.422
61 3 98.316
61 4 101.837
61 10 129.667
61 11 86.5241
61 13 90.9233
61 15 95.0119
61 23 100.509
61 24 96.6068
61 28 96.7551
61 31 98.0841
61 32 103.351
61 33 100.872
61 35 107.327
61 36 95.6562
61 39 107.382
61 40 110.396
61 47 101.735
61 50 100.977
61 52 108.663
61 53 108.661
61 54 78.7972
61 56 96.082
61 57 80.0242
61 64 96.7924
61 67 101.174
61 68 94.7064
61 69 102.115
61 71 98.0446
61 78 103.114
61 81 88.7707
61 84 114.304
61 87 99.703
61 88 104.054
61 89 99.5628
61 90 104.672
61 91 102.938
61 93 94.6087
61 95 100.173
61 97 110.705
62 1 91.6322
62 4 95.1472
62 5 98.421
62 6 107.248
62 12 93.7588
62 13 86.1312
62 18 95.0558
62 20 109.164
62 21 94.0202
62 25 99.8982
62 27 101.326
62 29 99.6902
62 32 86.6656
62 33 88.8483
62 36 97.7243
62 38 109.08
62 41 94.5982
62 42 96.5523
62 46 99.1339
62 48 100.055
62 50 105.532
62 51 101.565
62 54 102.758
62 56 95.1657
62 58 93.4368
62 59 111.655
62 60 104.847
62 65 99.973
62 68 89.8736
62 71 107.861
62 73 109.639
62 75 95.942
62 76 103.091
62 78 85.3701
62 83 117.608
62 84 103.79
62 87 93.7171
62 88 117.993
62 90 108.639
62 91 110.665
62 92 90.0506
62 93 97.615
62 94 105.684
62 95 105.203
62 96 98.3764
62 97 122.158
63 3 102.49
63 10 97.8227
63 12 90.5202
63 13 100.17
63 14 111.427
63 19 101.552
63 20 102.996
63 22 95.6312
63 25 82.2886
63 26 110.392
63 27 100.759
63 30 99.8712
63 32 107.515
63 36 76.0398
63 41 92.3353
63 42 109.633
63 47 76.9155
63 50 94.4098
63 53 114.049
63 54 103.454
63 55 96.1655
63 60 86.9725
63 61 105.878
63 62 96.219
63 64 120.351
63 65 103.441
63 69 96.9077
63 71 83.1324
63 72 106.039
63 73 90.9176
63 74 111.651
63 78 96.8898
63 79 94.5094
63 80 88.5778
63 84 87.8941
63 85 119.262
63 86 94.7602
63 87 78.3483
63 88 106.769
63 89 98.2856
64 0 110.485
64 3 88.8671
64 4 92.8689
64 5 123.85
64 15 84.4381
64 24 101.08
64 25 112.127
64 27 102.514
64 28 95.0545
64 33 81.6905
64 34 102.209
64 35 107.165
64 37 106.08
64 41 101.906
64 42 100.808
64 43 94.0115
64 45 102.027
64 46 95.9023
64 50 111.896
64 51 103.578
64 54 99.2181
64 59 89.9618
64 60 97.197
64 67 90.5246
64 68 91.9
64 69 101.14
64 73 115.829
64 74 91.5355
64 78 111.592
64 79 95.114
64 80 108.955
64 88 102.185
64 89 91.3585
64 90 99.7056
64 91 91.7323
64 92 105.586
64 99 92.0248
65 2 121.252
65 5 103.937
65 9 114.035
65 10 109.098
65 15 117.961
65 17 103.385
65 19 93.2588
65 20 102.142
65 21 97.9075
65 22 102.078
65 23 112.432
65 26 92.5667
65 28 115.292
65 29 109.962
65 30 101.101
65 31 86.7609
65 38 110.204
65 47 101.283
65 52 90.725
65 53 111.637
65 54 98.6366
65 57 83.6262
65 61 99.7321
65 68 103.133
65 70 95.7442
65 71 99.5863
65 72 107.541
65 74 82.6205
65 76 93.7857
65 79 100.925
65 82 99.0356
65 86 84.1233
65 87 90.2215
65 91 80.7349
65 93 97.0654
65 95 108.137
65 97 118.723
65 98 95.9902
65 99 105.997
66 4 107.192
66 5 100.803
66 8 91.7372
66 10 90.9165
66 11 107.749
66 13 111.552
66 16 81.8108
66 17 109.796
66 18 88.988
66 23 112.418
66 26 91.0798
66 28 105.355
66 29 97.4993
66 30 107.943
66 33 100.333
66 35 107.352
66 38 101.822
66 40 102.014
66 41 97.4961
66 42 112.494
66 45 115.514
66 52 108.272
66 53 81.6432
66 57 108.317
66 59 100.577
66 62 106.501
66 63 94.2314
66 64 98.883
66 65 99.8183
66 68 88.4008
66 69 96.9601
66 72 88.1994
66 75 113.102
66 78 91.3879
66 79 95.7255
66 80 111.256
66 81 108.745
66 82 99.9979
66 84 117.274
66 86 123.238
66 89 101.223
66 91 102.026
66 92 92.0081
66 96 95.1957
66 98 103.745
66 99 83.0604
67 1 100.924
67 4 95.6562
67 7 103.279
67 9 80.9379
67 12 100.544
67 13 86.3279
67 15 103.424
67 19 117.775
67 22 91.6819
67 25 103.696
67 33 96.7138
67 35 98.4725
67 38 92.2138
67 41 86.5672
67 42 94.2383
67 46 95.828
67 48 116.236
67 49 106.627
67 50 108.674
67 52 91.3181
67 54 109.67
67 58 108.872
67 59 101.33
67 60 98.2114
67 62 111.515
67 65 96.6989
67 68 107.55
67 71 105.426
67 72 95.403
67 74 85.7245
67 76 83.878
67 77 109.622
67 80 90.3278
67 82 103.949
67 84 102.767
67 88 92.3069
67 89 89.5521
67 90 97.2028
67 92 82.8118
67 97 114.304
67 99 94.8005
68 1 105.249
68 2 93.1283
68 3 107.15
68 8 98.2293
68 9 94.8519
68 11 106.645
68 18 91.9951
68 19 78.9632
68 22 96.3486
68 26 107.324
68 28 107.056
68 29 105.907
68 30 80.4109
68 32 107.416
68 33 110.615
68 34 100.549
68 37 93.7956
68 38 82.1299
68 39 101.079
68 40 111.052
68 41 107.025
68 42 114.33
68 44 97.044
68 49 98.9313
68 50 96.3898
68 52 87.9505
68 53 87.0277
68 54 90.0037
68 55 109.405
68 60 93.8198
68 63 102.602
68 69 88.7018
68 70 111.084
68 72 102.47
68 75 100.122
68 79 89.4337
68 83 97.4141
68 85 86.6002
68 87 103.055
68 88 104.373
68 89 106.491
68 90 96.7131
68 91 114.724
68 93 81.6906
68 95 106.598
68 97 95.4941
68 98 95.7038
69 0 117.102
69 3 90.9203
69 5 105.588
69 7 102.134
69 9 106.382
69 10 105.058
69 12 80.7712
69 14 107.999
69 15 114.852
69 16 115.787
69 20 103.637
69 21 102.682
69 25 79.9203
69 26 91.1976
69 28 104.239
69 29 93.0349
69 30 112.474
69 32 82.3956
69 34 85.5987
69 35 98.7963
69 39 109.97
69 42 96.4065
69 45 101.171
69 48 93.2304
69 49 95.3275
69 55 97.9673
69 59 95.5048
69 60 87.2656
69 62 102.706
69 65 95.4764
69 67 105.163
69 70 111.411
69 72 92.7827
69 79 102.844
69 80 129.423
69 82 69.7871
69 85 98.2396
69 87 107.938
69 91 82.3331
69 93 122.885
69 94 104.054
69 95 114.2
69 97 111.983
69 98 93.4427
69 99 107.391
70 3 110.48
70 4 99.0614
70 8 115.116
70 9 101.579
70 10 116.838
70 11 89.8557
70 12 94.1059
70 18 120.327
70 19 96.2928
70 21 83.7312
70 22 112.585
70 25 101.171
70 27 94.3843
70 28 111.076
70 30 101.478
70 31 99.787
70 37 105.252
70 40 84.0458
70 41 105.265
70 46 116.611
70 48 115.885
70 49 98.1179
70 51 102.12
70 53 111.176
70 54 121.343
70 61 100.911
70 62 103.507
70 63 109.086
70 64 92.86
70 66 93.4527
70 71 89.7233
70 74 139.003
70 75 92.8094
70 76 109.311
70 79 105.604
70 82 114.848
70 83 100.168
70 85 101.429
70 91 97.8565
70 92 113.789
70 93 116.107
70 94 102.621
70 95 111.001
70 96 117.196
70 97 126.159
71 0 96.7889
71 4 83.5721
71 5 96.6223
71 7 95.6328
71 17 92.3449
71 27 109.749
71 30 114.62
71 31 85.5041
71 34 98.3682
71 35 95.0089
71 36 98.0425
71 37 98.2137
71 44 103.029
71 45 120.415
71 51 95.3555
71 52 100.568
71 53 108.111
71 55 87.3272
71 56 104.11
71 59 93.7527
71 64 95.2348
71 66 97.8875
71 68 88.5904
71 69 93.8104
71 72 104.038
71 73 109.121
71 74 101.306
71 75 96.8933
71 76 102.199
71 77 84.1945
71 78 97.8177
71 80 91.265
71 83 110.11
71 85 93.8067
71 86 110.091
71 88 110.094
71 89 94.1452
71 90 118.222
71 91 96.293
71 93 87.399
71 94 94.2081
71 95 101.769
71 99 107.717
72 2 103.537
72 3 104.495
72 5 120.47
72 6 83.5446
72 9 71.6111
72 11 113.172
72 14 82.6574
72 16 102.267
72 18 98.0054
72 21 116.566
72 23 109.34
72 26 117.192
72 31 93.1859
72 35 88.6073
72 36 96.299
72 38 96.1899
72 41 101.069
72 42 109.52
72 44 92.8068
72 46 92.9991
72 47 106.579
72 49 108.909
72 51 101.718
72 52 97.8729
72 54 108.035
72 55 103.321
72 58 96.7812
72 61 85.9038
72 62 116.803
72 64 87.4128
72 70 117.633
72 75 110.671
72 78 113.495
72 80 81.216
72 84 97.624
72 87 89.1573
72 88 105.635
72 89 108.765
72 91 108.864
72 93 102.14
72 94 114.344
72 95 112.615
72 96 99.077
72 97 111.943
73 1 105.915
73 3 93.646
73 7 98.0497
73 9 101.353
73 10 91.1609
73 12 101.911
73 13 105.105
73 20 104.737
73 21 112.213
73 25 103.023
73 32 111.112
73 34 108.351
73 35 96.1642
73 36 108.01
73 40 105.685
73 41 103.458
73 42 108.863
73 44 102.022
73 46 99.8568
73 52 98.8048
73 57 94.6823
73 59 82.8828
73 61 101.693
73 65 92.7983
73 66 108.204
73 67 92.8769
73 68 113.526
73 69 91.7345
73 70 98.0852
73 74 104.255
73 75 106.479
73 76 101.801
73 77 92.3431
73 80 95.6752
73 83 93.194
73 86 104.23
73 89 107.631
73 92 115.468
73 93 105.111
73 99 101.658
74 0 99.2831
74 1 100.407
74 5 97.5101
74 6 107.676
74 10 74.7419
74 12 97.3901
74 13 105.309
74 14 96.835
74 16 75.6091
74 21 105.978
74 22 108.889
74 26 74.9206
74 29 91.418
74 30 104.56
74 33 115.445
74 34 98.6043
74 38 99.0193
74 40 115.136
74 41 99.8912
74 44 106.226
74 45 99.742
74 50 99.0376
74 52 94.4791
74 53 91.591
74 54 91.6267
74 57 103.155
74 58 112.196
74 61 103.336
74 62 115
74 66 109.388
74 68 105.542
74 69 108.995
74 72 104.687
74 75 93.9515
74 76 108.156
74 78 96.8941
74 85 105.813
74 86 92.5292
74 87 88.337
74 90 94.5984
74 92 99.4062
74 96 102.145
74 97 91.0601
75 2 115.894
75 9 101.249
75 11 99.2845
75 19 99.8218
75 20 100.91
75 22 100.11
75 26 123.022
75 27 84.74
75 32 107.056
75 33 96.0403
75 38 84.2731
75 39 99.7201
75 41 91.2812
75 43 87.5045
75 46 81.9496
75 48 93.4207
75 49 95.1108
75 51 90.2044
75 54 105.054
75 60 85.2862
75 61 117.186
75 64 109.392
75 65 101.669
75 67 109.937
75 69 86.0484
75 76 93.8235
75 84 86.6904
75 85 97.0319
75 86 87.3156
75 88 96.9289
75 89 83.0058
75 90 104.824
75 91 79.1171
75 92 98.9577
75 94 107.093
75 95 100.916
75 96 99.3088
75 98 86.1691
76 1 96.7033
76 4 108.05
76 6 72.4082
76 8 105.772
76 9 89.8722
76 14 102.235
76 15 96.7892
76 17 108.16
76 18 107.446
76 19 102.297
76 23 101.948
76 24 111.328
76 25 109.358
76 27 96.4953
76 34 108.256
76 37 104.048
76 38 89.693
76 42 104.936
76 45 94.9583
76 50 106.43
76 56 90.7303
76 57 114.956
76 58 93.0241
76 60 97.5617
76 64 92.4651
76 66 91.8151
76 68 108.09
76 69 119.361
76 72 98.6697
76 77 104.983
76 78 109.106
76 80 98.5575
76 81 91.7688
76 82 111.506
76 84 90.9782
76 85 95.1262
76 87 102.496
76 88 87.0855
76 89 112.774
76 92 88.8994
76 94 94.1988
76 95 95.8912
76 96 110.117
76 97 84.6984
76 99 127.225
77 0 115.334
77 2 108.443
77 4 110.307
77 5 77.3708
77 7 105.809
77 8 106.176
77 9 95.1026
77 15 88.2945
77 16 98.1118
77 20 86.9952
77 23 96.0558
77 24 93.9344
77 31 91.0346
77 35 103.67
77 36 110.47
77 40 97.8215
77 41 105.525
77 46 96.6938
77 48 96.7439
77 49 92.1104
77 50 122.757
77 51 91.4329
77 53 109.407
77 54 100.022
77 55 91.6856
77 57 82.3216
77 60 107.954
77 62 110.098
77 63 96.3998
77 65 86.3204
77 66 109.98
77 68 120.21
77 69 101.337
77 70 93.6013
77 72 100.511
77 74 96.857
77 75 87.5569
77 78 119.998
77 82 85.6083
77 88 81.9624
77 94 98.8508
77 98 94.3146
78 1 107.231
78 7 98.238
78 10 121.583
78 11 102.374
78 12 106.998
78 13 93.5109
78 15 98.0864
78 18 94.1672
78 19 94.2486
78 21 100.417
78 23 102.928
78 29 79.2637
78 30 98.2775
78 31 86.8693
78 33 97.6301
78 36 88.7571
78 38 89.2803
78 39 108.937
78 40 110.025
78 42 107.73
78 43 108.275
78 45 92.5426
78 48 104.77
78 49 88.7628
78 50 95.2819
78 51 111.935
78 52 98.9796
78 55 95.8295
78 58 105.048
78 60 105.398
78 67 91.439
78 69 97.6096
78 70 102.012
78 73 101.715
78 75 94.5824
78 81 110.803
78 82 115.835
78 83 99.2828
78 84 109.235
78 90 98.9001
78 93 87.4112
78 96 106.359
78 98 96.9648
78 99 94.0519
79 0 102.371
79 1 101.864
79 3 99.2179
79 5 106.541
79 10 107.061
79 13 89.6667
79 14 101.624
79 15 91.7676
79 18 100.02
79 22 102.409
79 23 111.762
79 25 85.0214
79 27 92.1078
79 28 95.7145
79 32 91.0977
79 38 83.9336
79 39 88.636
79 41 110.102
79 43 108.816
79 45 86.8966
79 47 103.022
79 50 107.328
79 53 113.799
79 62 100.327
79 67 103.958
79 71 115.555
79 72 100.674
79 73 107.889
79 74 92.0385
79 75 111.282
79 77 100.732
79 78 93.7147
79 85 103.921
79 89 87.7082
79 91 100.285
79 92 100.068
79 93 99.684
79 96 83.3501
79 98 95.1458
80 1 95.7704
80 2 84.6167
80 4 98.5041
80 8 107.002
80 9 95.521
80 10 90.8732
80 11 112.965
80 13 107.362
80 16 97.3277
80 17 99.4263
80 20 102.856
80 23 120.534
80 24 101.33
80 26 106.403
80 28 84.5256
80 29 103.479
80 33 98.9182
80 35 77.5152
80 36 90.7644
80 37 99.2812
80 41 102.279
80 42 95.0642
80 45 100.985
80 47 96.7699
80 48 105.783
80 51 86.7535
80 56 106.001
80 58 86.5977
80 59 100.6
80 61 101.488
80 62 111.382
80 65 93.2864
80 68 104.81
80 70 102.824
80 74 101.065
80 75 85.042
80 77 91.6059
80 78 87.8163
80 79 118.661
80 83 122.365
80 84 108.499
80 86 102.504
80 87 96.2844
80 89 103.007
80 92 98.1582
80 93 114.359
80 95 120.735
80 96 87.2295
80 98 113.639
81 2 108.594
81 4 103.002
81 5 102.056
81 7 93.1318
81 9 108.088
81 13 112.191
81 19 104.719
81 21 101.279
81 25 110.145
81 26 122.497
81 27 111.779
81 30 101.388
81 32 97.6068
81 33 89.5861
81 37 102.091
81 39 102.688
81 40 108.899
81 45 87.6003
81 46 108.137
81 47 90.1097
81 49 101.051
81 50 74.9676
81 51 94.3897
81 54 108.237
81 55 84.3736
81 56 108.657
81 57 100.94
81 62 95.7086
81 63 92.5862
81 65 107.166
81 67 105.319
81 69 95.3026
81 70 92.7339
81 71 85.525
81 72 94.832
81 73 112.03
81 74 106.319
81 75 85.8735
81 77 87.579
81 79 98.5832
81 82 93.1025
81 83 104.476
81 84 96.68
81 88 86.9497
81 90 95.879
81 93 95.9732
81 95 94.7708
81 96 93.6976
81 99 77.9261
82 1 97.4477
82 2 108.782
82 3 79.2106
82 5 112.852
82 6 118.056
82 9 123.286
82 11 83.5631
82 12 112.164
82 13 99.717
82 14 106.243
82 17 105.201
82 18 69.807
82 19 81.4332
82 20 99.9297
82 22 108.712
82 25 101.054
82 26 110.402
82 27 90.4057
82 33 77.9505
82 37 105.982
82 38 104.438
82 42 96.4284
82 45 102.214
82 47 100.277
82 48 95.3487
82 49 101.481
82 50 112.612
82 52 90.6239
82 56 110.761
82 63 92.702
82 68 109.585
82 71 92.9088
82 73 101.39
82 74 107.294
82 75 79.9825
82 79 95.695
82 83 123.508
82 86 92.3674
82 89 88.5535
82 90 103.051
82 92 99.4049
82 93 93.7368
82 95 97.6817
82 96 95.6
82 97 95.0198
82 98 104.09
83 3 96.6917
83 5 94.1056
83 6 108.007
83 7 93.9442
83 11 103.762
83 16 101.642
83 18 108.696
83 20 99.0935
83 22 87.0464
83 23 87.6334
83 24 99.9514
83 27 89.5145
83 28 114.086
83 29 107.849
83 31 105.675
83 35 98.6506
83 38 77.5073
83 41 108.238
83 43 121.336
83 47 105.474
83 48 101.912
83 49 96.225
83 53 88.312
83 55 96.5741
83 58 104.682
83 60 78.8593
83 63 105.3
83 64 103.624
83 65 89.8282
83 66 110.837
83 67 104.461
83 69 97.4834
83 72 86.9844
83 75 94.8988
83 86 100.711
83 88 95.9091
83 90 95.6984
83 91 98.9615
83 92 82.5247
83 94 89.1946
83 95 94.2383
83 96 97.4821
83 97 103.227
84 0 108.091
84 1 104.584
84 2 115.665
84 3 114.306
84 7 89.1946
84 11 84.3468
84 15 91.0015
84 18 97.4114
84 19 93.6036
84 23 103.557
84 25 121.738
84 28 89.7326
84 30 121.689
84 33 115.462
84 35 94.5254
84 36 116.526
84 38 85.0371
84 41 103.193
84 42 103.405
84 44 106.537
84 45 95.3861
84 46 104.038
84 47 99.1033
84 48 102.062
84 53 102.727
84 54 105.951
84 55 99.632
84 58 103.723
84 59 86.3697
84 64 96.1233
84 65 116.761
84 68 94.0695
84 70 107.849
84 71 109.284
84 73 107.916
84 77 81.1909
84 79 105.762
84 82 96.489
84 83 102.818
84 86 91.0672
84 87 89.9799
84 88 111.449
84 90 101.504
84 93 113.883
84 95 105.943
84 96 112.583
84 98 76.9986
85 1 94.646
85 2 103.726
85 5 108.656
85 8 100.637
85 9 103.525
85 10 111.272
85 12 93.9985
85 13 100.278
85 16 109.484
85 17 98.1714
85 18 103.272
85 20 100.613
85 22 124.603
85 23 104.187
85 26 88.9581
85 27 101.954
85 28 94.0065
85 30 80.6492
85 33 103.998
85 37 98.2684
85 42 92.65
85 44 85.4449
85 45 113.555
85 46 118.147
85 48 114.021
85 52 98.4866
85 53 100.066
85 54 97.5076
85 55 99.8651
85 56 104.77
85 58 102.463
85 60 105.742
85 62 104.971
85 64 97.3397
85 65 109.642
85 66 97.5427
85 67 116.111
85 72 90.8398
85 77 78.2415
85 78 109.627
85 80 83.097
85 81 96.8986
85 82 97.0854
85 83 116.973
85 84 97.1741
85 86 108.246
85 89 94.4183
85 90 102.1
85 91 112.812
85 93 86.1058
85 94 96.2042
85 95 117.169
85 96 117.884
85 97 109.605
85 98 104.717
86 0 110.998
86 2 85
86 3 103.969
86 7 92.7356
86 9 97.8881
86 10 95.7582
86 11 82.9399
86 13 103.66
86 15 96.4508
86 20 97.863
86 22 87.9506
86 24 91.7751
86 25 96.5224
86 26 103.846
86 28 103.609
86 37 93.7974
86 38 108.047
86 44 95.4405
86 49 93.6591
86 50 111.008
86 51 100.46
86 55 88.1091
86 56 101.797
86 61 93.0543
86 62 96.5915
86 64 89.0581
86 67 116.218
86 68 119.508
86 69 107.753
86 70 99.5299
86 76 113.77
86 77 113.218
86 78 108.898
86 79 102.358
86 87 107.134
86 88 95.5021
86 90 92.3138
86 92 97.5816
86 93 103.558
86 96 91.0686
86 97 100.503
87 5 96.3665
87 6 101.165
87 7 100.14
87 8 88.3774
87 10 102.331
87 11 91.5978
87 13 95.011
87 14 116.192
87 15 106.712
87 19 98.4627
87 20 99.6278
87 21 61.2193
87 22 112.606
87 25 104.544
87 27 100.083
87 30 95.0357
87 31 89.9045
87 34 86.7554
87 35 97.534
87 39 97.92
87 40 88.2882
87 41 91.7999
87 47 110.964
87 50 83.8805
87 51 133.468
87 56 101.573
87 57 96.3781
87 60 99.279
87 64 104.973
87 67 100.647
87 70 92.0656
87 71 91.7103
87 75 117.675
87 77 115.518
87 78 91.2572
87 79 94.0966
87 81 98.4949
87 82 108.868
87 83 105.591
87 85 95.0249
87 88 99.2931
87 91 109.542
87 92 88.614
87 94 107.681
88 1 96.0652
88 3 97.9703
88 4 111.535
88 5 105.998
88 6 99.7171
88 7 85.579
88 14 85.1885
88 15 112.618
88 16 105.46
88 20 95.1922
88 23 83.9134
88 28 93.6203
88 29 99.3304
88 33 116.025
88 34 91.042
88 35 105.083
88 37 111.531
88 41 97.5447
88 42 114.511
88 43 111.082
88 44 80.2414
88 49 113.133
88 50 92.2146
88 52 104.986
88 53 108.219
88 54 93.3414
88 55 99.7221
88 60 112.756
88 65 109.087
88 66 87.091
88 69 101.382
88 70 105.059
88 73 108.706
88 74 102.716
88 78 102.19
88 79 102.457
88 80 118.001
88 82 115.377
88 91 84.9499
88 93 99.522
88 95 106.365
88 97 117.297
88 99 99.545
89 0 101.45
89 3 97.5708
89 4 105.665
89 6 97.9305
89 10 94.859
89 11 117
89 12 90.5874
89 15 114.743
89 17 102.379
89 20 102.294
89 21 118.373
89 30 111.149
89 33 105.004
89 34 92.09
89 39 91.6564
89 44 104.955
89 45 96.2551
89 47 97.677
89 49 101.605
89 50 89.7416
89 51 90.8357
89 52 97.7545
89 55 98.7986
89 57 106.187
89 62 107.002
89 69 94.0273
89 74 93.7554
89 77 97.8353
89 78 106.87
89 81 101.661
89 83 89.328
89 84 92.0863
89 92 98.9084
89 93 86.8631
89 95 108.509
89 96 119.999
89 98 72.6131
89 99 101.84
90 1 96.0904
90 2 99.1063
90 3 98.8522
90 10 78.2966
90 11 100.046
90 13 116.574
90 15 110.84
90 23 113.043
90 24 109.681
90 28 116.033
90 36 110.805
90 37 110.915
90 41 105.512
90 43 110.626
90 44 94.019
90 46 107.748
90 47 112.344
90 51 92.0851
90 52 92.6197
90 53 115.351
90 57 91.8421
90 58 93.8716
90 60 111.786
90 63 111.967
90 65 97.5388
90 69 94.0012
90 70 78.0856
90 72 106.755
90 76 93.7038
90 77 89.0974
90 79 103.851
90 80 92.6503
90 89 101.907
90 93 89.4092
90 94 100.481
90 95 79.9482
90 97 86.0364
90 98 110.104
91 2 100.055
91 3 98.8358
91 4 113.902
91 6 90.1213
91 8 82.2677
91 9 105.062
91 10 99.1521
91 18 92.1418
91 19 95.9772
91 20 91.6052
91 25 110.617
91 30 95.4071
91 32 111.543
91 35 103.43
91 38 103.38
91 39 100.679
91 41 102.846
91 43 102.855
91 44 110.13
91 45 92.8114
91 47 97.0668
91 48 89.9335
91 50 100.324
91 51 102.555
91 52 91.4612
91 54 117.667
91 55 102.232
91 57 95.1292
91 59 100.125
91 63 96.0293
91 67 105.562
91 74 104.582
91 76 120.046
91 77 91.8705
91 78 98.2289
91 80 107.808
91 81 119.204
91 82 124.147
91 84 101.963
91 86 88.0077
91 89 116.224
91 90 105.234
91 93 94.3672
91 96 107.405
91 97 105.231
91 98 116.578
91 99 98.7862
92 2 93.1193
92 3 93.6915
92 4 77.7521
92 7 95.6604
92 8 115.801
92 12 95.6792
92 20 114.278
92 23 99.2747
92 24 94.6218
92 27 102.955
92 30 104.323
92 32 98.9007
92 33 114.378
92 36 92.9321
92 40 88.3771
92 43 105.339
92 45 102.734
92 46 100.216
92 47 103.464
92 50 114.744
92 51 106.708
92 56 115.386
92 59 99.6118
92 61 96.7469
92 63 94.3637
92 68 109.229
92 69 103.374
92 71 106.875
92 72 100.551
92 78 113.202
92 81 73.2427
92 84 107.239
92 85 104.342
92 88 82.8811
92 91 105.183
92 97 111.037
92 98 106.466
93 0 102.314
93 1 104.481
93 2 100.767
93 3 81.1401
93 7 106.436
93 8 106.966
93 12 106.685
93 16 105.94
93 18 105.367
93 20 89.3313
93 21 86.6009
93 24 89.2682
93 29 107.791
93 30 111.278
93 31 104.781
93 33 113.187
93 36 124.814
93 37 106.702
93 38 113.95
93 41 78.6897
93 42 107.701
93 45 109.091
93 48 105.965
93 49 107.74
93 57 91.637
93 63 99.6188
93 64 98.0031
93 66 95.8824
93 67 102.258
93 74 121.334
93 75 100.219
93 76 108.601
93 77 88.9512
93 83 106.55
93 87 108.8
93 92 104.169
93 94 95.0454
93 96 117.348
93 97 106.946
94 0 85.8378
94 3 108.817
94 4 105.316
94 13 104.237
94 16 98.0895
94 21 83.3743
94 22 100.833
94 23 114.418
94 26 103.532
94 28 112.609
94 31 114.343
94 32 115.597
94 34 107.093
94 35 93.6687
94 37 119.481
94 40 88.558
94 42 97.8119
94 43 105.201
94 46 110.974
94 49 99.8502
94 51 90.9269
94 54 115.898
94 60 90.0356
94 63 102.71
94 64 91.2732
94 67 97.5977
94 73 76.6897
94 74 86.3615
94 80 88.0359
94 81 108.96
94 82 113.148
94 84 113.682
94 86 90.9157
94 88 106.034
94 89 102.129
94 91 97.6793
94 95 128.662
94 96 106.887
95 0 99.494
95 1 109.447
95 3 96.5629
95 4 84.6345
95 7 100.043
95 8 82.6558
95 9 104.703
95 11 114.464
95 12 105.899
95 13 112.646
95 15 90.0739
95 16 108.051
95 17 99.4005
95 19 109.944
95 20 92.2681
95 23 110.238
95 27 79.7936
95 28 89.6772
95 29 107.731
95 31 89.5508
95 32 92.6904
95 35 97.0295
95 36 104.373
95 37 113.891
95 40 79.5023
95 43 86.2092
95 44 91.2971
95 45 92.6293
95 46 101.562
95 49 109.254
95 51 99.1918
95 52 90.9908
95 53 92.5294
95 57 90.8974
95 58 90.3646
95 59 95.8781
95 63 106.607
95 64 89.2723
95 66 130.465
95 67 98.4171
95 74 113.392
95 77 84.2396
95 78 123.896
95 79 100.589
95 86 96.4084
95 87 91.2908
95 91 89.8618
95 93 87.3669
95 97 91.064
95 98 87.8425
96 2 95.9997
96 4 96.1612
96 8 96.7082
96 13 106.091
96 14 95.6508
96 15 105.954
96 16 86.6362
96 19 114.595
96 20 119.07
96 21 98.0282
96 24 82.7281
96 26 99.1736
96 27 90.3057
96 32 83.5165
96 33 110.53
96 34 111.471
96 37 106.072
96 42 112.853
96 44 114.295
96 45 107.129
96 46 93.1123
96 50 94.2577
96 51 99.9145
96 52 104.798
96 57 90.8531
96 58 111.976
96 61 102.459
96 63 112.719
96 64 93.3356
96 67 99.4132
96 69 98.0259
96 71 94.2271
96 73 95.1858
96 88 91.2442
96 90 89.3274
96 92 95.2802
96 95 97.9824
96 97 117.858
97 3 92.2381
97 5 78.8408
97 7 92.0654
97 13 106.545
97 15 85.2758
97 21 100.724
97 23 81.0653
97 27 91.5733
97 30 131.319
97 33 100.239
97 38 120.861
97 39 101.895
97 43 94.3221
97 47 87.2209
97 50 97.3342
97 51 75.9261
97 53 107.26
97 54 107.123
97 58 104.842
97 59 98.7239
97 63 111.022
97 66 97.7956
97 71 101.015
97 73 110.685
97 75 98.6373
97 77 112.372
97 78 94.6643
97 79 110.566
97 80 115.992
97 81 107.306
97 84 110.305
97 87 101.901
98 0 108.528
98 1 100.649
98 3 108.956
98 8 106.802
98 9 96.961
98 11 95.9392
98 12 116.498
98 13 115.025
98 14 94.4389
98 17 112.017
98 19 91.7636
98 22 104.972
98 25 120.192
98 26 103.509
98 27 98.1095
98 32 99.3173
98 33 94.2598
98 34 116.318
98 35 107.329
98 38 74.0959
98 42 99.8161
98 46 113.694
98 47 98.4974
98 49 95.9426
98 50 109.743
98 51 109.197
98 57 102.41
98 59 120.08
98 61 112.008
98 62 112.393
98 63 96.5395
98 64 92.8768
98 70 88.9053
98 71 103.673
98 72 97.3789
98 73 105.832
98 76 101.561
98 81 102.453
98 83 103.729
98 87 90.6145
98 94 99.7106
98 96 100.918
98 97 106.047
98 99 108.343
99 0 107.556
99 2 89.3722
99 3 101.363
99 7 111.334
99 8 114.811
99 14 91.7269
99 15 117.462
99 16 82.1976
99 18 102.579
99 20 92.1134
99 22 126.485
99 23 103.646
99 24 91.1658
99 27 104.814
99 28 78.3832
99 31 115.532
99 37 101.267
99 39 96.8933
99 42 97.1844
99 43 119.881
99 45 117.549
99 49 109.2
99 51 100.108
99 53 98.2455
99 56 87.304
99 58 95.0402
99 59 95.07
99 60 116.058
99 61 78.1767
99 62 94.5474
99 70 96.7025
99 72 96.92
99 74 94.3224
99 75 107.915
99 77 109.105
99 79 105.88
99 80 94.4601
99 82 66.7991
99 83 98.2184
99 85 106.005
99 86 100.393
99 87 103.227
99 92 107.523
99 94 112.248
99 96 95.4959
99 97 102.829
