50 1058 ND
0 1 109.53
0 2 94.5524
0 3 58.8465
0 4 37.8387
0 5 191.578
0 8 116.443
0 10 0.859413
0 11 79.4284
0 12 133.177
0 14 9.53075
0 15 44.3757
0 17 120.845
0 18 6.28697
0 19 17.0888
0 21 81.2438
0 24 65.7159
0 25 92.8113
0 28 93.4867
0 29 71.046
0 34 222.668
0 37 167.424
0 38 177.889
0 39 91.6711
0 43 181.45
0 46 52.2685
0 47 133.631
0 48 55.6374
0 49 41.1752
1 2 114.392
1 3 1.73561
1 10 313.706
1 12 133.267
1 13 57.1323
1 14 61.0086
1 15 72.3818
1 18 74.2549
1 19 113.743
1 21 87.2513
1 23 122.733
1 26 103.738
1 28 87.8242
1 29 214.438
1 30 23.595
1 31 24.7256
1 37 96.2614
1 38 71.1222
1 39 211.637
1 40 173.543
1 44 4.6103
1 45 47.0522
1 47 54.0945
2 4 157.581
2 6 169.414
2 9 248.152
2 13 158.742
2 17 134.655
2 18 149.233
2 19 140.549
2 21 58.4966
2 22 50.007
2 23 167.177
2 24 174.633
2 26 223.627
2 30 19.569
2 31 99.4348
2 34 70.3632
2 35 64.9741
2 36 19.0819
2 37 61.9361
2 38 125.173
2 39 114.362
2 40 147.337
2 41 148.792
2 46 185.73
3 2 6.34207
3 6 41.3094
3 8 102.324
3 13 250.557
3 15 303.238
3 16 156.83
3 25 4.51016
3 27 67.7861
3 28 221.297
3 33 79.0711
3 34 72.018
3 35 171.808
3 36 62.1247
3 39 32.7308
3 42 290.414
3 44 185.969
3 47 138.339
3 49 21.2185
4 11 76.0425
4 12 82.7735
4 13 122.862
4 14 32.7142
4 15 60.6345
4 18 136.891
4 20 166.144
4 23 192.004
4 25 50.3655
4 27 285.836
4 28 4.16287
4 29 114.6
4 31 198.838
4 35 59.0889
4 39 142.647
4 40 123.317
4 41 88.8308
4 42 40.8387
4 43 172.493
4 44 111.116
4 45 7.27652
4 47 126.477
4 48 57.2798
5 1 96.2461
5 4 119.058
5 6 7.07278
5 12 195.254
5 13 22.8505
5 14 88.2023
5 15 5.9269
5 21 102.237
5 22 267.404
5 25 54.3472
5 27 142.454
5 30 61.0042
5 31 73.0946
5 36 33.9598
5 38 55.5726
5 40 49.7732
5 42 4.21074
5 43 12.6131
5 45 24.6515
5 49 35.9544
6 0 190.619
6 1 230.454
6 4 163.753
6 7 277.671
6 14 178.181
6 16 126.755
6 17 226.343
6 19 242.761
6 20 253.654
6 23 37.1662
6 24 31.7997
6 26 94.6415
6 28 271.04
6 29 147.81
6 35 80.369
6 36 114.838
6 40 53.4235
6 41 83.0888
6 46 223.521
6 47 88.8686
7 0 31.1012
7 1 85.3417
7 2 92.0722
7 3 13.9161
7 5 262.818
7 8 5.04875
7 9 134.149
7 10 213.059
7 11 185.309
7 15 215.981
7 19 68.6002
7 27 266.164
7 32 108.105
7 33 85.6828
7 40 63.538
7 46 184.36
7 47 45.2207
7 48 272.065
7 49 170.301
8 1 186.709
8 2 231.166
8 4 44.1107
8 5 130.997
8 6 137.495
8 9 25.6543
8 13 109.272
8 14 219.587
8 17 172.06
8 18 91.8723
8 19 103.47
8 20 140.312
8 22 130.209
8 23 88.0904
8 26 171.401
8 29 54.1816
8 33 100.376
8 34 66.1872
8 38 188.599
8 39 161.794
8 40 128.267
8 46 126.841
8 47 200.521
8 48 81.482
8 49 62.8831
9 0 188.574
9 1 86.2242
9 4 119.175
9 10 122.887
9 11 211.76
9 12 88.5959
9 13 118.48
9 15 36.9646
9 20 98.6869
9 21 240.211
9 24 78.2692
9 29 184.754
9 30 117.487
9 31 85.5725
9 32 291.318
9 34 197.75
9 37 76.7439
9 38 39.1984
9 39 62.3106
9 40 228.158
9 43 88.6293
10 2 49.7365
10 4 102.408
10 5 148.215
10 6 62.7312
10 8 82.6402
10 12 164.496
10 13 300.268
10 14 20.1448
10 15 120.013
10 17 46.7623
10 18 56.3302
10 27 175.152
10 28 119.072
10 30 34.8079
10 36 102.395
10 39 87.6653
10 41 151.622
10 42 191.277
10 45 241.952
11 1 189.828
11 2 9.50984
11 3 166.368
11 6 216.354
11 8 60.2847
11 10 149.409
11 16 153.214
11 19 97.3059
11 21 119.049
11 22 36.5943
11 23 70.7709
11 26 108.684
11 27 93.2949
11 29 52.8767
11 33 108.745
11 38 46.2204
11 40 59.8282
11 41 6.74178
11 42 233.314
11 43 137.215
11 48 115.616
12 2 49.0418
12 3 173.335
12 6 191.088
12 7 90.3672
12 11 146.758
12 14 230.111
12 15 112.426
12 16 113.615
12 18 128.355
12 25 96.7151
12 30 43.0643
12 33 133.76
12 36 19.8391
12 38 164.479
12 40 181.858
12 41 0.397232
12 44 130.76
12 47 35.4838
12 49 121.201
13 0 160.786
13 7 121.596
13 11 57.5448
13 12 60.134
13 14 54.519
13 16 274.567
13 18 129.496
13 19 83.5187
13 22 57.8356
13 23 43.6036
13 25 44.7002
13 27 111.094
13 28 110.907
13 29 25.4493
13 30 18.4506
13 31 153.827
13 32 44.614
13 37 57.171
13 38 76.4173
13 40 94.1528
13 45 178.281
13 47 130.34
13 49 71.9484
14 2 109.254
14 3 91.9337
14 11 46.6718
14 15 34.0902
14 20 52.0188
14 27 131.83
14 29 10.3844
14 36 181.54
14 37 100.49
14 39 25.974
14 42 49.6885
14 45 19.2546
14 46 6.71017
14 47 42.6504
14 48 97.3749
14 49 227.967
15 8 117.033
15 11 122.542
15 17 37.7019
15 18 15.0553
15 19 93.8387
15 20 83.918
15 23 83.7745
15 25 169.564
15 27 181.137
15 29 211.455
15 31 283.526
15 32 7.98476
15 37 31.4762
15 42 166.94
15 44 7.06745
15 47 90.7127
15 49 28.7095
16 0 44.0688
16 2 112.596
16 8 115.39
16 9 110.653
16 10 55.7334
16 14 116.863
16 15 160.085
16 19 1.55652
16 21 1.68404
16 22 71.5965
16 23 105.369
16 28 200.429
16 31 69.5596
16 34 112.198
16 35 169.392
16 36 19.247
16 37 117.077
16 39 90.7449
16 42 103.82
16 47 103.665
16 48 71.6346
17 1 82.3972
17 3 205.138
17 4 176.36
17 5 57.167
17 7 219.26
17 13 84.8455
17 14 146.068
17 16 119.604
17 19 157.152
17 20 73.0246
17 21 91.6979
17 25 219.697
17 29 120.691
17 30 126.254
17 35 100.164
17 37 65.0724
17 38 55.8628
17 39 222.21
17 44 254.455
17 45 44.2414
17 48 42.4161
18 5 84.423
18 6 52.9356
18 7 82.2609
18 9 90.5785
18 11 261.425
18 14 36.4337
18 16 196.793
18 17 119.818
18 19 6.95021
18 20 29.3636
18 21 127.895
18 22 219.513
18 23 121.164
18 26 110.817
18 28 146.748
18 29 83.379
18 31 64.4258
18 34 151.632
18 38 79.1501
18 41 60.4719
18 42 98.0468
18 43 264.235
18 46 213.405
18 48 90.1143
19 3 22.9737
19 4 103.188
19 5 97.7774
19 9 47.6793
19 10 39.5983
19 12 3.14771
19 14 82.8167
19 22 217.698
19 23 149.554
19 24 91.6995
19 27 34.4517
19 30 53.8878
19 32 156.697
19 33 97
19 34 39.7726
19 35 114.627
19 38 93.5485
19 39 80.8513
19 43 23.489
19 44 26.3311
19 45 67.7126
19 46 83.328
19 47 186.759
19 48 118.848
20 0 245.568
20 1 88.5184
20 3 146.592
20 5 18.9396
20 10 53.5423
20 11 133.983
20 12 174.093
20 13 39.5149
20 16 63.5276
20 21 156.424
20 28 214.901
20 32 64.4898
20 33 72.0025
20 34 253.862
20 35 192.296
20 37 117.592
20 38 149.517
20 39 137.227
20 41 85.6118
20 42 34.8979
20 43 133.198
20 45 124.482
20 47 61.8932
20 49 150.679
21 3 1.49911
21 4 40.5468
21 6 64.6358
21 7 8.65401
21 8 80.3028
21 13 116.939
21 14 165.104
21 15 140.881
21 27 111.561
21 28 35.7154
21 34 84.5669
21 35 91.982
21 36 12.6436
21 41 96.5406
21 44 188.262
22 0 127.003
22 1 137.189
22 4 208.281
22 6 108.067
22 7 228.604
22 9 258.42
22 12 244.615
22 14 140.845
22 15 136.595
22 17 139.119
22 20 125.771
22 21 139.532
22 24 116.112
22 26 27.5807
22 27 115.131
22 29 176.258
22 30 199.567
22 34 129.585
22 40 106.171
22 41 67.226
22 42 105.33
22 43 45.4096
22 44 223.141
22 46 103.261
23 0 296.728
23 3 39.4975
23 7 247.845
23 9 78.6704
23 10 107.571
23 12 213.709
23 17 68.4706
23 20 261.919
23 21 9.26785
23 22 120.742
23 24 47.8264
23 28 162.729
23 29 149.625
23 34 5.51128
23 36 15.0039
23 38 12.0924
23 41 264.471
23 46 72.3622
23 47 79.5598
23 48 66.4781
24 1 19.9509
24 4 21.4424
24 5 45.7742
24 7 27.8091
24 10 172.161
24 11 234.994
24 12 15.9942
24 14 180.348
24 16 87.4713
24 17 26.416
24 18 186.849
24 20 139.532
24 21 120.78
24 25 77.3145
24 27 197.867
24 28 74.9947
24 29 144.561
24 30 84.4708
24 31 58.0037
24 32 60.3919
24 33 104.537
24 35 48.2327
24 36 96.7311
24 40 239.358
24 47 212.282
24 48 88.6801
25 2 110.192
25 6 218.67
25 7 104.401
25 9 295.542
25 10 2.18669
25 11 140.495
25 14 167.516
25 16 166.099
25 18 45.9179
25 19 21.5907
25 20 172.814
25 21 27.0023
25 22 152.285
25 23 249.559
25 26 149.723
25 27 122.979
25 29 201.784
25 31 188.403
25 35 36.0299
25 36 111.112
25 37 108.996
25 38 220.294
25 39 39.7304
25 41 84.3961
25 44 157.141
25 47 99.2032
25 48 7.71783
26 0 24.4871
26 3 91.6489
26 4 146.693
26 9 5.381
26 10 32.2246
26 12 105.601
26 13 214.437
26 16 4.25375
26 17 61.555
26 20 141.507
26 21 156.92
26 23 137.372
26 24 268.093
26 30 136.5
26 31 254.033
26 32 117.965
26 33 59.3677
26 36 2.69913
26 37 91.011
26 40 84.2549
26 41 56.9981
26 44 19.053
26 46 122.699
26 47 12.936
26 48 133.619
26 49 295.327
27 0 22.5407
27 1 44.0572
27 2 51.0884
27 6 163.883
27 9 76.7374
27 12 278.141
27 16 19.6624
27 18 55.1143
27 20 61.1765
27 23 117.669
27 26 59.1134
27 29 157.636
27 31 44.4082
27 32 170.041
27 34 197.659
27 37 21.6665
27 39 78.3874
27 41 231.421
27 43 23.7321
27 46 29.2825
27 48 151.847
28 2 38.4475
28 5 61.361
28 7 126.753
28 8 143.085
28 11 72.5139
28 12 92.3169
28 17 67.8459
28 19 63.0056
28 26 87.079
28 32 189.109
28 33 145.901
28 34 95.0017
28 45 69.0925
28 46 43.7021
28 47 167.536
28 48 11.4758
28 49 183.576
29 2 282.49
29 3 1.59166
29 5 25.9188
29 10 20.2575
29 12 237.475
29 16 107.925
29 19 23.5182
29 20 31.9866
29 26 40.9112
29 34 81.2912
29 35 84.6365
29 37 124.144
29 39 200.382
29 40 84.5015
29 41 140.392
29 42 169.842
29 47 113.439
29 48 8.25439
29 49 7.31363
30 0 147.597
30 3 132.048
30 4 209.812
30 6 181.457
30 7 35.9113
30 8 2.08996
30 14 159.882
30 16 66.9637
30 18 131.57
30 20 25.2534
30 25 189.506
30 28 33.8849
30 29 112.822
30 33 27.9064
30 36 102.504
30 37 5.94455
30 39 175.581
30 44 11.0865
30 45 151.15
30 47 43.8208
30 48 176.88
30 49 150.155
31 0 152.516
31 3 127.197
31 6 82.7212
31 7 80.0506
31 10 60.8501
31 11 56.3872
31 14 165.776
31 19 94.2721
31 20 137.701
31 21 104.691
31 22 94.5553
31 28 5.26939
31 29 142.116
31 30 159.648
31 32 22.3683
31 34 51.2204
31 36 33.078
31 38 66.7307
31 40 114.436
31 41 276.595
31 43 172.36
31 44 125.801
31 46 18.8378
31 48 107.168
31 49 92.9311
32 1 70.6754
32 2 1.23615
32 3 4.98501
32 4 42.3387
32 6 129.145
32 8 47.4951
32 10 3.46299
32 11 8.84396
32 12 2.19617
32 16 4.15817
32 17 115.621
32 18 68.7389
32 21 71.2274
32 22 149.161
32 23 85.3794
32 25 69.9591
32 29 84.6843
32 33 20.2401
32 35 6.15769
32 36 143.015
32 38 64.1546
32 39 94.7528
32 41 1.4554
32 43 64.2102
32 45 91.3833
32 49 221.223
33 0 118.73
33 2 289.833
33 6 178.326
33 9 7.65875
33 10 121.389
33 13 159.448
33 14 36.516
33 15 69.0907
33 16 181.8
33 17 70.4587
33 18 17.7821
33 21 146.916
33 22 97.8028
33 23 31.2209
33 25 24.4186
33 27 136.772
33 29 196.591
33 31 38.1172
33 34 74.2174
33 36 185.77
33 42 125.73
33 43 1.74256
33 44 126.305
33 45 62.3848
33 47 168.111
33 49 38.1126
34 1 14.0555
34 4 137.181
34 5 24.8075
34 6 138.061
34 7 26.0626
34 10 136.557
34 11 187.44
34 12 94.7789
34 13 119.814
34 15 146.952
34 24 78.9289
34 25 170.079
34 26 92.7674
34 30 133.422
34 32 39.7953
34 39 36.1307
34 40 196.202
34 43 116.399
34 49 317.293
35 1 8.09914
35 5 19.3666
35 7 92.661
35 10 28.3244
35 11 194.812
35 12 25.6804
35 18 110.274
35 23 194.912
35 26 161.146
35 30 113.643
35 31 157.783
35 33 179.355
35 34 164.989
35 37 159.636
35 38 22.148
35 40 234.251
35 42 146.571
35 43 2.22073
35 44 171.747
35 48 7.18672
36 0 100.084
36 1 42.3551
36 8 62.4312
36 9 239.073
36 11 104.781
36 15 106.432
36 17 21.3277
36 18 164.342
36 19 68.235
36 20 105.471
36 22 257.667
36 27 83.709
36 29 5.5157
36 34 36.2992
36 35 340.327
36 43 97.4795
36 44 41.5648
36 45 57.4417
36 46 32.5229
36 47 60.1131
37 4 103.955
37 8 17.8885
37 10 3.55376
37 11 62.7429
37 12 40.7369
37 18 154.218
37 19 63.0598
37 21 246.335
37 22 131.304
37 23 181.049
37 24 101.318
37 28 66.8191
37 31 163.044
37 32 21.6838
37 33 17.3427
37 36 29.3977
37 40 154.691
37 42 192.56
37 44 98.3221
37 45 217.265
37 47 38.875
38 3 11.0292
38 4 132.19
38 6 233.025
38 7 220.456
38 15 125.649
38 16 114.129
38 21 40.8086
38 22 48.0682
38 24 174.686
38 26 218.792
38 27 94.2858
38 30 65.2222
38 33 24.1357
38 34 178.884
38 36 77.5394
38 41 123.21
38 42 227.938
38 43 219.97
38 48 113.162
39 5 182.164
39 7 124.779
39 11 97.5701
39 12 178.818
39 13 64.9982
39 15 85.196
39 18 125.908
39 21 228.122
39 22 183.863
39 23 18.5619
39 24 136.879
39 31 219.147
39 33 96.133
39 35 8.19434
39 36 76.5501
39 38 7.85345
39 40 83.1329
39 42 40.9675
39 45 39.5789
39 48 164.092
39 49 110.8
40 0 160.229
40 14 73.1663
40 15 94.4771
40 16 243.396
40 17 129.933
40 18 77.3691
40 20 61.9103
40 23 27.2904
40 25 197.956
40 27 126.466
40 28 157.332
40 30 255.068
40 32 94.246
40 33 45.0341
40 36 97.6
40 38 130.246
40 44 184.977
40 48 103.886
41 3 125.769
41 5 216.291
41 7 53.5102
41 9 75.5131
41 13 64.65
41 14 56.4346
41 16 147.605
41 17 59.0335
41 19 212.794
41 24 115.99
41 30 36.1162
41 33 17.1729
41 34 146.607
41 35 129.239
41 36 7.5199
41 37 148.343
41 40 59.4391
41 42 171.892
41 44 15.1047
41 45 179.659
42 0 121.152
42 1 5.48929
42 2 55.883
42 7 64.2861
42 8 10.8932
42 17 113.14
42 19 43.5874
42 21 173.105
42 23 108.496
42 24 46.017
42 25 122.987
42 26 35.2098
42 28 17.5519
42 32 83.4018
42 45 212.629
42 46 137.444
42 48 178.238
43 1 181.161
43 6 137.597
43 7 82.9158
43 8 170.34
43 10 2.64978
43 12 118.551
43 13 117.972
43 14 78.634
43 16 44.2591
43 21 66.4894
43 23 146.197
43 24 230.026
43 25 94.8027
43 26 170.982
43 28 9.82578
43 29 179.089
43 30 188.473
43 39 148.335
43 40 63.729
43 41 5.06216
43 42 108.61
43 45 23.5068
43 47 50.5537
44 2 90.2417
44 5 10.122
44 6 37.4032
44 7 142.03
44 8 91.3981
44 9 20.7516
44 11 103.954
44 13 285.802
44 14 151.837
44 16 66.8418
44 18 27.9824
44 23 7.24135
44 24 117.117
44 27 89.2189
44 28 117.41
44 29 58.6326
44 32 188.867
44 34 87.3925
44 39 47.4583
44 42 0.128365
44 43 101.199
44 46 155.085
44 47 177.327
44 48 19.0808
45 0 24.3387
45 2 97.0994
45 3 0.369904
45 6 81.8248
45 7 137.55
45 8 109.067
45 9 48.8593
45 15 62.2296
45 21 110.532
45 22 55.7278
45 23 36.519
45 24 173.706
45 25 45.554
45 26 191.305
45 27 114.94
45 31 51.1803
45 34 300.145
45 35 357.782
45 40 0.12323
45 46 39.2414
45 48 158.279
45 49 40.9803
46 3 132.775
46 5 35.0455
46 9 163.477
46 11 88.3415
46 13 17.895
46 15 183.791
46 16 195.115
46 17 39.0232
46 20 173.562
46 21 193.799
46 24 63.1153
46 25 148.933
46 29 57.0034
46 30 6.907
46 32 210.516
46 33 79.9601
46 35 68.7217
46 37 196.191
46 38 270.309
46 39 240.22
46 40 174.493
46 41 123.222
46 47 91.6033
47 2 155.8
47 5 173.983
47 9 153.128
47 11 204.856
47 17 100.465
47 22 120.316
47 34 111.321
47 35 334.214
47 38 190.75
47 39 19.7103
47 41 74.2604
47 42 31.0602
47 49 274.396
48 1 30.6743
48 2 59.8131
48 3 139.486
48 5 29.9103
48 6 69.8973
48 9 40.3927
48 10 137.822
48 12 72.9208
48 13 129.003
48 15 130.171
48 32 34.49
48 34 18.225
48 37 158.677
48 41 16.5774
48 46 106.934
48 49 2.20969
49 2 213.008
49 4 170.945
49 6 274.837
49 11 98.0231
49 17 87.1288
49 18 40.135
49 19 237.502
49 21 130.479
49 22 101.037
49 23 102.379
49 25 12.4829
49 35 193.738
49 36 16.1679
49 37 137.76
49 38 150.257
49 41 90.4237
49 42 17.4884
49 43 153.123
49 44 114.655
