50 1058 ND
0 1 116.413
0 2 97.1789
0 4 95.1329
0 6 108.441
0 16 112.095
0 17 106.861
0 21 112.22
0 23 109.789
0 29 109.773
0 36 111.066
0 39 112.995
0 41 89.9964
0 43 98.1669
0 44 95.9122
0 46 98.4926
0 47 85.7804
0 48 95.8838
1 4 104.357
1 6 95.5684
1 8 103.841
1 10 93.9473
1 11 99.6
1 14 110.349
1 15 101.056
1 17 96.8128
1 20 80.6595
1 21 96.2073
1 22 112.907
1 29 106.496
1 31 87.8587
1 33 99.872
1 39 116.776
1 41 98.9605
1 43 116.58
1 47 106.681
1 48 111.705
1 49 107.553
2 1 102.201
2 3 120.52
2 10 107.502
2 12 99.9104
2 14 80.4502
2 19 96.5225
2 21 130.32
2 22 110.969
2 23 103.571
2 24 101.558
2 26 100.137
2 28 86.7539
2 34 76.7238
2 35 95.7872
2 37 99.9406
2 38 90.3022
2 41 101.865
2 42 85.9507
2 44 105.396
2 46 93.6087
3 0 99.1969
3 1 96.8567
3 4 89.9926
3 5 119.332
3 10 90.3048
3 13 109.656
3 15 109.999
3 16 98.4548
3 18 97.4421
3 19 89.5522
3 20 106.571
3 23 78.9433
3 24 98.0904
3 31 124.185
3 32 100.703
3 33 95.6354
3 38 115.617
3 39 91.7971
3 45 93.7377
3 49 92.4871
4 2 95.508
4 7 93.2271
4 8 113.416
4 17 86.1996
4 18 99.4901
4 21 112.312
4 25 102.616
4 27 77.9508
4 29 91.6747
4 31 104.098
4 33 110.518
4 37 121.273
4 38 95.6347
4 39 118.242
4 41 101.775
4 42 106.583
4 43 105.286
4 45 110.173
4 46 83.0601
4 48 110.475
4 49 113.102
5 2 92.0479
5 4 119.998
5 6 104.119
5 10 106.766
5 11 112.906
5 12 93.2407
5 13 84.766
5 14 88.5854
5 18 112.315
5 19 100.726
5 22 93.8368
5 23 101.239
5 27 107.716
5 29 114.174
5 30 99.5875
5 33 108.324
5 35 104.021
5 37 111.947
5 41 101.291
5 42 89.1093
5 44 106.2
5 46 97.4422
5 47 105.988
5 48 88.1613
6 2 100.363
6 3 118.605
6 4 109.376
6 7 103.676
6 10 90.2359
6 12 100.822
6 13 82.3782
6 16 105.628
6 17 102.446
6 19 121.658
6 24 90.0223
6 27 109.885
6 30 92.5289
6 34 79.5388
6 35 114.627
6 38 87.1794
6 46 98.5435
6 48 94.6026
7 0 102.121
7 1 76.3856
7 2 83.2221
7 3 103.591
7 10 103.67
7 11 105.986
7 12 94.7599
7 13 92.9393
7 14 107.479
7 15 98.8394
7 16 108.042
7 18 91.772
7 19 105.733
7 20 113.718
7 23 106.53
7 26 93.3585
7 27 130.413
7 29 95.7342
7 33 72.601
7 34 103.529
7 36 75.9999
7 37 89.3814
7 38 98.278
7 45 82.5624
7 46 114.274
8 0 115.903
8 3 88.9476
8 5 93.9245
8 6 111.118
8 7 90.0246
8 9 111.797
8 11 111.515
8 12 101.615
8 13 107.34
8 20 91.2787
8 21 103.043
8 23 95.058
8 24 85.0503
8 26 91.1483
8 30 102.52
8 31 91.4129
8 33 100.506
8 35 96.6189
8 36 109.295
8 41 98.1815
8 42 79.2131
8 45 98.8333
8 46 100.357
9 0 106.697
9 1 106.645
9 2 94.7431
9 3 96.1526
9 4 107.803
9 6 122.191
9 7 115.793
9 12 101.402
9 13 93.795
9 16 88.1433
9 17 87.1195
9 19 86.7006
9 21 110
9 27 102.034
9 30 96.0464
9 33 95.653
9 34 88.1931
9 35 92.0232
9 36 74.75
9 38 108.633
9 42 119.091
9 45 96.6504
9 46 99.4067
9 47 102.49
9 49 104.428
10 0 96.1314
10 4 103.038
10 8 93.9617
10 12 98.2269
10 18 105.116
10 23 96.1663
10 24 95.2682
10 26 93.5221
10 27 106.514
10 28 102.302
10 30 101.885
10 40 55.2405
10 43 105.199
10 45 98.4885
11 2 91.3914
11 3 91.7394
11 4 106.08
11 6 93.9628
11 9 80.7164
11 10 88.1564
11 14 94.5783
11 15 103.416
11 16 109.777
11 17 96.9745
11 22 101.546
11 27 95.6286
11 28 122.601
11 34 97.0764
11 36 102.42
11 37 100.717
11 38 98.0365
11 41 109.917
11 45 86.3571
11 46 75.5914
12 0 90.982
12 1 96.14
12 3 102.53
12 13 105.297
12 14 103.949
12 15 97.2204
12 18 105.929
12 24 100.147
12 27 97.3414
12 29 104.48
12 30 101.337
12 33 88.1899
12 34 98.8769
12 35 90.1113
12 40 105.38
12 41 86.0514
12 43 107.329
12 45 104.376
12 46 121.923
12 49 108.073
13 1 92.1201
13 10 112.785
13 11 93.3895
13 14 114.118
13 15 86.7825
13 18 98.2612
13 20 76.0353
13 21 90.3656
13 26 81.9189
13 27 100.504
13 28 76.9838
13 30 90.2377
13 32 98.4123
13 33 88.5294
13 35 98.0794
13 36 104.871
13 40 116.722
13 41 93.6087
13 42 109.865
13 45 96.2163
13 46 107.545
13 47 104.159
13 49 100.953
14 0 119.079
14 3 98.6237
14 4 84.9917
14 9 93.2712
14 10 110.872
14 15 115.918
14 16 105.317
14 18 93.2567
14 21 106.471
14 23 91.4817
14 27 113.139
14 28 103.896
14 30 111.122
14 31 101.442
14 34 90.2203
14 35 90.0162
14 36 94.388
14 37 100.813
14 40 92.2167
14 41 80.4476
14 47 85.992
14 49 105.161
15 0 114.385
15 2 92.6093
15 4 86.3988
15 5 99.6684
15 6 92.429
15 10 96.7315
15 18 116.43
15 19 96.5704
15 23 104.109
15 25 96.7522
15 26 100.539
15 28 97.4804
15 29 96.2272
15 31 111.919
15 37 97.9855
15 38 87.399
15 42 105.038
15 46 96.4675
16 1 112.333
16 4 82.6182
16 5 93.1349
16 10 91.716
16 12 105.077
16 13 105.442
16 15 110.251
16 17 83.6407
16 19 101.408
16 20 98.7083
16 21 84.968
16 22 101.095
16 25 113.72
16 31 87.9049
16 32 90.9664
16 33 94.2558
16 35 87.7498
16 38 113.323
16 42 106.086
16 45 104.5
16 46 97.5997
17 3 99.6015
17 5 98.5717
17 7 93.321
17 8 93.9775
17 10 89.3987
17 12 108.986
17 13 88.5382
17 14 87.9847
17 15 125.445
17 18 100.628
17 19 104.571
17 22 91.976
17 26 115.432
17 27 125.536
17 29 97.4453
17 30 96.5364
17 32 109.801
17 34 87.9425
17 35 110.624
17 41 102.019
17 44 94.2534
17 46 91.7872
17 47 100.325
18 0 101.124
18 1 101.334
18 2 94.358
18 6 90.5293
18 8 71.0184
18 11 99.0112
18 16 80.7104
18 19 85.5806
18 24 109.96
18 25 94.4676
18 28 109.514
18 29 97.9803
18 31 97.1292
18 36 95.5842
18 37 96.3461
18 40 114.166
18 43 121.008
18 47 88.4736
19 0 111.57
19 1 97.4369
19 4 101.582
19 8 100.861
19 10 100.301
19 11 100.008
19 12 87.6513
19 13 101.644
19 20 101.547
19 22 113.515
19 27 122.533
19 28 93.9731
19 29 105.774
19 38 105.476
19 41 89.0705
19 43 99.3746
19 44 110.296
19 46 83.2153
20 0 93.3607
20 5 111.498
20 6 101.216
20 9 101.942
20 10 100.338
20 11 102.068
20 12 91.7128
20 15 106.635
20 17 111.496
20 18 112.522
20 30 100.141
20 31 97.4383
20 32 91.2703
20 33 104.811
20 35 98.5788
20 40 85.9634
20 45 95.848
20 46 98.7773
20 49 90.6685
21 3 107.101
21 5 113.937
21 6 97.0363
21 7 106.935
21 11 94.724
21 12 90.9423
21 15 103.708
21 20 101.591
21 23 115.027
21 24 97.0661
21 28 104.97
21 32 83.649
21 33 98.043
21 35 98.7549
21 36 99.9348
21 40 101.922
21 42 107.507
21 45 101.935
21 47 114.748
21 49 96.0856
22 0 95.8229
22 6 91.7455
22 7 73.4908
22 8 89.086
22 9 99.9635
22 10 114.43
22 12 118.773
22 13 98.737
22 14 121.259
22 21 104.662
22 26 87.9364
22 29 81.3881
22 30 102.142
22 32 107.811
22 33 107.198
22 35 85.3043
22 36 101.526
22 37 113.939
22 41 104.399
22 42 82.2333
22 43 96.9783
22 44 107.976
22 46 116.195
22 47 91.3102
22 48 98.66
22 49 91.7253
23 1 98.1651
23 4 105.411
23 9 111.664
23 11 87.302
23 12 81.0645
23 17 87.3438
23 18 107.978
23 20 89.0162
23 22 111.615
23 24 101.752
23 27 96.0613
23 28 111.166
23 33 99.3061
23 35 84.0559
23 36 97.7692
23 42 86.6655
23 43 96.1036
23 46 109.112
24 0 92.7776
24 1 108.679
24 4 85.6533
24 7 87.7033
24 9 111.78
24 11 95.0241
24 13 106.629
24 14 105.602
24 16 102.98
24 17 121.718
24 19 101.047
24 20 97.5714
24 22 94.0602
24 29 89.8202
24 30 98.1467
24 35 108.63
24 37 82.7096
24 43 114.479
24 45 95.2693
24 46 85.0927
24 49 98.4981
25 0 89.953
25 3 99.6725
25 6 94.9863
25 7 101.294
25 8 86.0741
25 12 95.8963
25 17 87.2124
25 19 103.576
25 20 119.819
25 21 117.529
25 22 124.116
25 23 93.6678
25 26 105.127
25 27 107.139
25 29 96.9164
25 34 113.634
25 36 117.259
25 37 96.6622
25 42 96.3011
25 44 89.2318
25 45 84.7023
25 49 93.2117
26 0 98.0398
26 1 105.446
26 3 91.8151
26 4 106.408
26 5 101.957
26 6 109.226
26 9 103.504
26 11 116.094
26 12 95.1386
26 14 108.101
26 16 111.931
26 18 91.6586
26 19 96.0972
26 20 95.7288
26 21 94.9112
26 27 101.615
26 31 95.8209
26 32 101.263
26 37 89.6813
26 39 102.437
26 47 107.925
27 0 90.4655
27 1 118.298
27 2 77.7547
27 3 98.8384
27 8 101.491
27 15 109.396
27 16 99.0537
27 18 108.075
27 20 101.253
27 21 104.061
27 24 95.9452
27 28 92.4224
27 30 117.658
27 32 101.195
27 34 105.855
27 35 114.772
27 37 98.8526
27 38 97.3512
27 39 105.064
27 41 87.7074
27 42 102.359
27 43 104.037
27 45 91.5334
27 47 96.183
27 48 105.871
28 0 99.1772
28 1 103.469
28 4 104.043
28 5 105.216
28 6 90.6976
28 7 103.559
28 8 109.589
28 9 91.3624
28 12 93.9449
28 17 94.022
28 22 96.8617
28 24 117.89
28 25 98.9083
28 26 95.4869
28 30 92.3417
28 35 112.931
28 38 93.4209
28 40 98.5922
28 41 102.599
28 44 103.425
28 46 110.77
28 48 108.63
28 49 75.4399
29 2 89.2
29 3 87.4445
29 9 90.6036
29 10 88.8312
29 13 99.1911
29 16 102.478
29 20 103.228
29 21 90.0223
29 23 108.168
29 26 104.518
29 27 93.4211
29 28 93.9831
29 30 77.721
29 31 121.211
29 32 103.012
29 34 96.2395
29 39 112.923
29 41 103.187
29 45 98.0261
30 0 99.6341
30 1 84.288
30 2 97.5108
30 4 116.748
30 7 112.949
30 11 105.253
30 15 95.9177
30 18 100.461
30 19 95.5818
30 25 104.524
30 26 114.359
30 43 125.444
30 45 114.768
30 46 107.238
31 0 107.549
31 2 111.771
31 5 91.2738
31 6 88.9879
31 9 113.604
31 10 115.736
31 11 96.3511
31 12 116.513
31 19 101.32
31 21 81.9881
31 22 98.6162
31 23 102.801
31 24 103.431
31 25 83.7281
31 27 88.5536
31 28 110.014
31 32 79.0147
31 33 109.028
31 34 112.167
31 35 102.874
31 40 97.8861
31 42 96.027
31 43 106.888
31 44 88.9906
31 45 113.182
31 47 86.3059
31 48 93.9417
31 49 105.668
32 0 78.7101
32 1 92.1081
32 2 116.123
32 4 84.2986
32 6 108.807
32 9 100.668
32 10 100.462
32 11 85.7755
32 12 96.2017
32 14 104.06
32 15 102.077
32 18 94.4598
32 19 113.324
32 23 104.566
32 24 111.902
32 25 103.738
32 30 89.9218
32 33 107.274
32 39 85.1362
32 40 94.8528
32 43 113.773
32 47 104.023
32 48 109.028
32 49 79.1846
33 2 94.4745
33 6 91.5773
33 10 107.391
33 11 83.6595
33 14 76.1598
33 18 85.6218
33 19 112.896
33 24 104.219
33 25 100.839
33 26 99.3618
33 27 114.798
33 28 120.727
33 30 100.628
33 36 104.553
33 38 105.564
34 0 91.7837
34 3 101.22
34 4 105.487
34 5 103.049
34 8 99.5532
34 10 99.7241
34 13 109.484
34 15 85.554
34 18 102.872
34 19 113.123
34 21 100.398
34 23 95.4632
34 24 93.373
34 26 89.4042
34 28 83.3188
34 32 88.4418
34 33 103.16
34 42 89.5631
34 44 105.632
34 45 102.955
34 48 94.9372
34 49 94.6438
35 1 113.889
35 3 87.3113
35 7 105.116
35 10 101.912
35 11 105.885
35 18 93.9264
35 19 106.128
35 25 80.285
35 26 108.602
35 29 75.325
35 30 102.584
35 32 109.238
35 33 110.684
35 39 82.5228
35 40 83.3425
35 42 90.92
35 44 102.268
35 45 102.343
35 46 105.575
36 1 105.018
36 2 107.186
36 3 90.2065
36 4 107.197
36 5 106.237
36 6 102.687
36 10 93.4808
36 12 108.771
36 15 103.268
36 19 98.0452
36 20 96.7525
36 24 98.8561
36 26 91.381
36 27 110.979
36 28 104.955
36 30 95.4858
36 31 102.838
36 32 111.077
36 34 95.1168
36 35 96.9313
36 37 101.387
36 40 87.0093
36 41 89.7601
36 42 104.804
36 44 97.9747
36 47 104.404
36 48 110.16
36 49 76.6034
37 0 98.4666
37 1 102.563
37 3 93.4377
37 6 103.189
37 8 94.0828
37 9 101.829
37 10 95.1202
37 12 97.3489
37 13 92.8196
37 16 95.6139
37 17 78.8525
37 19 108.539
37 20 94.2751
37 21 88.7638
37 28 82.4903
37 29 104.21
37 30 84.9641
37 32 111.34
37 34 92.7568
37 35 113.726
37 39 111.831
37 40 88.9313
37 43 131.58
37 45 95.7551
37 46 94.5247
37 47 93.1754
37 48 106.033
37 49 108.82
38 1 112.416
38 5 92.6771
38 8 88.4667
38 10 104.52
38 12 91.5446
38 13 91.5352
38 14 102.599
38 17 92.513
38 18 91.9864
38 22 98.6794
38 23 100.317
38 24 87.6005
38 25 100.209
38 26 93.4341
38 29 88.7534
38 30 104.083
38 31 89.1271
38 34 75.57
38 35 76.4196
38 36 95.115
38 39 100.133
38 42 94.582
38 44 103.287
38 46 107.72
38 47 110.59
38 49 93.7152
39 2 107.01
39 6 97.5417
39 8 87.567
39 9 98.8493
39 10 104.503
39 11 116.53
39 12 110.555
39 13 83.9274
39 14 86.9011
39 15 89.16
39 16 96.2455
39 17 78.8571
39 18 102.599
39 20 99.7951
39 22 99.4148
39 24 118.391
39 25 100.628
39 28 102.012
39 30 101.041
39 33 90.5694
39 36 113.972
39 41 94.4586
39 42 93.4763
39 43 104.16
39 45 114.036
39 48 108.019
40 0 99.5701
40 1 88.2427
40 2 102.833
40 4 88.8842
40 5 113.426
40 6 109.193
40 7 80.3936
40 8 101.619
40 9 103.797
40 16 102.811
40 17 95.2715
40 19 96.9073
40 22 99.7751
40 23 92.7355
40 24 90.3203
40 25 90.6464
40 26 85.6433
40 27 94.7382
40 29 100.161
40 33 111.172
40 34 112.15
40 38 109.966
40 41 95.7494
40 45 98.559
41 7 92.3935
41 10 92.4544
41 16 92.5141
41 18 97.3863
41 20 85.4687
41 21 86.3946
41 23 100.751
41 26 85.4931
41 30 97.3966
41 31 111.617
41 32 96.4287
41 33 98.4805
41 34 98.4286
41 35 109.066
41 37 91.5165
41 38 82.4312
41 46 106.734
41 49 99.6927
42 1 94.591
42 6 110.692
42 10 92.572
42 12 97.3175
42 17 108.895
42 18 110.091
42 19 127.548
42 20 100.398
42 29 101.17
42 30 105.213
42 32 72.2823
42 37 98.787
42 41 104.191
42 44 76.4979
42 45 100.565
42 46 85.0886
42 49 100.979
43 2 102.106
43 3 93.1619
43 5 114.309
43 6 90.5742
43 8 109.196
43 9 104.242
43 11 95.4384
43 13 106.646
43 14 69.8115
43 15 107.379
43 17 89.1247
43 20 89.4773
43 25 102.14
43 26 114.555
43 29 114.238
43 33 99.4046
43 34 90.7996
43 35 100.235
43 38 89.3377
43 40 90.2511
43 41 94.6414
43 42 95.5367
43 44 107.421
43 45 96.8466
43 48 114.208
43 49 111.369
44 1 95.2019
44 3 88.4853
44 7 99.3265
44 10 99.5147
44 13 94.3584
44 15 100.331
44 16 102.864
44 18 86.8739
44 20 95.5065
44 23 101.053
44 24 107.811
44 26 107.536
44 27 76.3895
44 29 89.9306
44 30 116.427
44 40 104.461
44 41 109.442
44 48 99.6521
44 49 104.038
45 0 97.8076
45 1 78.1786
45 2 82.7519
45 5 113.437
45 6 99.1217
45 14 86.8029
45 18 82.4846
45 19 117.374
45 22 104.967
45 26 103.762
45 28 99.5589
45 32 93.9954
45 33 105.975
45 44 93.154
45 46 110.069
45 48 93.6904
45 49 109.99
46 1 106.793
46 3 69.9341
46 10 93.0535
46 14 110.795
46 18 96.2751
46 21 91.8298
46 25 97.0334
46 26 99.6301
46 27 88.8212
46 29 114.495
46 31 99.6355
46 32 115.62
46 34 99.9885
46 36 120.901
46 39 105.36
46 40 103.108
46 43 96.5331
46 44 94.1052
47 2 84.8822
47 3 101.734
47 4 101.821
47 6 109.828
47 7 105.281
47 8 103.463
47 10 108.008
47 15 118.285
47 16 106.34
47 19 105.061
47 20 82.0522
47 23 80.3584
47 24 102.244
47 28 94.2747
47 29 89.4036
47 30 120.922
47 34 91.3397
47 35 98.3975
47 39 92.3979
47 41 90.2118
47 42 93.9448
47 43 93.1986
47 44 100.282
47 49 93.6165
48 2 98.7695
48 3 103.455
48 8 104.928
48 9 103.416
48 10 93.0115
48 11 95.3423
48 12 103.992
48 13 100.554
48 14 90.3549
48 16 96.8548
48 17 94.8034
48 18 104.149
48 20 111.688
48 21 108.186
48 23 98.7827
48 24 116.527
48 25 98.9288
48 26 94.3361
48 29 108.335
48 33 101.343
48 35 90.0622
48 40 98.6735
48 42 84.3501
48 46 105.74
49 0 102.911
49 2 81.387
49 6 89.9736
49 7 103.399
49 8 93.2507
49 10 96.8618
49 11 95.8667
49 15 94.1211
49 16 103.423
49 17 98.8842
49 23 103.892
49 29 91.5603
49 30 114.775
49 33 98.0954
49 35 100.297
49 46 105.308
49 48 92.1659
