50 1058 ND
0 5 87.7201
0 7 64.3518
0 9 73.7919
0 16 140.228
0 19 99.1971
0 21 83.0045
0 25 91.4963
0 26 142.321
0 30 73.1688
0 31 119.613
0 34 87.1082
0 38 68.86
0 39 84.7821
0 40 94.9757
0 44 101.317
0 45 67.613
0 47 108.48
1 0 112.071
1 6 92.725
1 8 88.7802
1 9 115.105
1 11 130.941
1 12 81.3488
1 13 100.735
1 16 116.514
1 20 86.2404
1 21 142.31
1 22 104.221
1 23 104.056
1 24 91.577
1 25 126.882
1 26 111.147
1 28 117.298
1 29 123.401
1 31 104.916
1 33 100.814
1 35 132.179
1 38 94.7247
1 40 119.782
1 42 150.542
1 45 120.198
1 49 101.683
2 0 118.425
2 1 102.954
2 3 65.4698
2 5 100.021
2 9 97.5314
2 11 115.251
2 13 75.7093
2 14 108.096
2 15 79.2545
2 17 79.2105
2 18 97.2543
2 19 111.151
2 20 124.95
2 22 88.4827
2 23 122.915
2 24 97.0798
2 25 85.8783
2 27 133.726
2 30 98.0852
2 31 86.9935
2 32 112.405
2 39 103.932
2 41 117.859
2 43 119.916
2 44 99.1615
2 46 92.7549
2 48 47.5054
3 1 108.197
3 4 110.178
3 7 110.755
3 8 111.565
3 9 75.8528
3 10 121.713
3 12 94.4193
3 13 86.5079
3 14 94.145
3 17 111.251
3 18 122.402
3 22 92.9585
3 23 109.135
3 26 76.7118
3 29 103.988
3 30 126.489
3 31 125.673
3 34 100.528
3 39 91.8916
3 40 107.154
3 41 118.788
3 44 94.9004
3 47 109.629
4 0 74.4057
4 1 73.847
4 2 72.2888
4 5 76.1045
4 9 109.099
4 11 86.4852
4 12 93.6688
4 15 82.5333
4 16 128.466
4 17 73.0387
4 20 123.419
4 21 84.5666
4 23 93.3615
4 24 141.17
4 28 94.9026
4 29 90.2737
4 33 119.006
4 34 138.189
4 35 82.8466
4 38 93.9303
4 41 95.3656
4 42 138.174
4 46 104.105
4 48 94.5305
5 1 100.291
5 6 113.655
5 7 93.1664
5 8 57.5694
5 14 99.1465
5 17 118.134
5 19 98.1845
5 22 102.493
5 23 106.667
5 25 118.253
5 26 104.346
5 27 97.5127
5 29 109.245
5 31 88.331
5 33 90.4248
5 34 109.159
5 36 93.4744
5 37 142.199
5 40 127.053
5 42 84.4777
5 43 124.595
5 46 103.482
5 47 115.375
5 48 147.407
6 0 99.4426
6 2 140.057
6 3 123.837
6 4 114.607
6 7 128.101
6 10 93.6297
6 15 106.422
6 16 132.122
6 18 95.4034
6 19 83.6067
6 22 133.019
6 24 128.838
6 26 101.812
6 30 92.0707
6 31 80.3099
6 35 67.7409
6 39 117.428
6 41 99.9411
6 42 126.17
6 47 105.172
6 49 117.99
7 1 100.916
7 2 51.4915
7 10 99.581
7 11 74.3051
7 12 75.6801
7 13 105.855
7 15 92.9775
7 16 77.036
7 17 81.9269
7 19 80.2094
7 21 99.1163
7 22 114.594
7 25 87.2757
7 26 102.443
7 29 95.6978
7 30 128.199
7 40 93.2108
7 42 103.691
7 46 106.675
7 47 58.7161
8 2 119.518
8 6 112.644
8 7 115.53
8 11 127.611
8 12 98.5676
8 23 99.5734
8 24 119.163
8 28 87.419
8 29 98.6271
8 33 118.663
8 35 97.8621
8 37 87.1844
8 43 84.3216
8 44 75.2341
8 45 107.01
8 46 87.5128
8 48 99.0275
8 49 87.6552
9 5 114.899
9 6 107.442
9 8 114.624
9 10 104.727
9 12 88.5759
9 13 90.6459
9 20 74.7187
9 25 100.674
9 28 90.5635
9 29 94.0663
9 30 97.1518
9 31 90.6834
9 34 90.2725
9 35 103.457
9 36 94.6616
9 39 96.9445
9 40 110.087
9 48 108.113
10 0 104.512
10 1 115.133
10 2 98.1741
10 4 87.6504
10 5 102.591
10 8 49.3321
10 14 89.9555
10 15 103.086
10 21 119.009
10 22 90.4761
10 27 85.6976
10 28 94.8696
10 35 115.708
10 41 76.1967
10 42 85.9231
10 43 91.9588
10 45 120.4
10 48 108.738
10 49 107.169
11 0 74.0741
11 3 37.7812
11 5 96.9031
11 6 91.3702
11 15 80.7062
11 17 78.3128
11 24 101.223
11 25 117.028
11 26 114.962
11 31 107.413
11 32 125.689
11 33 145.832
11 36 129.61
11 39 83.4224
11 40 114.558
11 47 75.8603
11 49 100.148
12 2 102.224
12 5 105.775
12 6 111.458
12 10 107.113
12 11 73.4296
12 13 91.5572
12 14 100.832
12 16 108.684
12 17 85.2295
12 20 69.8377
12 22 88.7689
12 25 85.63
12 26 68.4246
12 27 112.202
12 28 107.611
12 29 101.291
12 30 111.688
12 31 95.9625
12 33 110.633
12 36 80.6809
12 40 122.162
12 42 96.8678
12 43 91.8589
12 44 105.237
12 45 91.1559
12 48 64.0473
12 49 110.291
13 0 56.7918
13 5 97.1124
13 8 112.982
13 10 96.5507
13 11 85.6386
13 14 121.134
13 15 123.416
13 19 65.8501
13 24 97.5068
13 26 49.7907
13 28 90.4816
13 34 105.89
13 35 95.3369
13 36 66.8753
13 37 100.477
13 40 110.857
13 41 90.3453
13 43 67.4725
13 46 84.6293
14 4 120.314
14 6 80.988
14 8 103.429
14 9 135.046
14 17 94.1447
14 20 104.117
14 22 127.592
14 25 116.632
14 27 94.8914
14 28 112.19
14 32 82.5771
14 33 122.845
14 36 105.682
14 37 74.6565
14 38 87.1268
15 0 112.523
15 1 129.216
15 3 86.12
15 5 90.8114
15 8 82.2721
15 9 111.336
15 12 118.637
15 14 58.6952
15 16 88.8941
15 17 94.7109
15 23 109.862
15 25 73.0376
15 27 72.2527
15 28 76.9182
15 29 101.917
15 30 108.661
15 31 145.774
15 32 130.58
15 34 107.803
15 36 93.7233
15 40 86.1749
15 41 103.651
15 42 130.778
15 43 103.483
15 45 100.837
15 47 99.7429
15 48 80.9626
16 2 98.78
16 3 139.847
16 5 106.178
16 9 84.7307
16 10 96.6289
16 11 116.465
16 24 98.2766
16 25 122.361
16 30 87.2491
16 31 116.732
16 36 102.623
16 37 97.1419
16 38 100.15
16 39 115.519
16 40 104.202
16 41 93.0916
16 45 107.247
16 47 116.438
17 0 84.2846
17 1 118.096
17 6 98.9205
17 8 101.802
17 10 102.282
17 13 87.6125
17 16 107.552
17 19 95.7463
17 28 73.8175
17 32 101.266
17 36 88.9105
17 39 153.918
17 40 120.11
17 43 117.775
17 44 92.5085
17 49 126.759
18 7 97.8535
18 8 112.864
18 9 102.449
18 11 64.0255
18 13 97.4658
18 16 53.8034
18 19 124.857
18 22 135.706
18 23 70.8669
18 25 128.621
18 26 72.4132
18 27 97.1597
18 28 86.7915
18 30 92.2543
18 31 82.3212
18 35 83.7929
18 37 123.121
18 39 107.782
18 42 86.2615
18 44 84.1925
18 46 109.685
19 3 118.354
19 4 94.9131
19 8 77.1472
19 9 135.138
19 10 122.539
19 12 102.39
19 14 109.619
19 15 81.2096
19 16 116.044
19 27 84.934
19 31 105.522
19 32 116.846
19 35 80.1035
19 36 91.9263
19 38 99.6998
19 45 80.2292
19 47 124.033
20 0 103.764
20 6 95.2266
20 7 130.255
20 8 42.5728
20 10 101.889
20 13 95.0569
20 16 102.153
20 17 95.7849
20 18 79.6075
20 19 71.0248
20 22 108.876
20 27 81.8438
20 28 97.4808
20 30 132.124
20 35 111.96
20 37 93.8513
20 38 102.193
20 39 101.485
20 44 81.9094
20 47 112.735
20 49 69.5657
21 2 98.5605
21 3 143.328
21 5 112.159
21 6 129.044
21 8 68.6211
21 9 79.7079
21 11 96.9246
21 12 147.643
21 13 110.697
21 14 122.493
21 15 134.659
21 16 96.1252
21 17 102.156
21 19 121.776
21 20 83.2274
21 22 68.1557
21 23 96.1081
21 25 89.843
21 27 94.534
21 35 82.548
21 38 100.641
21 42 99.5188
21 44 112.802
21 45 84.5316
21 47 116.052
22 0 99.9961
22 9 106.442
22 11 101.671
22 13 84.0692
22 15 64.6024
22 16 86.9581
22 19 89.7098
22 26 90.2548
22 27 108.382
22 28 145.498
22 29 58.2964
22 30 73.2681
22 31 131.762
22 32 42.55
22 33 109.88
22 37 99.918
22 38 105.482
22 40 116.891
22 41 105.093
22 42 93.071
22 44 117.694
22 45 146.83
22 46 89.9531
22 47 114.544
22 49 84.8248
23 0 62.0451
23 7 91.0798
23 9 116.658
23 11 106.488
23 12 136.17
23 13 124.159
23 14 63.9882
23 16 83.1974
23 17 123.854
23 19 83.1875
23 20 83.1385
23 25 94.6913
23 26 125.819
23 31 103.557
23 33 106.986
23 34 105.986
23 35 140.376
23 43 130.428
23 45 76.6951
23 48 85.3621
23 49 134.705
24 0 81.4246
24 3 118.647
24 5 120.63
24 7 81.8736
24 9 101.481
24 12 99.2503
24 14 109.061
24 18 144.379
24 19 123.904
24 22 122.624
24 26 90.3003
24 27 97.0863
24 28 106.927
24 29 75.151
24 31 137.468
24 32 142.702
24 34 90.4032
24 35 85.067
24 41 116.633
25 3 121.893
25 6 91.4424
25 8 105.715
25 10 105.656
25 17 72.9388
25 19 106.887
25 20 121.805
25 22 95.6632
25 24 98.8723
25 28 65.406
25 33 113.763
25 34 116.661
25 35 82.3978
25 37 124.104
25 38 84.9016
25 46 120.379
25 49 78.7518
26 2 104.899
26 4 108.969
26 8 96.8111
26 9 96.8197
26 10 98.983
26 15 69.9132
26 17 66.4491
26 19 89.1977
26 20 112.85
26 21 108.694
26 25 96.6708
26 27 91.1638
26 28 101.674
26 30 118.066
26 31 89.5583
26 33 66.99
26 34 109.146
26 39 106.088
26 44 69.9759
26 48 102.676
27 0 110.081
27 3 91.3156
27 4 119.335
27 6 113.112
27 7 66.3691
27 8 111.276
27 11 113.257
27 13 101.808
27 16 119.803
27 17 116.82
27 28 83.7185
27 29 124.538
27 31 62.5693
27 32 125.316
27 33 93.9511
27 36 106.184
27 37 110.334
27 44 106.34
27 45 91.2418
27 46 139.786
28 0 80.6769
28 2 77.4708
28 3 92.2648
28 5 130.727
28 6 87.391
28 11 117.644
28 16 82.5014
28 19 110.748
28 21 101.225
28 29 76.3541
28 30 138.787
28 31 115.77
28 33 115.344
28 34 134.83
28 35 103.048
28 37 93.0571
28 39 104.575
28 42 75.7432
28 44 122.751
28 47 105.007
28 48 93.0083
29 2 107.268
29 6 96.2106
29 11 118.693
29 13 113.858
29 16 107.54
29 17 111.636
29 18 96.896
29 19 125.518
29 20 108.837
29 21 102.328
29 23 67.9827
29 26 69.7236
29 30 71.6492
29 36 114.007
29 39 107.357
29 43 99.143
29 44 133.892
29 45 118.317
29 46 122.844
29 49 83.348
30 1 80.3009
30 4 115.957
30 8 72.8708
30 10 94.555
30 11 107.598
30 14 134.398
30 17 134.991
30 19 118.811
30 24 72.3425
30 25 87.2086
30 27 64.3156
30 31 90.358
30 32 101.684
30 33 104.61
30 36 91.4051
30 37 111.335
30 38 90.1119
30 45 70.8058
30 48 98.6146
31 4 104.808
31 7 122.504
31 8 126.357
31 10 73.5839
31 13 83.0282
31 17 109.106
31 20 70.1
31 21 110.735
31 25 103.842
31 29 98.8051
31 32 101.545
31 33 105.389
31 35 87.9914
31 37 112.667
31 43 81.9389
31 46 108.489
31 49 113.954
32 1 99.5331
32 3 102.401
32 5 150.249
32 6 102.951
32 7 106.102
32 9 93.9839
32 10 85.1208
32 12 91.4962
32 16 131.007
32 18 117.016
32 20 80.808
32 21 84.5105
32 25 93.0054
32 26 105.574
32 28 111.896
32 36 69.593
32 37 78.6583
32 41 99.0072
32 42 121.677
32 43 87.3787
32 44 91.4167
32 46 139.053
33 0 94.3345
33 3 97.0349
33 7 84.9759
33 13 110.805
33 15 82.5119
33 16 118.454
33 17 112.763
33 18 120.197
33 19 115.609
33 20 97.4165
33 21 117.707
33 29 103.656
33 32 132.016
33 36 97.1244
33 37 102.882
33 40 98.8501
33 41 93.766
33 42 124.513
34 6 98.8596
34 7 77.4847
34 10 84.2503
34 11 83.9928
34 12 109.936
34 14 120.297
34 16 89.8357
34 17 118.433
34 19 100.736
34 20 94.4577
34 21 108.54
34 27 115.68
34 29 128.207
34 30 88.4354
34 31 86.8566
34 32 67.1906
34 33 106.57
34 36 114.406
34 38 87.678
34 42 108.43
34 43 136.101
34 44 77.788
34 45 103.87
34 46 65.8609
34 48 138.449
35 0 109.421
35 2 118.462
35 3 92.6795
35 7 147.356
35 11 119.149
35 12 85.829
35 14 86.5757
35 15 114.599
35 16 134.968
35 26 106.875
35 29 76.0962
35 30 100.447
35 33 101.812
35 36 113.377
35 39 103.165
35 44 107.59
35 49 113.031
36 0 127.381
36 1 170.898
36 2 97.325
36 3 87.1548
36 4 77.8692
36 6 87.3241
36 7 95.6054
36 10 55.6636
36 18 104.634
36 21 116.897
36 22 96.4437
36 23 108.149
36 25 97.0469
36 26 69.5673
36 28 103.204
36 31 121.594
36 38 116.959
36 39 69.7106
36 42 148.754
36 43 85.2931
36 48 81.0308
37 0 80.9746
37 1 117.921
37 3 100.393
37 4 115.091
37 7 82.3627
37 10 147.34
37 11 100.145
37 15 120.856
37 19 111.974
37 21 70.0486
37 23 156.634
37 24 125.886
37 29 101.313
37 34 106.7
37 41 93.3748
37 44 96.3655
37 45 72.4086
38 2 138.232
38 3 128.316
38 6 95.3531
38 7 116.191
38 9 123.811
38 10 97.2704
38 12 101.347
38 15 87.3887
38 17 94.3074
38 18 122.395
38 23 117.404
38 24 104.954
38 26 120.99
38 27 118.46
38 29 115.512
38 31 77.3192
38 32 79.338
38 33 77.5259
38 35 111.546
38 37 91.4903
38 39 76.0769
38 41 108.836
38 43 98.6937
38 45 108.665
38 46 81.2028
38 48 113.49
39 1 131.846
39 4 130.026
39 7 98.5219
39 8 99.5505
39 12 104.174
39 13 110.678
39 14 81.7513
39 15 86.7353
39 19 119.639
39 21 111.737
39 24 94.7249
39 27 78.9434
39 30 42.052
39 31 94.7718
39 32 116.385
39 33 88.1424
39 34 89.5994
39 37 103.399
39 42 106.547
39 43 85.4656
39 45 87.5813
39 47 61.6702
39 49 112.798
40 2 110.467
40 4 82.0999
40 6 84.2826
40 8 119.932
40 10 92.4738
40 14 79.8848
40 18 81.8172
40 19 135.19
40 20 113.618
40 21 89.0581
40 23 105.852
40 25 120.377
40 27 110.764
40 28 59.2102
40 29 94.9274
40 30 105.821
40 31 103.248
40 32 112.758
40 35 114.597
40 36 90.1646
40 37 84.1534
40 39 78.5431
40 45 105.283
40 47 117.855
40 48 90.4001
40 49 108.45
41 0 119.422
41 1 119.293
41 5 78.9803
41 7 71.2455
41 8 73.6751
41 9 94.8789
41 11 91.1073
41 12 110.407
41 14 112.221
41 19 80.7691
41 20 118.428
41 21 103.712
41 23 113.618
41 25 96.0421
41 26 130.766
41 28 76.3512
41 29 105.359
41 30 98.467
41 34 78.9102
41 35 98.1133
41 36 78.6741
41 39 72.151
41 40 94.9419
41 42 95.95
41 43 84.7619
41 45 111.536
41 46 78.313
41 48 135.373
41 49 129.376
42 0 101.7
42 2 105.341
42 3 90.4541
42 11 86.0316
42 13 102.051
42 14 92.0673
42 16 120.184
42 19 117.688
42 20 94.7814
42 24 118.868
42 25 105.787
42 26 105.137
42 27 81.4626
42 30 131.077
42 35 120.036
42 37 94.0409
42 38 101.113
42 40 100.905
42 44 109.111
42 46 110.312
42 47 83.5657
42 49 83.0366
43 0 105.405
43 1 112.509
43 3 89.3774
43 4 86.078
43 9 75.2682
43 11 72.4124
43 16 101.35
43 18 99.5524
43 19 87.3592
43 20 84.016
43 24 108.662
43 25 79.7737
43 27 87.2307
43 28 129.472
43 30 77.1428
43 33 114.345
43 37 120.939
43 40 137.244
43 42 103.922
43 45 116.641
43 48 92.6163
43 49 105.401
44 1 74.5915
44 5 114.395
44 6 105.919
44 7 73.642
44 13 94.2328
44 14 99.2245
44 15 101.67
44 16 75.5738
44 19 98.6036
44 24 78.3375
44 25 112.808
44 30 140.272
44 33 114.069
44 36 72.9506
44 39 70.6641
44 40 96.184
44 45 110.66
44 46 119.623
44 48 106.091
44 49 104.251
45 2 68.3871
45 3 93.2964
45 4 84.0097
45 6 74.5524
45 7 101.476
45 9 75.9166
45 11 107.701
45 13 94.7984
45 14 107.395
45 17 115.931
45 28 103.406
45 32 113.153
45 33 102.828
45 35 90.7507
45 36 110.191
45 47 89.8529
45 48 95.0228
45 49 99.8516
46 0 80.5399
46 1 113.335
46 3 68.6813
46 9 97.9472
46 10 63.394
46 11 58.9599
46 12 77.1457
46 15 65.6774
46 16 106.742
46 19 108.935
46 20 84.9046
46 23 98.2277
46 24 120.985
46 26 84.5075
46 28 102.91
46 30 105.922
46 33 75.615
46 35 81.507
46 36 102.395
46 39 100.176
46 43 95.8501
46 45 106.128
46 47 111.373
47 1 77.4327
47 2 82.7995
47 4 95.7322
47 8 86.8995
47 9 101.193
47 10 102.457
47 12 65.9336
47 13 120.863
47 14 103.711
47 17 94.8144
47 18 114.319
47 23 73.8248
47 25 115.732
47 27 93.83
47 29 101.851
47 30 77.7356
47 31 64.3406
47 32 91.2113
47 33 114.321
47 35 102.773
47 36 115.151
47 37 102.23
47 38 131.33
47 41 83.1029
47 43 120.084
47 44 83.9801
47 49 97.3815
48 0 80.2285
48 1 128.413
48 3 111.675
48 6 113.021
48 11 94.5915
48 13 76.4228
48 16 96.2422
48 17 87.7633
48 18 117.464
48 19 71.2024
48 20 94.3512
48 21 113.023
48 22 160.143
48 24 124.574
48 25 102.569
48 27 80.4982
48 31 105.286
48 32 104.756
48 33 98.6162
48 35 105.788
48 37 110.757
48 42 114.941
48 46 100.103
49 0 86.5041
49 2 103.349
49 3 74.0291
49 5 103.538
49 7 106.3
49 9 87.4414
49 13 84.1749
49 15 160.977
49 16 120.746
49 18 65.2406
49 19 101.791
49 21 110.135
49 24 107.965
49 26 80.1782
49 27 93.6073
49 28 120.511
49 32 117.337
49 33 96.4335
49 34 91.5179
49 37 117.17
49 46 77.2401
