100 4365 ND
0 5 186.133
0 6 51.412
0 7 157.088
0 8 103.138
0 10 117.314
0 12 51.3608
0 15 132.375
0 17 49.0676
0 19 88.0798
0 20 68.9392
0 23 82.6168
0 27 23.0494
0 30 86.5841
0 32 121.807
0 33 71.5088
0 35 61.7307
0 37 28.9998
0 39 41.2326
0 44 14.8462
0 45 54.0938
0 49 114.436
0 52 96.8751
0 64 105.37
0 68 182.955
0 69 114.027
0 70 84.2952
0 76 120.807
0 82 86.0337
0 83 73.3866
0 84 118.522
0 85 162.504
0 87 164.289
0 88 98.6871
0 91 68.4343
0 93 130.95
0 94 70.3081
0 96 107.593
0 97 40.5867
0 98 95.9625
1 0 77.5791
1 4 137.109
1 5 64.7693
1 11 100.79
1 13 108.82
1 15 106.459
1 16 75.3701
1 17 122.131
1 18 158.652
1 20 162.285
1 21 152.655
1 24 99.8496
1 26 105.677
1 27 87.7621
1 29 135.75
1 30 87.4942
1 32 111.167
1 33 106.301
1 35 81.9171
1 36 54.043
1 37 98.434
1 39 121.956
1 40 100.333
1 44 48.4354
1 47 75.0815
1 49 61.7168
1 50 46.4073
1 54 110.685
1 56 146.235
1 58 38.2156
1 59 75.4579
1 61 101.198
1 62 124.947
1 64 145.632
1 69 95.4209
1 71 115.266
1 75 50.2556
1 77 203.408
1 78 92.1662
1 84 94.9156
1 93 64.5308
1 95 134.047
1 96 110.73
1 97 93.595
1 98 111.019
2 0 9.47079
2 1 113.315
2 3 118.618
2 5 139.687
2 12 101.736
2 13 146.512
2 20 162.528
2 21 41.5035
2 23 36.8085
2 26 133.845
2 28 105.267
2 29 145.628
2 32 184.667
2 33 145.083
2 34 70.6071
2 35 143.147
2 37 163.105
2 41 141.632
2 58 79.9009
2 59 58.068
2 63 130.428
2 64 181.934
2 66 113.123
2 67 70.1197
2 69 108.896
2 71 178.62
2 73 79.5361
2 75 43.0205
2 79 51.7355
2 81 115.993
2 82 64.6103
2 83 80.7604
2 86 78.1525
2 88 51.006
2 90 119.497
2 91 118.266
2 92 120.973
2 93 121.203
2 99 127.671
3 5 179.96
3 6 93.2495
3 8 81.7222
3 9 100.292
3 15 150.525
3 16 118.74
3 18 165.875
3 19 170.507
3 20 108.808
3 24 72.5378
3 26 74.9114
3 28 73.7645
3 29 131.062
3 30 67.9766
3 31 93.8078
3 32 109.804
3 33 66.5513
3 34 138.016
3 36 27.4937
3 37 18.2519
3 38 40.5956
3 39 116.96
3 43 86.0333
3 46 99.0001
3 47 84.3686
3 49 130.168
3 50 99.1465
3 55 116.765
3 57 95.8673
3 60 57.8553
3 62 128.975
3 63 88.9688
3 67 144.024
3 71 153.066
3 72 123.437
3 73 65.2245
3 77 95.7205
3 79 24.3756
3 80 138.371
3 82 74.7854
3 83 124.233
3 92 137.323
3 94 111.459
3 95 99.3624
3 97 121.919
4 0 28.1229
4 2 72.3422
4 3 43.4761
4 8 82.4547
4 13 77.4405
4 15 116.898
4 16 102.071
4 17 87.9007
4 18 151.286
4 19 45.562
4 20 138.812
4 22 87.2571
4 23 50.1025
4 25 76.1492
4 26 101.955
4 31 105.009
4 33 88.1382
4 36 69.868
4 41 79.3494
4 42 71.4387
4 44 33.3174
4 54 86.4109
4 57 61.0432
4 58 94.2556
4 61 59.7643
4 62 145.164
4 64 83.6371
4 66 133.284
4 72 59.4579
4 77 147.258
4 78 73.6767
4 79 144.29
4 87 84.6763
4 88 123.499
4 89 65.9597
4 90 61.7819
4 91 49.5703
4 92 124.89
4 93 93.3068
4 99 57.4384
5 4 46.4341
5 7 74.9018
5 12 189.885
5 13 114.144
5 16 127.933
5 17 124.748
5 19 61.7076
5 20 86.6158
5 21 154.201
5 24 106.014
5 25 93.8296
5 27 19.9192
5 28 86.1973
5 35 107.135
5 37 92.0185
5 38 134.967
5 42 79.3543
5 43 52.4213
5 44 176.528
5 45 119.444
5 47 95.3068
5 54 48.0152
5 55 98.8387
5 56 122.577
5 58 114.218
5 60 76.5608
5 61 13.4567
5 62 126.878
5 64 100.677
5 72 176.677
5 75 133.025
5 76 141.511
5 80 75.0194
5 82 110.952
5 84 111.468
5 90 104.254
5 91 48.5765
5 92 119.267
5 93 72.9319
5 94 160.786
5 95 149.052
5 96 126.973
5 97 134.598
6 1 91.7702
6 2 87.951
6 4 190.273
6 5 34.1194
6 8 121.069
6 9 99.4589
6 11 80.4153
6 12 71.5773
6 19 78.77
6 20 112.549
6 21 112.366
6 22 74.4909
6 24 92.4511
6 28 112.985
6 30 163.17
6 31 109.188
6 32 123.43
6 33 93.6148
6 34 133.406
6 38 20.8397
6 41 150.432
6 43 185.301
6 45 126.794
6 47 97.7763
6 49 187.603
6 52 111.128
6 53 86.9415
6 54 124.239
6 55 98.5865
6 56 85.0231
6 59 106.325
6 60 46.4898
6 61 118.514
6 69 175.703
6 70 22.7965
6 72 54.9225
6 73 78.4292
6 75 153.193
6 76 77.7663
6 77 123.481
6 78 136.144
6 82 144.674
6 84 62.9098
6 85 14.1188
6 86 149.805
6 88 104.427
6 89 95.3048
6 90 88.9018
6 91 11.3468
6 92 95.7238
6 93 91.3867
6 98 40.3855
7 2 39.3734
7 3 30.2086
7 4 118.43
7 6 140.386
7 8 121.736
7 10 105.703
7 15 57.0871
7 17 70.3329
7 18 45.5963
7 20 102.724
7 21 154.364
7 23 58.9605
7 29 116.009
7 31 51.6825
7 33 28.7384
7 34 76.7089
7 35 102.794
7 38 85.5872
7 39 73.1033
7 42 134.691
7 44 127.005
7 45 75.1373
7 48 74.4246
7 49 87.1566
7 54 101.941
7 56 139.257
7 57 194.807
7 58 77.78
7 62 37.7722
7 63 133.775
7 78 101.139
7 79 84.0629
7 86 115.544
7 89 126.628
7 90 159.377
7 92 145.165
7 97 146.85
7 99 115.846
8 1 71.2595
8 5 79.2421
8 9 178.163
8 10 42.1949
8 16 132.511
8 17 129.503
8 18 104.079
8 23 64.8505
8 26 49.2141
8 27 95.2628
8 28 102.978
8 29 144.389
8 35 83.4454
8 38 124.78
8 39 75.4666
8 43 50.9711
8 44 65.5497
8 45 110.298
8 48 112.882
8 49 82.9315
8 52 80.2282
8 53 79.1609
8 54 75.3112
8 55 109.945
8 58 57.6534
8 59 85.5557
8 60 144.771
8 65 107.59
8 66 33.2245
8 68 197.827
8 69 96.3357
8 70 92.1489
8 71 133.086
8 73 84.5052
8 76 123.204
8 77 92.7744
8 79 136.323
8 80 114.434
8 81 191.868
8 82 69.4557
8 83 55.4581
8 85 73.797
8 88 141.458
8 89 82.205
8 91 83.0165
8 93 85.6545
8 97 115.593
8 99 117.454
9 1 146.204
9 2 88.1378
9 5 47.3918
9 7 110.174
9 11 70.5244
9 12 37.3664
9 19 101.026
9 21 81.3526
9 22 145.113
9 24 110.7
9 31 201.749
9 34 136.063
9 37 139.405
9 38 77.2775
9 40 136.978
9 46 120.965
9 49 35.1079
9 52 79.2511
9 53 38.7456
9 54 98.0419
9 55 114.287
9 57 120.064
9 60 171.74
9 64 72.0282
9 70 108.194
9 79 123.399
9 80 82.5312
9 81 81.4412
9 82 158.182
9 83 83.6678
9 84 103.155
9 86 83.2234
9 88 192.774
9 89 106.552
9 91 119.068
9 92 103.621
9 95 98.6196
10 1 84.2389
10 2 116.252
10 3 160.403
10 6 107.083
10 13 113.935
10 14 77.1118
10 22 183.872
10 24 105.701
10 25 176.214
10 27 85.4183
10 28 86.7754
10 29 65.8313
10 39 143.034
10 40 98.0385
10 45 121.717
10 47 76.6484
10 48 152.871
10 50 108.177
10 52 65.1793
10 53 95.1299
10 54 77.5751
10 57 107.709
10 58 118.559
10 59 48.0479
10 60 127.526
10 61 150.24
10 68 64.4196
10 73 64.0437
10 76 0.0204849
10 77 85.6116
10 81 99.0652
10 84 15.1993
10 85 7.22266
10 86 80.3208
10 88 103.287
10 89 92.2899
10 91 140.41
10 93 92.4421
10 94 78.0416
10 95 121.58
10 97 164.843
10 99 127.284
11 0 145.871
11 4 66.7802
11 5 104.794
11 7 93.7372
11 8 140.54
11 10 70.9181
11 12 178.92
11 14 115.874
11 16 97.1449
11 17 133.573
11 18 94.2028
11 21 87.7983
11 22 20.9453
11 23 75.77
11 25 169.99
11 26 88.9347
11 31 174.721
11 33 151.717
11 34 173.225
11 35 149.871
11 38 100.207
11 41 129.446
11 43 129.233
11 45 108.363
11 48 127.538
11 51 98.2937
11 53 36.5684
11 58 129.03
11 60 109.963
11 63 28.3683
11 64 45.6332
11 65 63.7535
11 68 122.841
11 69 145.851
11 71 72.2122
11 72 138.149
11 76 62.7988
11 78 130.97
11 80 151.718
11 83 57.0181
11 85 111.69
11 88 109.968
11 99 74.461
12 1 99.3365
12 3 86.7294
12 4 126.781
12 7 56.5347
12 8 105.338
12 10 68.6099
12 15 114.911
12 16 110.528
12 18 124.62
12 19 116.38
12 24 107.128
12 26 132.905
12 27 141.884
12 28 170.231
12 30 170.515
12 31 75.2526
12 34 58.2713
12 35 145.126
12 39 62.9069
12 40 121.075
12 43 160.722
12 44 110.968
12 47 189.033
12 48 125.019
12 49 108.903
12 53 75.618
12 59 97.5483
12 62 113.235
12 68 100.598
12 69 72.9354
12 70 90.3079
12 71 59.1539
12 74 105.311
12 75 3.15591
12 78 159.599
12 79 138.187
12 85 165.431
12 86 88.49
12 89 0.670021
12 95 121.783
12 96 150.611
12 97 66.2183
12 99 150.093
13 3 68.0457
13 6 89.5665
13 7 130.427
13 8 141.792
13 11 40.4634
13 12 107.564
13 15 99.1607
13 17 105.649
13 19 111.855
13 25 58.0179
13 28 81.2422
13 29 60.6528
13 33 134.972
13 35 96.3758
13 37 60.4883
13 40 143.237
13 42 119.715
13 46 172.324
13 49 98.2084
13 52 16.5456
13 56 11.1015
13 57 37.0117
13 59 121.726
13 64 134.208
13 71 114.737
13 74 141.057
13 75 120.9
13 76 89.5297
13 79 118.497
13 80 112.35
13 81 63.6745
13 82 106.565
13 83 80.7093
13 84 116.245
13 85 158.25
13 88 111.267
13 91 134.165
13 96 109.704
14 0 155.752
14 1 92.5684
14 2 77.256
14 3 133.844
14 6 64.33
14 7 106.439
14 8 103.271
14 9 114.202
14 12 118.519
14 13 120.848
14 15 33.3051
14 17 70.4431
14 20 60.4463
14 21 140.947
14 24 95.6639
14 27 136.784
14 29 84.2965
14 31 118.561
14 37 108.195
14 38 87.0602
14 40 148.19
14 44 99.9948
14 48 136.908
14 50 124.606
14 54 63.7572
14 56 113.523
14 58 134.53
14 66 148.085
14 68 63.1648
14 70 55.7678
14 71 129.351
14 74 87.467
14 75 33.8887
14 78 83.8159
14 82 99.6907
14 83 93.1369
14 85 21.2095
14 86 51.5527
14 87 57.683
14 90 133.227
14 91 152.923
14 93 118.611
14 94 151.652
14 95 137.04
14 97 149.108
14 98 86.0754
14 99 98.1459
15 2 52.5111
15 5 161.613
15 6 163.102
15 8 9.96642
15 9 110.375
15 10 101.446
15 11 136.492
15 19 148.527
15 20 55.535
15 23 154.561
15 25 73.9499
15 27 95.9632
15 29 59.9812
15 31 166.1
15 33 139.843
15 36 8.94908
15 38 83.7875
15 44 112.924
15 45 49.9755
15 46 119.389
15 49 97.8358
15 51 70.7381
15 53 105.296
15 56 180.248
15 57 87.9612
15 59 104.658
15 64 39.5063
15 65 154.115
15 66 102.259
15 67 84.5592
15 68 112.55
15 69 118.515
15 70 134.796
15 71 129.265
15 76 61.3464
15 84 68.443
15 85 101.358
15 87 98.8664
15 88 56.021
15 94 101.996
15 98 47.5838
16 2 100.302
16 6 62.5617
16 7 47.431
16 10 80.6531
16 13 39.9789
16 14 94.7817
16 15 123.097
16 17 54.6468
16 20 122.513
16 23 91.7427
16 32 12.0554
16 33 109.888
16 37 86.236
16 38 89.1092
16 41 73.6522
16 42 104.724
16 44 93.9311
16 47 48.5338
16 52 102.66
16 53 33.3248
16 55 154.011
16 56 129.306
16 58 40.7538
16 61 139.487
16 64 115.304
16 65 95.791
16 68 146.202
16 71 141.396
16 72 131.502
16 74 53.3102
16 76 96.1607
16 77 108.134
16 80 105.025
16 81 103.693
16 82 117.109
16 85 86.9804
16 92 98.3908
16 93 79.7922
16 94 149.041
16 95 121.227
16 98 51.7834
17 2 90.7265
17 6 93.818
17 9 43.8992
17 10 68.7745
17 15 158.017
17 18 70.4277
17 19 107.677
17 24 48.8977
17 28 80.3499
17 33 74.3826
17 35 117.002
17 39 150.709
17 41 99.1429
17 42 121.456
17 43 63.7666
17 44 111.042
17 45 93.1715
17 46 67.7232
17 48 66.9245
17 49 79.7209
17 50 125.061
17 53 132.651
17 55 113.378
17 59 169.334
17 60 116.789
17 62 132.874
17 67 26.1233
17 69 94.5916
17 73 150.033
17 74 88.5173
17 75 6.60577
17 77 143.604
17 79 83.1821
17 85 120.379
17 90 120.725
17 95 20.8336
17 96 132.295
17 98 75.9105
18 0 226.073
18 2 125.744
18 5 68.7131
18 6 153.578
18 9 95.1289
18 10 102.354
18 14 142.775
18 16 190.402
18 20 151.229
18 21 73.777
18 22 120.543
18 25 95.4644
18 27 93.5594
18 34 57.3763
18 35 44.6593
18 36 111.24
18 38 158.088
18 39 126.088
18 41 71.5124
18 43 39.577
18 44 196.198
18 49 22.9764
18 50 76.8146
18 51 110.233
18 52 150.308
18 53 154.806
18 55 186.424
18 57 11.812
18 60 79.5996
18 61 155.884
18 66 168.113
18 68 162.18
18 69 126.574
18 74 106.037
18 76 52.8884
18 77 158.634
18 78 115.644
18 79 118.784
18 81 119.118
18 85 113.319
18 86 172.117
18 87 45.5965
18 89 56.1548
18 90 84.3412
18 91 101.142
18 92 118.764
18 93 15.982
18 95 125.999
18 96 110.759
18 97 111.42
18 99 89.3187
19 1 63.6553
19 2 196.271
19 7 60.1945
19 8 110.256
19 10 67.8538
19 11 139.767
19 14 6.89609
19 16 41.7536
19 18 92.8688
19 20 147.692
19 22 118.653
19 24 122.594
19 26 56.3732
19 28 109.847
19 29 35.973
19 30 133.716
19 31 98.5535
19 32 88.1104
19 33 96.6535
19 37 35.0151
19 39 112.987
19 40 79.543
19 44 151.25
19 45 130.132
19 46 51.6897
19 49 173.892
19 51 106.103
19 52 66.9379
19 54 57.5779
19 56 19.1282
19 57 135.399
19 59 57.106
19 63 144.1
19 65 93.9824
19 66 68.9161
19 67 136.371
19 68 92.4644
19 70 151.684
19 72 132.558
19 75 46.9485
19 77 74.6669
19 78 100.257
19 79 82.6502
19 80 183.132
19 83 103.148
19 85 100.759
19 86 126.381
19 87 109.787
19 88 130.716
19 89 35.5598
19 92 63.2702
19 94 91.7634
19 95 65.1304
19 97 60.3858
20 8 27.4805
20 9 124.924
20 10 84.929
20 11 207.345
20 13 66.6332
20 17 109.015
20 21 113.877
20 22 59.3473
20 23 102.109
20 25 65.496
20 28 154.418
20 29 117.2
20 33 137.717
20 36 92.7377
20 39 100.561
20 40 148.775
20 41 65.361
20 42 118.068
20 44 66.3151
20 45 118.007
20 46 40.1134
20 47 137.04
20 50 72.6941
20 53 89.2671
20 55 158.804
20 56 81.7321
20 60 60.3355
20 64 91.4351
20 65 151.833
20 66 126.587
20 69 10.8745
20 70 42.5159
20 75 74.3956
20 77 132.279
20 79 127.298
20 80 135.133
20 82 65.3324
20 84 151.445
20 90 147.71
20 95 124.401
20 97 146.581
20 99 89.6221
21 0 136.179
21 3 99.1075
21 4 80.0086
21 8 90.6404
21 10 67.0858
21 12 156.823
21 13 187.111
21 15 62.5786
21 16 119.145
21 17 127.66
21 19 113.9
21 23 118.729
21 25 140.629
21 28 32.4151
21 30 148.753
21 31 100.991
21 32 125.75
21 34 48.3689
21 36 62.6055
21 37 121.315
21 39 38.2838
21 40 89.9459
21 45 123.49
21 46 81.607
21 48 99.5742
21 50 153.552
21 52 156.065
21 54 50.8147
21 55 91.1638
21 56 68.6572
21 59 105.403
21 60 77.7834
21 61 125.38
21 62 129.024
21 63 145.831
21 64 87.8713
21 65 116.44
21 66 120.858
21 69 15.163
21 70 129.313
21 71 103.119
21 75 70.977
21 76 121.832
21 81 124.072
21 82 145.584
21 83 173.295
21 86 167.095
21 90 65.589
21 92 124.055
21 95 103.565
21 96 135.406
21 99 155.531
22 0 107.178
22 2 70.7922
22 3 37.839
22 7 68.3717
22 8 163.018
22 12 61.7165
22 13 109.901
22 14 64.2035
22 15 86.014
22 16 43.7303
22 17 141.984
22 23 144.025
22 24 95.1123
22 25 122.386
22 27 148.892
22 30 127.917
22 31 1.7496
22 32 55.8205
22 34 60.4783
22 37 106.205
22 38 72.9578
22 39 15.9328
22 40 116.915
22 41 106.574
22 45 127.521
22 48 142.256
22 49 95.6732
22 50 36.8365
22 51 68.3738
22 52 75.7295
22 53 37.3007
22 57 129.903
22 59 59.5061
22 61 109.278
22 62 118.661
22 63 99.8248
22 67 133.895
22 68 84.5263
22 69 61.8793
22 71 126.608
22 72 67.8746
22 85 82.7282
22 86 24.7901
22 89 103.502
22 96 119.47
22 98 126.256
23 1 47.8451
23 5 141.73
23 6 136.418
23 9 87.6664
23 12 86.0569
23 14 124.046
23 17 82.6274
23 18 141.594
23 19 133.316
23 24 55.3838
23 26 112.876
23 29 82.5042
23 31 213.401
23 32 155.18
23 33 114.215
23 37 227.384
23 39 117.943
23 43 93.2339
23 44 114.051
23 45 87.6588
23 48 87.5163
23 49 37.7666
23 50 110.937
23 54 66.0403
23 56 50.0046
23 58 26.3288
23 59 155.411
23 62 58.0447
23 63 92.2103
23 65 85.9832
23 66 117.052
23 69 148.057
23 70 101.466
23 71 0.341934
23 73 78.4723
23 75 87.7792
23 77 104.348
23 78 129.369
23 79 49.8014
23 82 46.4272
23 85 98.5263
23 87 36.6257
23 88 93.831
23 91 99.2304
23 93 92.3632
23 94 138.194
23 97 119.508
23 98 89.4968
23 99 124.88
24 0 146.17
24 2 93.7725
24 4 8.89551
24 7 125.014
24 11 89.2279
24 13 140.429
24 15 169.294
24 16 89.4367
24 18 129.084
24 20 81.3905
24 21 19.0268
24 25 106.451
24 27 151.977
24 31 58.4645
24 32 142.255
24 36 167.384
24 37 46.8041
24 39 142.309
24 40 118.006
24 42 22.3468
24 45 119.244
24 49 56.6579
24 51 133.034
24 53 18.3255
24 56 91.9364
24 58 98.1215
24 59 115.402
24 65 118.195
24 70 83.3063
24 77 134.514
24 78 21.0802
24 80 145.081
24 81 129.943
24 87 164.827
24 88 68.8653
24 89 44.5253
24 92 63.1395
24 98 87.8144
24 99 59.4482
25 0 79.4799
25 1 78.6897
25 2 90.8342
25 3 63.6301
25 6 81.159
25 7 97.5407
25 8 85.7913
25 9 94.6664
25 12 109.974
25 14 132.477
25 16 82.493
25 17 79.5932
25 19 64.6988
25 23 89.3836
25 31 78.335
25 32 60.2651
25 34 177.07
25 36 82.951
25 38 61.3918
25 40 127.193
25 43 61.4886
25 48 135.976
25 49 76.8776
25 50 115.077
25 52 85.2598
25 55 55.1489
25 58 125.719
25 60 63.0378
25 62 62.5909
25 65 62.3547
25 72 83.4399
25 73 66.9671
25 75 19.4784
25 77 117.669
25 80 94.3224
25 82 97.1693
25 85 120.759
25 88 101.334
25 91 122.639
25 94 111.82
26 0 62.1529
26 5 102.146
26 6 122.597
26 7 79.4507
26 9 107.558
26 10 49.894
26 13 122.502
26 14 137.581
26 15 148.201
26 16 95.0549
26 17 48.2745
26 18 65.7475
26 20 43.0785
26 21 70.1561
26 22 145.721
26 24 127.379
26 28 66.1715
26 29 183.708
26 31 92.8063
26 32 242.605
26 33 57.1881
26 34 84.2995
26 35 118.415
26 39 144.829
26 41 132.071
26 43 52.8236
26 46 119.844
26 50 10.4427
26 51 127.097
26 52 140.646
26 53 61.694
26 54 100.612
26 56 82.9941
26 57 119.698
26 58 33.5855
26 61 197.954
26 63 117.69
26 64 126.148
26 70 92.6219
26 72 141.672
26 80 97.8521
26 83 27.6953
26 85 112.509
26 86 75.9278
26 91 18.4173
26 92 39.439
26 94 108.302
26 96 52.9135
26 98 123.874
27 2 116.195
27 3 108.91
27 4 132.71
27 6 159.242
27 7 60.5167
27 9 141.284
27 11 111.098
27 16 61.2028
27 17 122.753
27 21 63.7339
27 26 124.36
27 28 169.646
27 31 99.5734
27 33 54.0415
27 37 94.5501
27 39 135.854
27 42 176.725
27 43 110.052
27 46 43.6245
27 48 123.014
27 49 107.447
27 51 64.2766
27 52 48.0506
27 53 74.3308
27 54 135.775
27 56 113.767
27 58 48.0582
27 60 96.8436
27 69 83.8858
27 72 75.1716
27 73 7.84364
27 79 234.865
27 81 67.8006
27 82 93.6509
27 85 41.9029
27 86 127.258
27 89 154.982
27 92 52.9508
27 94 106.447
27 96 134.926
28 0 55.5982
28 1 96.3603
28 4 165.156
28 7 85.6667
28 9 56.4855
28 11 96.508
28 14 49.2436
28 15 75.1974
28 16 95.2732
28 18 246.718
28 22 75.0355
28 23 143.923
28 24 114.586
28 25 43.8293
28 29 130.985
28 31 104.163
28 32 66.0481
28 33 85.7234
28 36 138.496
28 38 45.32
28 39 58.5848
28 44 167.637
28 45 117.639
28 46 54.4075
28 51 93.2463
28 52 119.225
28 53 37.4727
28 54 156.383
28 56 196.954
28 60 53.4647
28 61 117.236
28 63 147.842
28 67 135.219
28 69 161.811
28 71 162.851
28 72 122.398
28 75 152.984
28 77 45.5896
28 78 126.114
28 79 68.2506
28 83 116.164
28 84 81.229
28 86 116.706
28 90 67.1051
28 92 121.867
28 98 127.75
28 99 81.4395
29 0 203.914
29 5 87.1335
29 9 124.572
29 12 84.8898
29 16 72.8324
29 17 186.912
29 18 158.408
29 21 94.0669
29 22 160.05
29 27 141.499
29 31 64.5309
29 33 108.507
29 35 61.4056
29 36 26.3392
29 37 112.392
29 40 118.04
29 41 75.0919
29 42 160.192
29 44 168.705
29 45 128.015
29 48 98.3957
29 49 81.8288
29 50 57.8701
29 53 174.143
29 55 149.582
29 58 41.5242
29 62 97.3134
29 63 132.582
29 68 85.7184
29 70 141.71
29 71 92.644
29 73 24.6251
29 74 69.4974
29 76 53.966
29 77 154.818
29 79 195.733
29 82 91.145
29 83 137.195
29 84 98.7708
29 85 133.66
29 93 105.775
29 97 89.8683
30 2 63.7416
30 4 99.6401
30 5 148.845
30 7 105.628
30 8 128.407
30 9 110.625
30 10 75.8931
30 11 163.405
30 13 103.582
30 14 46.5649
30 15 49.164
30 16 89.7931
30 17 74.1023
30 18 43.2001
30 20 127.305
30 23 96.3908
30 24 141.552
30 25 124.68
30 26 82.5706
30 27 40.5544
30 28 156.256
30 29 94.429
30 32 90.0007
30 33 129.802
30 36 112.17
30 39 167.428
30 43 135.255
30 46 39.2227
30 47 131.311
30 52 87.7198
30 57 64.9157
30 59 79.8527
30 62 51.1218
30 63 81.1873
30 65 113.137
30 68 116.265
30 69 124.94
30 71 111.933
30 72 89.9158
30 73 170.104
30 75 83.3424
30 78 105.953
30 80 157.677
30 82 52.358
30 83 113.143
30 86 41.7593
30 87 145.567
30 90 168.415
30 92 80.643
30 96 76.7101
30 97 101.091
30 99 83.8539
31 0 75.6434
31 5 17.3394
31 8 171.212
31 10 189.773
31 13 90.9733
31 16 114.875
31 18 125.654
31 20 103.192
31 30 130.841
31 34 99.732
31 37 136.836
31 39 140.153
31 40 110.116
31 41 90.5079
31 42 99.1773
31 44 96.1474
31 46 107.253
31 47 96.5473
31 50 83.6688
31 52 78.6894
31 54 100.829
31 57 168.194
31 64 142.061
31 67 99.4843
31 68 44.7819
31 71 62.1462
31 74 72.8275
31 76 112.203
31 77 56.2345
31 80 100.326
31 87 138.395
31 90 88.543
31 91 81.2053
31 94 107.92
31 97 96.1944
31 99 50.1316
32 4 127.092
32 5 108.44
32 8 129.13
32 9 173.127
32 10 52.8795
32 11 143.818
32 12 81.2222
32 14 125.267
32 15 131.731
32 17 66.3602
32 20 80.2382
32 27 54.5198
32 31 146.716
32 33 87.9866
32 34 136.631
32 37 57.1675
32 40 128.769
32 46 51.1042
32 51 109.547
32 57 99.4704
32 59 129.719
32 60 121.635
32 62 40.3176
32 65 59.4338
32 66 83.6536
32 67 44.4669
32 68 84.8215
32 69 96.9301
32 70 168.737
32 74 140.214
32 76 35.0435
32 77 107.896
32 78 116.741
32 79 33.4446
32 80 137.447
32 85 41.3027
32 86 162.196
32 87 131.788
32 89 57.05
32 91 165.168
32 92 121.612
32 96 100.015
32 97 100.236
32 99 146.686
33 5 142.001
33 8 111.289
33 9 70.6045
33 12 94.8887
33 14 173.893
33 18 96.0166
33 21 175.493
33 22 62.133
33 24 62.3148
33 36 120.879
33 40 70.4857
33 43 95.4362
33 45 124.245
33 56 120.751
33 57 102.73
33 64 94.7307
33 68 111.711
33 70 72.9067
33 72 186.676
33 75 62.7376
33 77 98.9318
33 78 70.3395
33 80 156.227
33 81 154.797
33 85 131.605
33 86 90.057
33 87 133.727
33 88 146.433
33 94 146.464
33 97 105.397
34 0 65.0944
34 1 164.548
34 4 160.154
34 5 58.7303
34 8 141.799
34 10 102.003
34 13 81.4524
34 19 54.7488
34 20 40.55
34 23 71.84
34 24 86.078
34 28 69.7306
34 29 70.6684
34 33 73.5315
34 38 128.132
34 40 129.019
34 44 92.4225
34 45 125.765
34 46 91.714
34 49 168.701
34 50 110.739
34 52 88.6933
34 53 74.458
34 54 163.737
34 56 34.8136
34 62 114.092
34 63 121.162
34 66 132.785
34 70 113.585
34 71 120.16
34 74 63.824
34 81 149.957
34 84 122.819
34 88 54.8167
34 89 98.9187
34 91 186.39
34 93 114.456
34 94 114.173
34 98 80.5285
34 99 80.5385
35 3 92.1223
35 4 86.6561
35 6 123.668
35 9 96.3757
35 10 68.2746
35 15 116.776
35 23 176.492
35 24 64.9841
35 25 54.3923
35 27 115.049
35 28 94.8518
35 30 154.958
35 31 110.622
35 32 111.682
35 34 106.39
35 36 81.1267
35 38 94.3712
35 39 99.4589
35 40 122.23
35 42 103.152
35 45 85.801
35 53 90.9485
35 54 105.78
35 59 114.125
35 60 100.325
35 61 162.522
35 62 68.0081
35 64 116.032
35 65 127.944
35 67 160.821
35 68 64.9516
35 73 126.753
35 74 74.8073
35 76 97.5004
35 77 97.0724
35 85 95.5922
35 86 121.42
35 87 84.5554
35 88 95.1885
35 92 180.309
36 0 63.3116
36 2 64.9764
36 7 153.211
36 11 111.982
36 12 80.3726
36 14 91.7581
36 16 169.918
36 17 97.4814
36 19 8.13061
36 22 75.7102
36 23 131.811
36 27 71.0619
36 31 79.6573
36 32 70.8964
36 34 96.3102
36 37 93.5405
36 40 65.2023
36 41 98.7062
36 42 128.425
36 44 40.6905
36 45 66.764
36 48 112.664
36 49 142.654
36 50 17.124
36 52 71.413
36 53 13.6914
36 54 97.9024
36 56 125.242
36 58 112.123
36 60 72.7753
36 63 143.361
36 67 142.002
36 71 43.2714
36 75 54.2922
36 76 126.072
36 77 179.378
36 80 104.64
36 88 104.69
36 89 51.6797
36 90 101.94
36 93 106.74
36 94 78.4452
36 98 146.553
37 4 29.7593
37 6 76.6427
37 8 103.478
37 10 141.59
37 11 61.8683
37 12 192.952
37 15 174.609
37 17 143.623
37 18 110.912
37 20 69.0332
37 25 147.997
37 26 119.029
37 28 99.3306
37 30 28.4389
37 33 111.181
37 39 21.6698
37 41 137.194
37 42 65.7108
37 43 47.8482
37 44 112.146
37 52 91.6347
37 53 132.24
37 58 112.732
37 61 52.6237
37 62 5.37616
37 64 110.254
37 65 80.7933
37 68 117.504
37 69 146.072
37 71 125.068
37 72 150.845
37 76 97.7535
37 77 127.408
37 79 107.727
37 83 145.075
37 85 98.1397
37 86 55.7253
37 90 111.145
37 92 107.506
37 94 61.7837
37 95 86.4946
37 96 138.166
37 97 73.0057
37 98 107.412
38 0 172.942
38 1 63.9566
38 2 91.3835
38 10 138.315
38 12 128.291
38 13 160.26
38 17 87.2482
38 19 47.0868
38 20 57.1388
38 24 111.552
38 26 85.4873
38 27 85.3167
38 30 108
38 32 147.335
38 33 123.358
38 36 72.6955
38 37 68.1436
38 41 79.6749
38 44 53.5042
38 45 75.9596
38 46 128.888
38 49 127.119
38 51 89.5608
38 54 98.179
38 55 77.3814
38 58 111.007
38 59 116.352
38 60 1.75648
38 63 72.3865
38 66 138.994
38 67 123.341
38 68 187.499
38 69 135.194
38 70 113.441
38 72 99.2876
38 73 55.8638
38 74 29.0655
38 75 120.91
38 79 83.162
38 82 115.169
38 83 66.4795
38 86 77.1296
38 87 129.365
38 88 108.266
38 92 170.657
38 94 118.107
38 97 179.02
38 99 119.125
39 2 60.7787
39 4 145.188
39 5 132.284
39 6 124.102
39 9 60.566
39 11 164.148
39 15 131.159
39 29 155.936
39 32 157.003
39 33 134.773
39 36 54.8233
39 38 42.6606
39 41 121.553
39 47 96.0985
39 51 76.3008
39 55 99.5036
39 58 95.3301
39 59 95.9218
39 60 149.918
39 64 84.4726
39 65 107.845
39 67 154.941
39 69 161.519
39 73 84.8294
39 74 152.991
39 76 74.3317
39 77 139.737
39 80 77.7964
39 82 116.058
39 85 84.4195
39 87 187.643
39 88 103.709
39 90 185.646
39 93 140.142
39 94 78.2654
39 95 201.534
39 97 47.1753
40 0 104.887
40 3 45.9475
40 5 124.761
40 7 111.627
40 11 109.775
40 15 129.13
40 18 89.8797
40 26 113.503
40 27 104.999
40 28 126.829
40 30 112.994
40 37 79.7177
40 38 93.1716
40 39 135.696
40 41 58.1725
40 43 143.477
40 45 51.0648
40 46 145.628
40 47 73.5802
40 48 142.469
40 49 84.1084
40 50 132.037
40 51 74.2215
40 55 82.7475
40 57 126.695
40 58 88.1107
40 59 87.0109
40 60 99.7762
40 62 150.958
40 63 72.6962
40 64 98.3016
40 65 125.254
40 66 182.448
40 67 98.7666
40 68 115.958
40 69 35.0852
40 70 61.4827
40 71 115.042
40 73 121.161
40 77 91.8707
40 78 123.473
40 79 136.141
40 80 137.253
40 83 149.729
40 85 38.6011
40 89 131.142
40 90 107.496
40 92 122.409
40 95 116.29
41 0 113.538
41 5 65.3397
41 7 111.684
41 8 89.2696
41 9 59.9196
41 10 54.756
41 12 111.58
41 14 109.766
41 15 176.359
41 19 70.4812
41 24 98.5356
41 25 99.2135
41 27 164.176
41 30 79.8236
41 32 72.0054
41 33 132.804
41 34 29.5349
41 42 109.212
41 43 57.6265
41 44 95.7403
41 45 109.31
41 47 61.0908
41 50 69.4168
41 51 76.1971
41 52 126.422
41 54 129.256
41 59 119.976
41 61 164.088
41 62 60.0769
41 64 15.178
41 65 66.5289
41 66 94.632
41 70 102.769
41 77 131.126
41 78 109.793
41 79 118.283
41 81 117.655
41 85 124.524
41 86 136.752
41 87 93.0927
41 89 56.8168
41 90 133.735
41 92 71.7441
41 93 109.544
41 95 146.287
41 96 12.7843
41 98 150.482
42 3 69.574
42 8 29.1967
42 9 86.6497
42 10 96.8126
42 11 61.3729
42 12 135.404
42 14 139.151
42 18 62.0369
42 21 150.585
42 22 15.8855
42 23 112.833
42 25 131.879
42 28 106.985
42 30 127.386
42 32 142.488
42 33 83.255
42 34 35.3188
42 38 53.8119
42 39 149.953
42 43 44.814
42 46 142.363
42 48 102.605
42 52 90.4581
42 58 105.16
42 59 56.3945
42 61 129.112
42 62 87.9914
42 64 93.7442
42 66 24.1954
42 68 214.804
42 69 178.902
42 70 115.344
42 72 148.718
42 75 51.805
42 77 109.968
42 78 32.9221
42 79 100.519
42 81 107.536
42 83 161.689
42 84 135.694
42 89 66.8623
42 93 103.345
42 94 174.76
42 95 106.321
42 97 38.5413
42 99 113.785
43 1 119.068
43 2 93.2481
43 4 145.64
43 9 80.6256
43 10 107.572
43 13 84.1637
43 14 77.1765
43 15 132.049
43 16 98.0657
43 19 59.7281
43 20 112.133
43 21 59.7095
43 22 109.745
43 24 86.829
43 28 49.6686
43 29 186.924
43 35 87.9386
43 36 80.5738
43 39 77.2019
43 45 19.3808
43 46 59.6558
43 57 23.7469
43 58 152.641
43 62 92.3707
43 66 207.122
43 68 109.487
43 71 102.492
43 72 130.317
43 74 114.657
43 78 127.522
43 79 190.092
43 86 133.03
43 87 102.239
43 88 83.5928
43 91 110.354
43 92 146.363
43 95 145.762
43 99 125.957
44 2 79.9584
44 3 94.3989
44 6 87.4048
44 9 57.1036
44 13 103.835
44 22 143.034
44 24 95.8316
44 25 171.021
44 26 112.298
44 27 114.879
44 30 71.1358
44 32 80.6834
44 33 84.3382
44 35 50.4243
44 39 154.563
44 40 103.053
44 42 84.4995
44 43 130.809
44 45 75.3427
44 51 73.6889
44 53 145.087
44 55 70.7903
44 56 89.9139
44 58 75.0269
44 61 78.8474
44 62 109.215
44 69 137.975
44 74 89.9953
44 75 137.221
44 83 163.711
44 84 108.272
44 88 61.8345
44 89 70.7961
44 90 106.051
44 91 73.4618
44 92 127.078
44 93 36.3599
44 94 101.418
44 95 67.7222
44 98 93.1954
44 99 115.527
45 2 113.446
45 3 90.2046
45 4 136.044
45 9 49.2066
45 12 183.129
45 13 89.4834
45 14 75.7793
45 16 68.8839
45 18 125.699
45 25 130.32
45 26 69.6094
45 27 142.919
45 30 21.4312
45 31 111.169
45 32 87.8634
45 39 91.9534
45 42 104.144
45 48 112.511
45 49 53.2786
45 50 67.7137
45 54 54.211
45 55 27.3235
45 56 75.2038
45 60 1.94169
45 70 88.1688
45 75 100.134
45 76 147.283
45 77 138.683
45 79 61.6576
45 82 92.1134
45 83 196.323
45 86 88.1133
45 87 119.521
45 91 72.7616
45 92 97.6696
45 93 131.412
45 94 100.112
45 97 103.182
45 99 93.0145
46 0 90.6088
46 1 76.2782
46 2 53.0496
46 4 36.0112
46 5 149.619
46 6 92.1575
46 7 121.363
46 8 139.476
46 10 113.285
46 11 103.91
46 12 193.803
46 14 57.2124
46 16 82.7968
46 18 134.347
46 22 27.8705
46 23 114.469
46 24 119.986
46 25 94.4602
46 29 118.189
46 33 62.056
46 35 73.7799
46 36 98.8278
46 37 80.7219
46 44 131.337
46 49 115.92
46 52 126.909
46 54 17.7684
46 55 92.213
46 57 48.7466
46 60 156.414
46 62 77.282
46 67 18.7832
46 71 143.412
46 73 91.619
46 79 115.102
46 81 90.606
46 82 16.3153
46 97 101.566
47 0 122.01
47 8 127.425
47 9 111.479
47 11 21.7461
47 13 109.893
47 17 129.861
47 19 183.329
47 21 83.6829
47 22 102.906
47 23 102.054
47 24 230.655
47 25 122.949
47 26 84.9179
47 27 74.3299
47 28 148.102
47 29 41.2327
47 32 106.065
47 33 101.655
47 34 42.7891
47 35 128.385
47 38 104.546
47 42 110.742
47 43 138.286
47 45 126.964
47 46 75.3156
47 48 165.437
47 52 32.7471
47 53 34.0216
47 54 120.556
47 55 113.71
47 56 135.887
47 57 137.205
47 59 79.724
47 65 161.775
47 69 148.443
47 70 109.78
47 71 56.9382
47 73 104.873
47 74 170.531
47 78 89.4735
47 80 101.363
47 81 45.2628
47 83 115.089
47 85 215.568
47 89 144.528
47 90 127.009
47 91 66.6978
47 92 44.9338
47 93 118.035
47 95 31.3303
47 96 140.167
47 99 86.8588
48 1 37.3131
48 2 72.3025
48 3 192.301
48 4 125.084
48 5 115.458
48 9 173.548
48 13 136.601
48 15 151.663
48 16 73.3882
48 19 149.488
48 20 106.727
48 24 81.6171
48 28 96.8126
48 31 97.8924
48 32 124.504
48 33 73.8821
48 34 132.732
48 35 146.726
48 38 201.278
48 39 20.2478
48 41 101.015
48 43 88.112
48 44 84.322
48 46 168.427
48 49 96.7161
48 53 94.597
48 54 58.8038
48 57 174.648
48 59 111.916
48 60 129.61
48 61 148.859
48 64 139.533
48 66 77.7009
48 67 111.381
48 73 104.888
48 75 84.1884
48 77 42.6644
48 78 51.6525
48 79 67.3741
48 80 111.64
48 81 103.286
48 87 24.6199
48 93 131.626
48 95 92.0301
48 97 5.38301
48 98 62.6148
49 2 66.1915
49 5 123.616
49 10 29.9552
49 11 53.5382
49 14 156.488
49 16 105.291
49 20 104.597
49 21 88.5419
49 26 78.6277
49 28 95.8678
49 30 146.099
49 31 103.784
49 32 76.4469
49 33 118.205
49 35 139.128
49 37 90.1517
49 39 100.525
49 41 122.717
49 43 94.0666
49 44 50.3949
49 47 159.671
49 51 137.764
49 53 110.094
49 57 108.675
49 61 106.136
49 63 145.669
49 69 85.3186
49 70 109.175
49 71 137.297
49 78 161.645
49 79 117.267
49 80 158.223
49 83 67.3611
49 84 78.0882
49 85 129.923
49 90 76.0231
49 92 89.8538
49 94 70.0415
49 96 78.9587
49 97 114.879
49 99 82.9745
50 0 93.3214
50 2 13.3685
50 4 109.747
50 5 97.2155
50 6 91.8781
50 7 35.3523
50 8 21.8202
50 11 97.8579
50 12 53.1067
50 13 93.7906
50 15 64.3232
50 16 107.546
50 19 130.407
50 27 137.205
50 28 30.5514
50 30 83.0701
50 32 129.489
50 33 52.607
50 35 123.023
50 37 91.9518
50 39 103.658
50 42 42.7624
50 43 105.418
50 44 34.3171
50 46 122.505
50 47 138.827
50 48 106.029
50 49 28.136
50 53 80.3547
50 55 109.999
50 57 139.297
50 58 69.396
50 62 71.8429
50 64 105.033
50 66 191.225
50 67 95.7623
50 70 121.265
50 74 61.8667
50 75 79.3246
50 77 3.39635
50 78 40.2998
50 79 87.6555
50 81 71.2866
50 84 83.2631
50 85 112.112
50 90 174.4
50 91 97.817
50 92 114.85
50 94 187.877
50 98 172.309
51 0 89.2441
51 1 81.4635
51 2 107.851
51 3 47.3502
51 4 89.5021
51 5 70.0933
51 6 134.688
51 7 127.299
51 8 61.1648
51 9 115.94
51 10 112.027
51 12 78.1817
51 14 122.892
51 16 66.8786
51 17 63.1259
51 20 102.278
51 21 38.7584
51 23 205.199
51 25 43.4181
51 29 97.4063
51 30 99.8959
51 31 71.5998
51 33 98.9265
51 35 70.2127
51 36 45.0617
51 37 160.961
51 42 17.1257
51 45 83.3554
51 46 92.8466
51 47 33.5065
51 50 48.5609
51 52 131.661
51 54 79.336
51 55 61.5018
51 60 143.999
51 63 96.8867
51 65 142.71
51 66 97.9432
51 69 128.109
51 70 69.209
51 75 146.352
51 76 62.3745
51 77 56.1214
51 80 117.878
51 81 73.4859
51 83 78.4663
51 85 82.431
51 88 3.24295
51 90 136.501
51 91 40.0504
51 92 176.591
51 93 143.395
51 95 71.3287
51 98 111.929
51 99 61.536
52 1 109.712
52 2 44.8941
52 3 46.7031
52 4 45.9777
52 5 101.931
52 7 123.314
52 11 119.411
52 12 89.6172
52 14 167.954
52 15 190.043
52 23 66.9254
52 29 87.3696
52 33 149.704
52 38 56.906
52 39 66.9222
52 40 83.9574
52 43 91.6154
52 44 112.585
52 45 112.728
52 48 92.3826
52 57 76.3654
52 58 161.621
52 59 83.6926
52 60 122.392
52 63 133.496
52 64 87.355
52 66 124.606
52 67 116.054
52 77 50.7473
52 78 93.3592
52 80 23.9826
52 84 61.4886
52 86 136.583
52 88 96.5211
52 89 92.1057
52 90 45.9416
52 91 69.3954
52 93 127.078
52 95 111.982
52 99 46.1597
53 0 101.968
53 2 66.3746
53 4 128.046
53 5 51.5146
53 7 98.8928
53 13 108.49
53 14 127.75
53 21 155.243
53 23 52.0494
53 25 88.4371
53 30 90.2293
53 31 49.8942
53 32 72.2941
53 38 134.187
53 39 123.039
53 40 98.6463
53 41 73.9195
53 42 133.784
53 43 103.949
53 45 117.856
53 51 100.996
53 52 49.7566
53 61 156.38
53 64 169.01
53 65 149.738
53 69 119.647
53 70 102.594
53 71 104.6
53 72 80.3745
53 73 132.512
53 74 112.123
53 75 50.7024
53 78 95.0581
53 80 140.898
53 84 69.1557
53 85 190.588
53 87 53.7315
53 90 168.36
53 94 60.4333
53 96 125.454
53 97 81.6565
54 0 117.464
54 2 146.554
54 11 137.727
54 12 152.138
54 15 128.415
54 16 170.87
54 17 148.923
54 18 29.2144
54 20 82.6528
54 22 99.0816
54 24 92.0221
54 25 87.9828
54 30 161.705
54 32 79.7612
54 33 161.769
54 39 103.371
54 40 140.137
54 42 91.2408
54 43 95.2785
54 44 81.4413
54 49 136.06
54 52 121.542
54 53 45.2348
54 55 65.5063
54 56 105.155
54 61 83.8498
54 63 70.1925
54 65 109.741
54 68 62.9964
54 71 150.429
54 72 114.385
54 73 51.4652
54 75 77.2061
54 76 43.5712
54 78 104.385
54 79 144.621
54 80 51.869
54 83 172.452
54 85 86.0882
54 88 139.756
54 92 100.681
54 93 81.9246
54 96 167.959
54 97 50.1555
55 0 157.844
55 2 51.1507
55 4 123.02
55 10 86.1887
55 11 75.8691
55 12 205.783
55 14 110.484
55 15 55.3419
55 19 83.4058
55 22 112.366
55 23 131.202
55 27 123.969
55 28 105.695
55 30 193.489
55 33 69.9074
55 34 123.689
55 35 93.2429
55 41 52.931
55 42 70.0875
55 43 44.7071
55 48 77.6937
55 49 106.93
55 52 126.596
55 53 110.731
55 58 137.51
55 59 186.065
55 60 79.6636
55 62 94.173
55 65 93.9614
55 66 125.583
55 68 73.5487
55 70 68.6496
55 71 124.53
55 75 64.4882
55 76 78.7635
55 77 111.182
55 78 55.8893
55 79 170.309
55 80 115.962
55 82 140.229
55 84 51.276
55 86 105.345
55 89 167.812
55 91 155.312
55 93 92.071
55 94 71.6509
55 97 125.948
56 0 73.1291
56 3 66.6614
56 4 74.157
56 8 59.5509
56 10 149.826
56 11 54.665
56 18 92.1988
56 22 65.0002
56 25 17.8941
56 29 129.33
56 30 68.3208
56 31 93.6133
56 32 126.714
56 35 168.315
56 39 122.178
56 40 162.642
56 41 59.4013
56 43 108.974
56 46 71.5862
56 49 109.136
56 50 141.55
56 51 99.1237
56 52 30.7339
56 53 101.416
56 55 71.6367
56 58 69.3321
56 60 108.549
56 61 177.227
56 62 50.5
56 65 154.1
56 66 140.569
56 67 17.6026
56 69 86.8843
56 71 124.777
56 72 22.8606
56 73 114.397
56 74 196.48
56 76 82.3006
56 79 132.472
56 81 125.075
56 82 50.2341
56 83 104.788
56 84 12.4212
56 90 22.0649
56 93 46.3719
56 94 52.2775
57 0 22.5278
57 2 126.229
57 5 107.454
57 6 150.979
57 8 57.9915
57 11 95.3231
57 12 124.359
57 14 95.6868
57 16 148.616
57 17 99.1672
57 20 224.249
57 21 90.2082
57 23 53.3396
57 25 143.394
57 27 73.9261
57 29 85.2196
57 34 44.7799
57 37 85.4458
57 39 70.3772
57 41 59.2905
57 44 136.085
57 45 105.548
57 51 129.759
57 53 121.282
57 54 136.663
57 55 50.4871
57 58 98.0742
57 63 129.22
57 64 162.538
57 66 82.4735
57 67 186.518
57 72 173.867
57 73 82.2871
57 77 147.957
57 78 154.599
57 79 89.0308
57 80 160.999
57 81 135.913
57 86 135.839
57 87 166.688
57 88 20.5536
57 94 112.263
57 97 52.0952
58 0 153.614
58 3 31.0149
58 9 57.5436
58 12 175.644
58 13 112.331
58 17 84.4023
58 19 117.172
58 20 125.873
58 22 102.612
58 30 65.8032
58 32 18.9221
58 33 144.589
58 34 74.6649
58 35 67.1648
58 41 42.6256
58 47 149.903
58 48 67.9533
58 49 76.9479
58 53 86.6647
58 54 61.9517
58 59 113.579
58 60 17.2861
58 61 102.177
58 63 113.825
58 64 120.088
58 65 128.882
58 67 138.398
58 69 101.649
58 70 37.4015
58 72 79.8606
58 79 146.212
58 81 103.196
58 88 136.775
58 90 81.1801
58 91 99.513
58 92 135.675
58 94 141.883
59 0 135.59
59 3 75.0812
59 4 57.3277
59 5 63.1215
59 7 133.255
59 9 71.756
59 11 63.8694
59 14 91.8321
59 16 114.385
59 18 101.138
59 20 148.476
59 25 62.534
59 27 161.091
59 28 83.441
59 29 28.2948
59 31 82.3316
59 33 135.241
59 34 140.159
59 36 94.242
59 44 75.2397
59 45 119.968
59 49 83.9969
59 50 145.957
59 51 86.9912
59 53 34.9009
59 54 26.2801
59 56 84.4568
59 57 62.1766
59 65 118.268
59 69 115.408
59 73 9.00316
59 76 72.1829
59 78 87.1782
59 79 64.5558
59 81 102.687
59 83 143.867
59 85 114.848
59 87 70.7528
59 95 76.5435
59 99 136.445
60 1 62.2687
60 2 96.3395
60 4 93.9507
60 7 52.0638
60 12 93.6135
60 13 168.331
60 14 5.72013
60 15 15.0879
60 19 85.5609
60 22 124.129
60 29 110.316
60 31 181.328
60 34 105.852
60 37 163.912
60 41 29.4666
60 42 9.93745
60 43 52.5973
60 44 107.661
60 47 127.521
60 49 170.123
60 53 100.178
60 54 109.23
60 57 53.5726
60 63 126.222
60 66 161.356
60 67 143.875
60 68 120.607
60 70 65.3102
60 72 100.456
60 76 126.761
60 77 4.62348
60 78 118.41
60 79 75.0387
60 82 170.283
60 84 121.594
60 85 116.162
60 86 49.3805
60 88 129.59
60 90 94.8359
60 91 30.4087
60 94 107.015
60 95 97.4582
60 98 51.8919
61 0 103.445
61 2 91.4113
61 3 108.239
61 7 32.3634
61 9 119.018
61 11 55.2329
61 12 153.599
61 13 109.938
61 14 63.3525
61 17 81.6568
61 25 95.1737
61 27 177.53
61 30 130.276
61 31 134.191
61 32 54.9982
61 36 88.9143
61 39 99.1046
61 45 110.204
61 46 61.0495
61 51 111.237
61 57 75.841
61 59 121.358
61 60 128.113
61 62 89.8385
61 63 151.5
61 64 79.3007
61 69 92.2044
61 72 80.0536
61 75 64.3941
61 78 137.679
61 80 132.562
61 82 90.727
61 85 92.3852
61 86 187.4
61 88 51.6609
61 89 167.785
61 90 146.335
61 93 150.961
61 94 62.0879
61 98 59.105
62 0 95.9498
62 2 75.3592
62 6 116.42
62 9 75.037
62 10 114.494
62 11 114.044
62 13 131.56
62 14 32.3321
62 15 78.5279
62 16 134.009
62 19 136.643
62 24 74.1643
62 26 84.141
62 27 43.546
62 28 87.219
62 31 86.3004
62 33 69.8923
62 36 86.261
62 39 51.738
62 45 123.846
62 47 175.727
62 48 90.8522
62 49 132.977
62 51 80.0699
62 52 43.0178
62 53 85.7179
62 57 138.092
62 58 16.4181
62 59 101.305
62 60 106.978
62 63 111.649
62 64 127.274
62 65 78.0668
62 79 111.88
62 82 72.6227
62 84 109.971
62 87 142.786
62 93 112.007
62 94 88.3848
62 95 91.9735
63 1 106.046
63 4 138.469
63 6 93.5893
63 8 124.77
63 9 21.4149
63 10 119.533
63 12 131.705
63 13 49.1864
63 14 77.9908
63 15 87.5473
63 16 93.8954
63 17 105.665
63 20 127.641
63 24 108.856
63 32 130.197
63 33 33.2095
63 35 77.6254
63 37 170.93
63 39 115.217
63 41 157.713
63 42 133.061
63 44 77.0572
63 45 63.2877
63 46 62.6125
63 47 57.8578
63 48 29.2693
63 50 161.103
63 55 32.4764
63 56 95.5794
63 59 40.8619
63 65 61.0297
63 66 101.542
63 68 111.191
63 69 100.416
63 72 105.569
63 73 165.917
63 75 30.245
63 77 88.4898
63 80 104.484
63 81 66.7421
63 86 133.038
63 89 152.564
63 98 164.683
64 3 92.8303
64 6 130.513
64 7 94.6272
64 8 48.0299
64 12 25.0393
64 18 79.4521
64 22 133.176
64 23 85.9571
64 24 77.4716
64 25 118.851
64 27 78.0989
64 28 130.01
64 29 77.3173
64 30 137.019
64 34 78.8718
64 36 166.985
64 44 108.878
64 45 97.7381
64 46 100.486
64 47 168.138
64 49 99.3019
64 51 62.6268
64 54 163.436
64 55 104.431
64 56 79.5094
64 59 122.846
64 60 112.064
64 63 93.3271
64 65 78.6224
64 68 121.854
64 70 145.566
64 75 68.3488
64 76 168.647
64 79 138.938
64 81 148.052
64 82 105.633
64 85 119.999
64 87 114.024
64 96 137.528
64 99 99.1969
65 0 68.5288
65 2 151.834
65 3 93.5848
65 4 136.174
65 5 97.9943
65 7 146.975
65 9 120.066
65 10 61.7627
65 12 130.451
65 13 163.027
65 14 180.113
65 17 94.6012
65 18 117.837
65 22 115.138
65 26 150.127
65 27 77.8548
65 28 29.6796
65 29 110.967
65 31 105.413
65 33 147.93
65 34 42.8981
65 38 154.057
65 42 93.439
65 43 158.115
65 44 104.132
65 45 73.6346
65 46 79.024
65 49 60.7066
65 50 60.3355
65 52 161.101
65 60 104.414
65 61 127.834
65 66 140.795
65 67 159.351
65 68 78.3962
65 70 125.578
65 72 66.3815
65 73 61.1567
65 74 87.862
65 75 1.25358
65 76 132.653
65 77 104.408
65 81 120.523
65 85 86.0434
65 86 157.067
65 95 103.945
65 96 126.931
65 99 71.7469
66 0 41.2274
66 1 116.111
66 5 146.2
66 6 88.8643
66 7 190.051
66 9 116.694
66 10 202.272
66 11 40.6079
66 12 23.331
66 13 113.917
66 16 97.0245
66 24 61.828
66 27 129.402
66 28 198.432
66 29 70.3375
66 31 135.579
66 33 82.0165
66 35 196.854
66 36 114.907
66 37 127.052
66 39 63.629
66 44 156.456
66 46 116.375
66 47 120.627
66 49 73.7655
66 53 40.737
66 58 116.834
66 59 68.7901
66 61 99.707
66 62 51.8044
66 64 91.4241
66 68 150.871
66 70 70.7023
66 76 97.661
66 77 26.62
66 81 115.847
66 82 117.422
66 83 75.7181
66 85 67.9666
66 86 129.432
66 87 99.2717
66 89 102.153
66 91 75.3123
66 92 11.4389
66 94 76.2298
66 97 178.931
66 98 132.714
67 0 95.7099
67 1 89.7277
67 4 43.7411
67 7 56.5925
67 8 175.91
67 9 102.583
67 10 119.306
67 11 82.7092
67 12 65.1546
67 13 86.4422
67 14 87.1993
67 16 54.9903
67 18 154.927
67 21 123.028
67 24 110.752
67 25 45.1369
67 26 72.4691
67 27 175.671
67 29 51.3716
67 30 87.0405
67 33 132.515
67 34 59.4132
67 37 75.9217
67 41 108.438
67 42 109.177
67 43 105.198
67 44 89.7589
67 45 158.73
67 47 115.865
67 49 73.7543
67 51 89.2555
67 53 59.7623
67 55 134.683
67 59 2.18867
67 61 99.7099
67 62 23.2195
67 63 81.1175
67 64 88.3117
67 66 111.725
67 68 115.1
67 70 100.204
67 74 30.4691
67 75 97.2181
67 76 120.482
67 81 13.0536
67 82 132.517
67 86 110.505
67 87 124.952
67 90 102.796
67 91 115.948
67 93 24.2199
67 95 133.816
67 98 67.3464
68 2 86.6685
68 3 50.1565
68 5 121.381
68 6 94.2159
68 7 110.108
68 13 132.295
68 17 115.036
68 20 140.468
68 21 93.1666
68 24 68.2157
68 25 60.6758
68 26 84.0739
68 27 145.995
68 28 111.773
68 39 71.5579
68 41 57.1591
68 44 14.0043
68 45 77.5519
68 46 89.6478
68 48 104.44
68 49 48.8273
68 50 109.814
68 51 78.4294
68 52 90.0848
68 53 93.3456
68 56 92.0223
68 57 109.534
68 59 102.493
68 62 44.8603
68 70 76.9246
68 75 117.182
68 77 80.0201
68 79 12.2414
68 81 132.97
68 82 109.974
68 85 46.2796
68 90 111.451
68 93 76.3654
68 94 74.3795
68 97 100.956
68 99 98.1942
69 3 84.878
69 4 113.642
69 7 69.4142
69 9 119.69
69 14 143.983
69 19 83.1562
69 24 48.4409
69 25 91.3734
69 26 34.6449
69 31 77.5691
69 34 113.477
69 35 176.15
69 41 100.425
69 43 111.796
69 45 115.058
69 46 63.9203
69 48 106.493
69 52 140.832
69 54 123.883
69 55 59.7625
69 60 91.4106
69 62 142.239
69 65 102.692
69 66 79.6734
69 68 44.5118
69 70 25.7225
69 75 95.8967
69 77 127.45
69 78 187.522
69 79 171.029
69 80 115.901
69 84 114.408
69 87 126.102
69 93 137.443
69 96 56.615
69 97 119.363
70 1 127.734
70 2 24.632
70 3 37.1761
70 4 97.8492
70 5 109.407
70 7 186.602
70 11 100.914
70 13 128.028
70 16 139.101
70 18 61.559
70 22 56.8411
70 27 122.734
70 28 139.369
70 31 62.6411
70 35 44.8528
70 37 104.473
70 43 141.54
70 44 23.3433
70 46 67.7771
70 48 99.6651
70 52 86.9454
70 54 75.2752
70 56 147.06
70 57 114.713
70 59 116.295
70 63 11.7422
70 72 118.255
70 74 71.6731
70 75 69.6018
70 77 82.5696
70 79 96.1391
70 80 57.1101
70 83 96.4212
70 85 90.083
70 86 92.8691
70 87 111.537
70 88 51.9393
70 92 120.099
70 93 93.2018
70 94 94.533
70 95 205.312
70 98 141.155
70 99 70.2267
71 0 133.484
71 5 156.962
71 6 136.236
71 7 6.07125
71 9 119.16
71 17 74.578
71 18 69.2508
71 20 134.543
71 24 91.7693
71 25 58.2057
71 32 140.264
71 33 125.198
71 35 138.176
71 39 54.8316
71 42 84.2229
71 44 164.183
71 45 98.8683
71 51 96.8288
71 52 64.5298
71 57 64.6298
71 58 157.566
71 59 105.047
71 60 15.1484
71 61 45.0299
71 62 89.9544
71 63 130.384
71 64 121.34
71 65 128.072
71 66 127.933
71 67 128.981
71 68 131.646
71 69 94.9152
71 70 100.324
71 75 77.4259
71 79 44.4945
71 82 46.7408
71 83 81.8698
71 84 136.331
71 87 126.165
71 88 98.8676
71 90 46.2032
71 91 148.98
71 93 95.1579
71 94 82.3964
71 96 163.646
71 99 122.749
72 0 153.793
72 1 52.5874
72 2 143.835
72 7 36.0173
72 8 193.98
72 9 105.256
72 10 80.0096
72 12 79.1573
72 13 121.598
72 14 71.093
72 15 66.2779
72 20 112.889
72 21 108.61
72 23 111.014
72 24 149.504
72 29 168.496
72 31 85.0296
72 32 58.7687
72 34 161.744
72 36 43.2052
72 39 5.26717
72 40 84.1304
72 41 129.139
72 44 118.927
72 45 106.337
72 46 103.657
72 47 158.752
72 49 63.1913
72 51 127.072
72 52 79.2693
72 55 153.878
72 62 102.715
72 64 112.005
72 66 123.459
72 67 27.2278
72 71 150.678
72 75 112.067
72 76 51.0955
72 78 101.24
72 79 117.673
72 80 98.0525
72 82 66.5807
72 83 62.1348
72 84 85.9822
72 90 21.613
72 96 45.3073
72 97 66.472
73 4 33.4782
73 7 104.674
73 9 126.348
73 11 115.475
73 12 95.4589
73 13 85.3144
73 15 93.9003
73 16 97.1945
73 19 103.427
73 20 81.2111
73 21 127.931
73 22 221.854
73 24 116.773
73 26 95.8926
73 31 77.4704
73 32 54.4574
73 33 106.08
73 36 53.6083
73 37 180.643
73 41 101.642
73 42 127.239
73 43 108.325
73 44 135.262
73 45 59.5252
73 49 101.95
73 50 176.332
73 51 114.406
73 52 105.235
73 55 90.385
73 61 43.9217
73 62 122.643
73 64 102.06
73 66 113.673
73 67 125.479
73 68 109.339
73 69 82.8177
73 70 144.886
73 71 96.612
73 72 130.566
73 74 49.727
73 75 135.19
73 76 71.2423
73 77 74.0743
73 82 91.3685
73 83 73.9553
73 84 30.7235
73 87 70.8324
73 89 93.0875
73 90 71.0485
73 94 81.7157
73 95 100.851
73 96 95.4149
73 97 95.7847
73 98 141.468
74 1 45.9013
74 4 80.0813
74 5 61.2149
74 6 51.5663
74 7 110.283
74 8 71.0384
74 9 78.9307
74 10 96.8941
74 15 94.5574
74 19 136.294
74 20 169.643
74 22 72.1468
74 23 130.19
74 24 78.1744
74 25 42.7438
74 26 46.1455
74 27 86.5941
74 28 109.402
74 30 133.159
74 33 97.2174
74 36 26.2471
74 37 105.191
74 40 127.599
74 42 72.8688
74 45 64.3061
74 46 24.9616
74 48 13.2691
74 49 70.3223
74 51 67.5702
74 52 50.3975
74 54 64.9756
74 55 57.1312
74 57 22.3396
74 58 173.948
74 59 41.9088
74 60 158.09
74 62 127.409
74 63 125.585
74 64 120.143
74 69 40.7845
74 72 163.905
74 75 112.447
74 80 124.868
74 83 91.3334
74 85 66.8081
74 86 105.556
74 89 67.7815
74 90 76.4903
74 91 118.281
74 92 84.3624
74 93 49.1085
74 94 43.474
74 96 117.233
74 97 63.0295
75 0 125.211
75 3 84.8983
75 4 81.8922
75 7 121.82
75 8 155.762
75 9 93.3402
75 10 125.502
75 15 36.2106
75 22 186.616
75 24 88.8785
75 26 31.3877
75 27 77.8037
75 29 100.566
75 31 99.2944
75 32 57.6443
75 34 138.259
75 35 158.613
75 37 38.7589
75 39 54.6945
75 40 103.52
75 41 151.404
75 43 123.412
75 46 95.4188
75 47 174.259
75 52 61.9653
75 57 72.8364
75 58 33.9751
75 60 124.361
75 66 60.0591
75 76 57.2498
75 78 65.2321
75 79 61.1208
75 82 69.7906
75 86 146.059
75 90 94.2303
75 92 19.6797
75 93 31.5429
75 95 153.699
75 96 109.03
76 1 158.47
76 2 18.6694
76 3 155.662
76 4 77.6399
76 9 79.2779
76 12 94.4022
76 17 43.2406
76 20 122.009
76 24 26.5502
76 25 87.9028
76 27 126.402
76 28 121.145
76 30 109.616
76 33 84.5508
76 34 67.4086
76 38 53.7117
76 40 156.596
76 41 75.1826
76 42 99.7196
76 43 147.751
76 44 64.1429
76 46 67.7759
76 47 95.392
76 48 164.634
76 49 132.928
76 50 86.9482
76 52 122.934
76 53 209.76
76 57 83.4002
76 61 0.417007
76 62 89.6389
76 63 106.265
76 68 41.8494
76 70 165.218
76 71 46.6099
76 82 154.362
76 84 58.0363
76 85 185.708
76 87 121.893
76 89 79.5046
76 95 90.2652
76 96 116.633
76 98 134.419
76 99 178.372
77 0 56.3004
77 2 55.1314
77 5 82.5811
77 9 110.347
77 11 12.353
77 12 125.612
77 13 180.016
77 14 113.7
77 21 106.104
77 22 93.5914
77 27 56.0217
77 30 101.991
77 34 99.6982
77 43 5.71037
77 46 68.6195
77 47 46.1832
77 49 52.5934
77 53 89.1646
77 54 63.2795
77 56 88.543
77 58 137.385
77 59 147.492
77 61 142.868
77 64 126.401
77 67 138.794
77 71 116.94
77 72 95.8242
77 74 111.216
77 75 147.657
77 76 112.697
77 79 140.899
77 81 112.661
77 82 36.405
77 83 62.0993
77 84 74.2935
77 85 76.1609
77 87 84.047
77 89 158.887
77 95 70.1888
77 99 41.6441
78 0 115.056
78 2 87.2217
78 3 37.3159
78 5 104.199
78 8 31.7257
78 10 97.2829
78 13 171.255
78 15 159.559
78 16 111.481
78 20 53.5553
78 21 45.9489
78 22 70.0637
78 25 72.7533
78 26 95.6903
78 27 162.723
78 29 69.3305
78 36 111.322
78 38 118.967
78 39 92.3094
78 44 145.066
78 45 114.553
78 46 47.9965
78 51 120.702
78 56 134.778
78 58 114.561
78 62 108.126
78 63 110.935
78 64 140.398
78 65 21.7194
78 67 27.6612
78 70 6.18089
78 71 73.6543
78 74 155.415
78 76 116.038
78 79 165.604
78 80 119.328
78 81 68.7214
78 85 93.3391
78 86 177.119
78 89 101.745
78 93 110.338
78 96 86.3174
78 97 125.237
78 99 60.2539
79 1 48.1791
79 5 78.8447
79 6 117.565
79 10 88.8306
79 14 95.426
79 15 132.652
79 16 57.6389
79 22 109.42
79 25 67.9677
79 26 66.3209
79 30 87.96
79 31 111.491
79 33 114.049
79 34 76.2985
79 35 99.5441
79 36 55.7224
79 61 75.8148
79 63 133.922
79 65 75.5159
79 66 111.299
79 73 150.744
79 74 126.538
79 76 125.678
79 81 146.505
79 82 86.6423
79 87 71.6562
79 93 39.1099
79 96 155.014
80 0 89.6884
80 2 183.419
80 7 134.584
80 10 81.4123
80 12 144.849
80 14 105.721
80 17 87.1972
80 21 42.4691
80 22 106.038
80 23 80.8925
80 28 105.071
80 34 38.0177
80 37 136.556
80 38 68.0741
80 42 56.4919
80 44 100.444
80 46 78.3417
80 50 33.1375
80 56 121.777
80 60 109.321
80 62 58.4338
80 64 114.499
80 65 122.741
80 66 56.0847
80 68 107.398
80 71 135.595
80 73 165.867
80 75 175.398
80 76 122.773
80 77 130.487
80 79 197.246
80 82 19.2642
80 84 76.2401
80 86 75.7886
80 87 21.6856
80 92 99.2333
80 94 134.621
80 99 73.0938
81 0 15.4757
81 1 120.33
81 4 81.2808
81 6 114.586
81 7 107.426
81 14 117.922
81 15 101.212
81 17 111.819
81 19 43.9445
81 25 100.785
81 26 85.1372
81 29 87.7491
81 31 62.3808
81 32 73.4841
81 35 56.6226
81 36 71.2069
81 37 111.903
81 38 99.5503
81 39 106.088
81 40 59.9869
81 43 94.7552
81 44 94.2982
81 45 136.897
81 52 96.1532
81 53 130.391
81 54 146.506
81 61 36.5023
81 62 139.591
81 69 132.508
81 70 39.4351
81 71 104.831
81 72 85.8016
81 74 84.305
81 75 79.9369
81 76 160.029
81 84 54.1432
81 85 60.0122
81 86 146.415
81 88 59.1018
81 89 159.481
81 93 160.256
81 94 163.333
81 96 64.8451
82 1 68.918
82 7 113.055
82 11 106.749
82 12 15.2382
82 15 116.2
82 17 127.192
82 19 83.377
82 22 59.1566
82 26 75.5722
82 31 88.6426
82 32 76.9685
82 33 57.7569
82 35 3.29039
82 36 154.532
82 37 95.7874
82 41 104.693
82 42 100.698
82 43 75.7326
82 44 50.9457
82 48 123.257
82 51 144.303
82 52 64.5753
82 54 97.1097
82 57 112.344
82 58 115.588
82 59 109.29
82 65 184.866
82 69 142.182
82 70 142.283
82 74 101.299
82 78 74.9145
82 81 132.046
82 84 110.517
82 85 84.2364
82 86 42.5251
82 89 93.7681
82 90 117.654
82 91 114.341
82 92 110.471
82 97 124.194
82 99 135.546
83 1 80.7834
83 5 54.1295
83 6 146.328
83 7 71.8076
83 10 116.926
83 12 171.276
83 16 134.432
83 17 101.652
83 20 154.052
83 22 138.722
83 23 89.9204
83 24 95.0787
83 27 134.993
83 31 72.988
83 32 161.011
83 35 118.156
83 36 116.094
83 39 48.3582
83 41 99.2011
83 43 55.1691
83 46 119.412
83 52 134.861
83 55 116.799
83 61 132.513
83 62 76.2135
83 63 143.387
83 64 75.4273
83 65 71.818
83 67 65.8549
83 68 86.8501
83 69 96.9221
83 76 150.552
83 78 39.8974
83 79 132.078
83 80 65.1508
83 81 147.972
83 84 60.0545
83 88 94.1212
83 89 103.265
83 90 61.3565
83 91 74.236
83 97 64.5094
83 98 105.715
83 99 7.5119
84 3 46.5885
84 4 78.0203
84 7 110.522
84 8 82.1425
84 12 88.5335
84 16 171.371
84 17 37.3184
84 18 116.91
84 19 64.1614
84 21 178.718
84 22 142.781
84 23 135.862
84 24 100.355
84 25 77.0713
84 27 111.313
84 32 114.631
84 33 154.355
84 37 80.8168
84 40 38.2655
84 41 71.2632
84 43 60.389
84 45 107.59
84 46 92.3001
84 47 46.6456
84 48 63.6855
84 51 85.8649
84 58 162.628
84 59 112.61
84 63 127.328
84 64 40.5758
84 65 178.939
84 66 107.905
84 67 87.7613
84 68 80.2476
84 74 142.066
84 75 120.768
84 79 71.5539
84 86 45.396
84 87 83.471
84 91 76.925
84 92 51.6953
84 95 163.705
84 96 74.5206
85 1 139.144
85 3 116.617
85 4 89.0716
85 5 78.294
85 7 97.2876
85 9 144.62
85 20 132.712
85 31 77.62
85 38 97.5115
85 42 109.967
85 43 124.463
85 44 40.327
85 45 159.641
85 46 83.8201
85 48 93.1661
85 52 84.1885
85 55 141.708
85 56 135.125
85 57 69.7543
85 58 126.317
85 62 45.4497
85 63 65.5756
85 67 64.0083
85 69 80.6089
85 71 83.0271
85 72 59.9456
85 73 82.6884
85 75 87.7297
85 79 49.5061
85 80 116.325
85 83 195.171
85 84 103.36
85 86 70.5289
85 87 52.018
85 91 94.4295
85 92 107.538
85 93 81.7065
85 95 98.2932
85 97 82.5439
85 99 76.102
86 0 108.125
86 3 26.2387
86 4 100.335
86 5 139.121
86 8 124.991
86 11 104.478
86 13 146.73
86 15 28.988
86 16 150.41
86 17 87.7036
86 20 143.589
86 23 62.0031
86 25 129.3
86 29 156.452
86 31 111.472
86 34 152.222
86 36 82.9654
86 39 85.6367
86 42 147.339
86 46 118.808
86 48 77.4349
86 49 83.5646
86 51 102.051
86 53 93.7166
86 54 129.611
86 56 108.774
86 58 62.7781
86 59 84.7437
86 62 109.949
86 64 32.9552
86 71 162.408
86 72 160.003
86 73 65.4942
86 76 55.2723
86 77 81.9832
86 79 118.034
86 83 8.17235
86 87 48.8415
86 88 99.5818
86 90 40.7607
86 91 108.062
86 92 102.127
86 93 87.798
86 94 153.755
86 98 72.6632
87 1 147.59
87 5 34.4966
87 6 125.635
87 7 36.5421
87 8 143.465
87 9 68.61
87 12 87.122
87 13 121.53
87 16 45.2421
87 17 134.105
87 20 132.319
87 21 38.3131
87 22 125.09
87 26 148.832
87 27 54.6895
87 29 139.199
87 34 29.5832
87 36 52.6056
87 37 33.8733
87 40 136.752
87 42 167.294
87 44 136.862
87 46 111.726
87 47 81.0473
87 49 124.852
87 52 125.93
87 54 91.9397
87 56 12.1858
87 61 158.619
87 63 136.87
87 65 72.7075
87 68 71.331
87 72 68.0005
87 74 56.3379
87 75 149.986
87 78 113.311
87 82 98.9166
87 83 61.1106
87 88 50.8221
87 91 160.304
87 92 34.1497
87 98 95.9872
87 99 113.671
88 1 167.861
88 3 104.187
88 12 53.2573
88 14 63.5887
88 16 47.7059
88 17 126.38
88 18 92.5879
88 20 95.8111
88 21 150.743
88 22 46.5222
88 26 84.1049
88 27 133.246
88 28 113.678
88 29 168.064
88 30 47.8039
88 31 84.3968
88 32 74.7397
88 37 169.196
88 40 76.1081
88 41 132.322
88 42 91.0942
88 45 120.634
88 48 53.0666
88 49 150.033
88 53 133.371
88 56 57.8737
88 59 72.5761
88 62 97.1238
88 64 103.535
88 65 152.999
88 66 115.366
88 67 86.3981
88 69 167.067
88 73 120.608
88 74 62.9552
88 75 107.017
88 76 36.2662
88 77 165.655
88 78 167.697
88 79 132.13
88 80 84.7174
88 82 136.398
88 85 161.471
88 93 81.0473
88 94 94.1477
88 96 92.329
88 97 84.361
88 98 172.655
88 99 139.835
89 0 171.811
89 1 110.238
89 3 49.0521
89 11 73.6522
89 13 113.538
89 14 78.2026
89 15 82.5692
89 16 97.9458
89 17 68.4918
89 21 63.7147
89 23 91.267
89 26 112.941
89 28 108.731
89 29 44.9421
89 30 71.7701
89 31 63.2969
89 35 112.994
89 37 128.14
89 38 74.9261
89 39 94.4978
89 43 111.171
89 45 122.399
89 46 112.415
89 48 103.589
89 49 137.315
89 50 113.968
89 51 59.1534
89 53 124.986
89 54 36.6916
89 57 137.585
89 58 116.55
89 59 132.28
89 60 56.8399
89 64 103.141
89 65 163.801
89 67 59.1859
89 68 120.779
89 69 126.99
89 70 28.2554
89 71 61.3481
89 72 103.337
89 75 23.0011
89 80 122.875
89 85 111.987
89 86 127.872
89 87 60.9766
89 91 121.257
89 94 59.6604
89 95 134.977
89 96 145.964
89 97 123.154
89 98 147.464
90 0 53.4549
90 1 34.0947
90 3 108.549
90 8 27.2758
90 9 117.868
90 10 123.092
90 11 149.009
90 12 137.23
90 13 142.377
90 15 100.904
90 16 78.6677
90 19 95.8137
90 22 87.3107
90 24 69.8729
90 25 97.8794
90 26 159.959
90 29 84.4072
90 33 126.505
90 34 82.5779
90 35 93.3247
90 38 171.464
90 42 119.564
90 43 83.3799
90 45 137.264
90 48 110.039
90 55 74.1867
90 57 64.4224
90 59 114.494
90 62 123.729
90 63 73.3118
90 64 104.314
90 65 122.058
90 66 66.8613
90 69 76.6115
90 70 63.6818
90 76 160.458
90 77 115.752
90 78 117.59
90 79 135.379
90 80 77.917
90 81 47.2315
90 84 64.7771
90 85 166.823
90 87 64.2757
90 88 170.745
90 89 129.253
90 93 107.906
90 95 127.074
90 97 31.8221
90 99 182.936
91 1 43.663
91 3 112.428
91 7 115.605
91 11 83.2703
91 12 97.9895
91 15 63.1713
91 16 168.907
91 17 90.8055
91 19 90.3665
91 20 90.9677
91 21 112.587
91 24 125.486
91 27 89.9576
91 28 183.035
91 29 47.9159
91 30 182.451
91 33 108.611
91 35 85.6787
91 36 105.276
91 37 39.3106
91 39 110.682
91 41 76.7546
91 46 144.844
91 48 99.8974
91 54 124.456
91 56 137.068
91 57 55.5964
91 59 137.968
91 61 115.596
91 62 166.582
91 63 157.566
91 64 18.0141
91 65 76.2906
91 68 83.974
91 69 96.9165
91 70 63.4822
91 73 73.8342
91 75 54.8458
91 77 22.3782
91 78 62.3121
91 79 121.329
91 80 74.7699
91 81 187.347
91 88 51.0253
91 90 130.905
91 92 79.7016
91 95 70.4607
92 0 65.528
92 1 90.4703
92 10 117.931
92 11 138.903
92 12 56.8079
92 13 36.3801
92 15 116.76
92 17 53.7605
92 23 113.714
92 25 93.5438
92 29 137.038
92 33 75.7966
92 34 82.7673
92 36 86.3029
92 39 125.62
92 42 85.0296
92 46 126.066
92 48 6.6735
92 52 30.8045
92 53 91.9
92 55 83.8771
92 56 103.605
92 57 163.347
92 59 109.861
92 60 56.0988
92 61 97.857
92 62 85.4206
92 64 151.241
92 65 45.8903
92 67 34.1835
92 68 37.3714
92 69 140.75
92 72 150.082
92 73 129.654
92 76 25.2831
92 77 88.767
92 78 81.208
92 79 116.994
92 81 78.7186
92 83 39.9884
92 88 57.3863
92 89 170.592
92 90 130.762
92 97 160.617
93 3 109.027
93 11 150.914
93 13 81.5231
93 15 96.9461
93 17 126.634
93 19 92.364
93 20 88.6479
93 21 139.844
93 22 65.588
93 24 41.5222
93 25 141.386
93 26 104.616
93 27 75.9147
93 28 116.99
93 33 34.4911
93 35 81.1827
93 37 95.4098
93 38 147.09
93 40 137.259
93 43 93.5416
93 46 74.4839
93 53 182.286
93 57 45.2528
93 58 132.648
93 60 104.57
93 63 76.1167
93 64 95.5673
93 65 113.746
93 73 66.1815
93 76 115.483
93 77 110.063
93 80 157.706
93 82 63.2018
93 83 95.7383
93 84 108.889
93 87 88.3885
93 91 53.0277
93 92 78.6097
93 96 86.1653
93 97 134.063
94 1 148.691
94 4 149.02
94 7 121.702
94 8 140.995
94 9 125.662
94 11 111.442
94 12 24.2513
94 13 81.9374
94 17 100.924
94 18 85.4377
94 20 128.034
94 21 107.496
94 22 97.1267
94 28 69.11
94 30 117.945
94 32 98.0166
94 35 89.7785
94 41 105.755
94 43 134.636
94 47 117.414
94 48 114.076
94 51 80.4476
94 52 86.466
94 54 113.816
94 72 77.0848
94 75 165.535
94 78 168.386
94 82 84.2006
94 83 17.51
94 84 67.835
94 85 85.8528
94 90 186.649
94 92 54.2516
94 93 94.4928
94 95 76.3384
94 97 111.435
94 98 56.4077
94 99 117.605
95 2 180.206
95 4 70.2617
95 6 59.8482
95 7 92.2048
95 8 158.377
95 11 96.0109
95 13 120.22
95 15 119.59
95 22 107.116
95 23 166.501
95 24 97.8989
95 25 116.847
95 27 131.356
95 28 87.4348
95 29 126.004
95 30 152.464
95 31 103.504
95 32 84.5588
95 33 10.7312
95 34 63.3715
95 35 75.9483
95 36 127.613
95 38 190.927
95 45 158.351
95 46 46.6177
95 49 42.9164
95 50 109.999
95 53 94.5645
95 55 105.756
95 56 150.28
95 57 106.94
95 58 43.3597
95 61 110.151
95 64 45.1653
95 66 75.4999
95 71 96.794
95 74 77.9235
95 78 24.4825
95 79 37.4785
95 82 47.7125
95 83 77.0915
95 86 91.7503
95 87 159.544
95 88 76.1807
95 93 64.4928
95 97 94.4746
95 98 143.441
96 2 125.566
96 3 99.456
96 4 142.641
96 8 97.3752
96 9 87.107
96 11 95.0084
96 14 68.6078
96 15 112.676
96 16 120.961
96 19 100.429
96 20 43.815
96 23 77.8834
96 24 54.1364
96 25 131.518
96 29 99.7775
96 31 57.9648
96 33 72.3945
96 34 145.081
96 40 197.418
96 42 66.0505
96 43 95.5541
96 44 71.1001
96 45 144.189
96 46 102.356
96 50 100.077
96 51 155.776
96 52 76.7364
96 56 79.5879
96 57 105.797
96 58 109.868
96 60 139.96
96 61 61.856
96 63 114.509
96 66 73.332
96 67 84.5527
96 68 89.4887
96 70 126
96 77 54.5494
96 80 88.7861
96 82 90.9246
96 83 80.8428
96 86 94.4445
96 87 85.6204
96 90 127.284
96 91 74.4133
96 92 66.7645
96 94 69.2682
96 95 85.6948
96 97 110.64
96 98 63.9099
96 99 124.411
97 2 109.815
97 4 52.8212
97 6 108.199
97 9 101.394
97 11 89.9418
97 13 54.134
97 16 77.7195
97 17 91.1415
97 21 28.7167
97 22 55.4
97 24 135.302
97 25 48.4745
97 26 76.4617
97 27 142.419
97 34 135.251
97 35 120.707
97 36 75.6909
97 40 105.33
97 47 105.465
97 50 154.039
97 51 108.619
97 52 101.165
97 58 52.3565
97 59 94.0153
97 60 108.331
97 63 105.268
97 64 60.3643
97 65 210.445
97 67 96.2873
97 70 121.31
97 71 64.6481
97 75 71.2665
97 77 106.354
97 79 196.757
97 81 64.9083
97 84 55.9989
97 86 108.138
97 87 85.8062
98 2 64.5806
98 3 90.7133
98 4 154.308
98 5 54.4352
98 7 110.438
98 8 124.432
98 9 139.047
98 10 114.523
98 11 111.496
98 12 62.7196
98 13 52.4898
98 18 83.4474
98 19 51.573
98 20 155.319
98 21 68.0404
98 25 97.8907
98 27 67.4389
98 29 120.249
98 30 124.327
98 32 97.877
98 33 104.4
98 35 20.0264
98 39 114.485
98 40 100.682
98 42 75.0532
98 43 95.5368
98 47 101.485
98 49 87.5682
98 52 95.5884
98 53 112.801
98 54 86.1351
98 56 108.988
98 57 52.9753
98 58 119.104
98 59 82.777
98 62 175.401
98 64 133.6
98 65 130.404
98 69 149.153
98 71 66.4968
98 74 126.436
98 75 106.563
98 77 71.2735
98 78 175.805
98 79 153.026
98 80 71.2367
98 81 91.5564
98 82 104.353
98 85 60.9891
98 90 56.0683
98 91 162.152
98 92 178.6
98 93 119.789
98 97 65.4212
99 0 101.075
99 1 21.0815
99 3 142.561
99 5 73.3218
99 6 72.3082
99 9 72.4943
99 13 83.2748
99 15 107.767
99 16 116.696
99 17 92.8301
99 19 169.205
99 22 30.4107
99 25 168.702
99 26 71.2019
99 27 49.4164
99 29 53.2271
99 33 155.12
99 35 146.361
99 36 49.3439
99 37 112.907
99 39 67.6685
99 41 118.39
99 46 103.663
99 50 114.83
99 53 136.324
99 54 73.3565
99 55 76.631
99 56 144.832
99 60 73.7285
99 61 69.3457
99 62 83.9062
99 66 120.731
99 69 113.193
99 73 153.353
99 74 84.8545
99 75 158.906
99 79 77.0538
99 84 52.1227
99 86 68.4166
99 91 136.874
99 92 51.0413
99 93 105.702
99 95 118.234
99 97 101.13
