CNF 200 400
-55 95 0
74 176 0
-85 8 0
-136 153 0
-169 100 0
-30 160 0
-102 15 0
80 89 0
-144 30 0
43 104 0
50 177 0
-65 88 0
-56 40 0
-70 57 0
-71 121 0
-24 10 0
-137 -54 0
104 131 0
-166 -33 0
-131 53 0
-170 -139 0
-195 -129 0
-49 85 0
98 109 0
34 184 0
-21 88 0
-138 131 0
-61 131 0
-29 69 0
109 181 0
-18 102 0
-129 199 0
-164 -112 0
136 145 0
-141 75 0
-18 71 0
-137 -46 0
69 90 0
-144 182 0
105 110 0
20 176 0
-98 -73 0
-196 38 0
13 102 0
38 162 0
3 131 0
10 113 0
-67 69 0
-23 196 0
-173 -120 0
-120 200 0
72 101 0
-33 113 0
-44 194 0
-124 156 0
-28 192 0
-50 -4 0
-173 176 0
-172 198 0
-21 128 0
-41 164 0
-77 109 0
-71 153 0
-96 -50 0
-90 99 0
-62 200 0
-156 -149 0
-83 26 0
-141 70 0
-147 -100 0
101 171 0
-29 148 0
-193 70 0
192 200 0
-29 107 0
6 138 0
8 22 0
-162 121 0
-15 101 0
81 189 0
-181 -87 0
-52 38 0
-80 28 0
-149 118 0
-122 80 0
-89 -41 0
-141 155 0
-80 143 0
-155 118 0
-7 167 0
-147 184 0
8 85 0
73 87 0
-113 93 0
47 150 0
-181 197 0
-120 -103 0
-38 55 0
-125 -39 0
-132 90 0
114 136 0
-28 31 0
-133 -56 0
-52 -39 0
-158 167 0
-65 -21 0
-141 -34 0
-75 -69 0
-156 92 0
122 196 0
-52 -31 0
-129 -69 0
-95 80 0
-160 96 0
-114 193 0
-182 103 0
-173 -146 0
-121 183 0
-191 165 0
-119 -91 0
-192 -170 0
-60 152 0
-174 -113 0
15 74 0
-47 -18 0
3 152 0
-193 -19 0
-15 61 0
-9 159 0
-69 99 0
12 72 0
-145 95 0
-20 113 0
22 102 0
-184 73 0
-102 150 0
-62 161 0
-59 174 0
-197 175 0
-89 69 0
-108 -48 0
128 150 0
111 169 0
-22 20 0
-136 -132 0
-61 39 0
11 13 0
99 137 0
-184 114 0
-193 131 0
-51 116 0
-87 -34 0
-119 121 0
124 157 0
-135 -91 0
-179 -120 0
-132 186 0
-15 -9 0
-76 147 0
91 132 0
-161 -44 0
127 168 0
17 144 0
-132 16 0
16 60 0
-68 10 0
-108 -30 0
-72 140 0
-184 -27 0
90 153 0
-193 -186 0
-125 178 0
-130 -37 0
-140 -14 0
-196 7 0
-80 147 0
-58 55 0
-187 96 0
-152 -131 0
-81 33 0
-18 115 0
-184 124 0
-41 82 0
-72 103 0
-196 157 0
-134 -127 0
-30 118 0
102 169 0
-138 -103 0
-178 -177 0
-152 -17 0
-6 3 0
-165 199 0
3 43 0
-67 72 0
-62 187 0
-116 -114 0
42 47 0
94 150 0
96 171 0
-140 135 0
142 173 0
-191 -84 0
-98 -31 0
-96 49 0
-161 -47 0
-196 54 0
-167 -125 0
-76 16 0
-200 181 0
-65 164 0
123 195 0
-31 171 0
77 143 0
-21 72 0
-97 99 0
-174 24 0
-94 156 0
-186 -57 0
-108 -11 0
175 193 0
-3 13 0
-83 33 0
10 181 0
-11 185 0
-145 104 0
-130 196 0
-111 6 0
-67 37 0
-168 -79 0
-184 -3 0
-193 -134 0
71 144 0
-179 15 0
175 178 0
-57 41 0
-123 15 0
-135 -84 0
-157 -67 0
-111 -90 0
6 181 0
-199 185 0
-177 81 0
-172 -137 0
-64 138 0
-177 147 0
-31 133 0
65 141 0
-46 -23 0
-16 44 0
48 158 0
-137 81 0
-200 108 0
-36 50 0
-80 142 0
-6 154 0
-199 65 0
-102 32 0
12 58 0
-194 63 0
-152 -122 0
1 58 0
-120 199 0
74 144 0
160 169 0
23 136 0
-140 145 0
2 139 0
42 77 0
-60 134 0
-171 179 0
66 70 0
-197 -191 0
84 94 0
-185 -178 0
-151 68 0
27 197 0
-174 -56 0
97 129 0
-199 -17 0
-166 -163 0
-54 -9 0
-97 -31 0
-96 -47 0
61 93 0
178 186 0
-124 59 0
-92 -86 0
-53 1 0
-86 106 0
-134 84 0
-179 -49 0
-45 61 0
104 174 0
-179 123 0
-160 188 0
-192 136 0
-173 -121 0
-74 156 0
-74 147 0
-191 79 0
-134 59 0
-140 181 0
-127 13 0
-123 -101 0
-43 103 0
73 129 0
172 192 0
-67 22 0
-178 -125 0
-153 117 0
-103 118 0
26 32 0
29 86 0
5 53 0
-148 55 0
-167 -73 0
-94 144 0
-56 -46 0
119 159 0
-102 182 0
-76 162 0
-80 24 0
-78 79 0
-45 22 0
6 115 0
-6 14 0
-14 77 0
-165 195 0
126 193 0
-149 -63 0
-141 101 0
-82 122 0
77 87 0
-34 78 0
33 91 0
-12 150 0
-66 137 0
71 128 0
-172 -95 0
-176 -129 0
-157 132 0
-41 9 0
73 147 0
-159 -129 0
136 194 0
-158 -147 0
-194 145 0
-26 158 0
-89 1 0
-80 -41 0
-26 83 0
-9 163 0
-66 96 0
165 170 0
-66 11 0
-13 120 0
-165 148 0
-27 -3 0
-163 37 0
-172 122 0
87 188 0
-158 -8 0
120 138 0
-102 188 0
7 135 0
-195 9 0
-57 157 0
-100 131 0
-186 -170 0
-81 79 0
18 181 0
-140 168 0
-111 146 0
-105 36 0
-93 -48 0
-191 100 0
-112 182 0
-199 -45 0
-186 32 0
-169 -151 0
-80 -70 0
-134 -99 0
-143 123 0
-166 -69 0
43 50 0
87 133 0
75 164 0
122 177 0
-154 -152 0
-3 19 0
-182 -51 0
24 82 0
-195 167 0
-33 144 0
126 180 0
-7 192 0
-97 45 0
-194 -77 0
-135 72 0
