CNF 400 100
-289 136 0
-384 -31 0
-275 127 0
-285 -39 0
-88 -17 0
-128 125 0
-16 154 0
-76 25 0
-338 265 0
-178 320 0
-304 -92 0
-45 328 0
133 167 0
-142 243 0
133 247 0
157 273 0
45 162 0
-38 222 0
-303 129 0
344 348 0
-110 356 0
-97 23 0
155 337 0
-251 -161 0
-296 10 0
-182 47 0
-37 165 0
-108 -87 0
-257 394 0
186 280 0
-122 151 0
1 85 0
-94 111 0
-245 -62 0
179 353 0
-182 391 0
-390 -79 0
-360 -264 0
-110 55 0
-278 92 0
-226 340 0
240 399 0
-183 351 0
-213 364 0
254 291 0
-380 213 0
-116 387 0
294 393 0
-394 72 0
-392 35 0
-218 38 0
-203 64 0
-212 269 0
-191 144 0
-340 259 0
-20 185 0
-154 13 0
-253 -188 0
-243 38 0
-53 127 0
-290 -239 0
-358 -335 0
-367 297 0
-82 338 0
235 358 0
-211 -108 0
-145 372 0
-50 137 0
73 376 0
30 132 0
-353 50 0
-246 386 0
50 156 0
28 110 0
-351 370 0
-106 -25 0
97 262 0
-346 -252 0
204 265 0
-126 -62 0
10 127 0
-389 55 0
-376 396 0
-229 21 0
-91 312 0
53 163 0
-317 -219 0
-296 -276 0
233 285 0
-251 239 0
-247 102 0
-331 -265 0
33 128 0
38 245 0
-122 16 0
-335 397 0
-119 -47 0
-270 -249 0
-274 372 0
139 152 0
