CNF 200 200
-26 83 0
3 109 0
-42 34 0
-80 180 0
-46 130 0
-94 33 0
-63 -30 0
-40 161 0
-18 37 0
97 184 0
-169 26 0
100 124 0
-66 170 0
-160 70 0
-156 -84 0
-196 109 0
-97 76 0
-60 25 0
-193 -187 0
111 136 0
-1 170 0
-144 191 0
51 165 0
74 109 0
-98 185 0
-188 122 0
-175 -76 0
-184 11 0
-153 -52 0
-147 23 0
-38 187 0
108 146 0
-48 -5 0
-187 -156 0
-31 -7 0
16 190 0
-126 19 0
148 155 0
60 144 0
-167 183 0
96 182 0
-50 51 0
-181 56 0
-181 149 0
-106 29 0
-135 -101 0
112 140 0
-138 -122 0
33 58 0
-54 107 0
-187 46 0
-179 199 0
-40 179 0
-140 131 0
-111 -22 0
-200 -137 0
-195 122 0
-40 176 0
-124 37 0
-100 -75 0
-92 43 0
61 125 0
-123 18 0
-140 154 0
-30 61 0
-21 -15 0
100 138 0
-200 -178 0
-20 86 0
-99 -58 0
-184 -75 0
-123 57 0
-38 128 0
-127 142 0
-27 194 0
163 171 0
-92 -1 0
-29 102 0
12 174 0
36 182 0
-163 -46 0
-173 47 0
40 82 0
-197 -195 0
-91 -38 0
-119 125 0
-98 126 0
-113 139 0
79 184 0
-171 126 0
-4 33 0
-181 179 0
-24 50 0
29 175 0
-155 -94 0
32 105 0
-184 -81 0
-133 -3 0
103 117 0
-58 36 0
-107 74 0
-103 -31 0
-125 159 0
-177 -64 0
-57 102 0
83 186 0
-175 -138 0
-184 -116 0
-38 142 0
-131 69 0
-134 42 0
-110 -79 0
-132 65 0
147 195 0
-121 23 0
-142 -90 0
125 132 0
-56 29 0
-115 147 0
63 177 0
-127 119 0
-50 65 0
-68 24 0
-162 92 0
-121 16 0
-102 139 0
-37 79 0
-181 -141 0
99 105 0
-200 -106 0
-19 94 0
88 137 0
-9 19 0
-101 109 0
-115 132 0
-39 95 0
-143 182 0
-133 113 0
-121 158 0
-58 160 0
-77 -27 0
-105 80 0
20 96 0
-124 -87 0
-105 -71 0
135 156 0
-28 174 0
-86 -31 0
-112 88 0
-144 -29 0
-187 -77 0
-110 -39 0
-62 123 0
31 94 0
-67 176 0
-61 8 0
-55 95 0
-36 172 0
-181 158 0
-72 171 0
-195 188 0
81 171 0
-183 -98 0
-8 190 0
-15 53 0
-177 -24 0
42 157 0
-184 -65 0
-146 171 0
-21 68 0
3 76 0
62 179 0
3 177 0
41 118 0
-119 -69 0
-134 -109 0
-96 178 0
32 168 0
43 61 0
-191 -123 0
52 58 0
12 128 0
-130 128 0
-175 36 0
96 152 0
-115 -63 0
-127 68 0
32 143 0
-90 -33 0
44 114 0
-164 41 0
-138 -33 0
128 157 0
23 97 0
61 164 0
-93 175 0
-160 136 0
1 65 0
-164 28 0
132 148 0
