CNF 200 100
-6 149 0
-170 -51 0
-72 173 0
-110 -8 0
-50 139 0
-180 66 0
-152 74 0
-32 179 0
-200 174 0
-40 191 0
-61 164 0
8 170 0
-197 -146 0
-62 52 0
23 125 0
-6 172 0
-171 64 0
-96 -56 0
153 157 0
-38 160 0
-128 34 0
11 179 0
-186 -177 0
93 148 0
-108 -100 0
-195 157 0
-109 -75 0
-173 64 0
-100 11 0
-107 22 0
-35 44 0
-136 -23 0
81 122 0
-91 189 0
-199 117 0
-195 -123 0
-5 28 0
86 138 0
-85 181 0
104 107 0
-136 -19 0
61 169 0
91 167 0
-85 42 0
-22 -20 0
-157 -154 0
31 190 0
-17 86 0
36 178 0
-146 -119 0
-161 38 0
-121 -32 0
-7 140 0
89 113 0
-72 43 0
11 80 0
-75 57 0
-145 -22 0
-124 -60 0
-90 -44 0
5 96 0
-117 46 0
-163 -111 0
-194 -155 0
-68 181 0
23 41 0
-146 83 0
-172 -36 0
-41 104 0
40 172 0
-154 130 0
-36 -24 0
43 153 0
-75 127 0
77 109 0
-38 112 0
-29 93 0
-198 -20 0
-128 -99 0
-172 -74 0
-176 76 0
-86 51 0
-142 162 0
-41 131 0
-21 22 0
19 32 0
-186 -82 0
-109 -47 0
-126 -23 0
-164 -116 0
9 125 0
-135 -117 0
1 108 0
-91 32 0
-92 29 0
-138 146 0
-163 24 0
-31 -23 0
69 147 0
3 44 0
