CNF 100 200
13 45 0
-6 100 0
2 46 0
18 26 0
51 73 0
-89 -27 0
36 68 0
5 90 0
17 79 0
-14 85 0
-41 -11 0
10 76 0
-78 -5 0
-43 45 0
-10 84 0
-58 88 0
-96 37 0
20 61 0
12 94 0
-21 81 0
-66 37 0
60 80 0
-36 63 0
-93 61 0
-85 -9 0
4 14 0
-59 -51 0
-43 -31 0
-60 82 0
-14 62 0
49 65 0
-39 25 0
23 79 0
-93 -44 0
-44 85 0
-61 -28 0
43 99 0
-50 -13 0
-60 14 0
-84 98 0
-76 62 0
-69 94 0
-79 92 0
37 52 0
-6 88 0
-80 55 0
-74 -39 0
33 57 0
-57 9 0
-85 3 0
-76 36 0
-25 33 0
-90 -21 0
-100 -26 0
-51 -27 0
-38 11 0
-54 -47 0
-94 -38 0
-18 82 0
-50 67 0
-88 79 0
-56 -4 0
-11 82 0
-49 -41 0
-94 -17 0
-27 63 0
-65 60 0
-75 95 0
-30 18 0
-21 28 0
61 73 0
-72 41 0
-90 50 0
-82 46 0
-25 62 0
-52 28 0
45 65 0
-85 50 0
22 29 0
-53 93 0
-14 82 0
-36 12 0
-47 -12 0
26 42 0
-87 -6 0
-100 -36 0
-93 29 0
-90 37 0
-80 56 0
-67 -41 0
-39 79 0
-72 84 0
-82 22 0
-81 -62 0
-91 -54 0
-32 -27 0
-58 -46 0
-86 -52 0
82 95 0
-25 31 0
-61 6 0
-47 -29 0
-39 -15 0
-75 89 0
-51 -46 0
-53 33 0
-83 -21 0
65 81 0
-93 -87 0
33 61 0
-75 42 0
-30 14 0
-28 64 0
-61 -53 0
-87 95 0
-30 -27 0
-16 13 0
-73 31 0
-24 -11 0
25 70 0
6 50 0
-22 10 0
-74 68 0
-24 55 0
-89 4 0
-41 34 0
4 10 0
-93 -32 0
22 50 0
-95 39 0
-7 12 0
-21 82 0
-25 57 0
-49 94 0
-3 80 0
-98 24 0
19 59 0
39 97 0
-45 -36 0
16 56 0
24 30 0
23 60 0
-6 91 0
3 77 0
-22 35 0
-60 -18 0
-53 72 0
82 87 0
-12 81 0
-8 92 0
-66 70 0
-46 84 0
-35 -5 0
-52 58 0
-81 7 0
-88 55 0
-12 35 0
-72 -43 0
-53 12 0
-53 -36 0
-87 -55 0
64 81 0
9 87 0
-63 -41 0
5 9 0
-51 32 0
-23 36 0
11 75 0
-24 18 0
-4 49 0
-38 58 0
51 94 0
-78 25 0
38 47 0
-1 3 0
-94 78 0
-94 74 0
-41 64 0
35 43 0
-88 -41 0
-17 6 0
-69 43 0
-30 24 0
-62 23 0
-7 87 0
-93 99 0
-87 -26 0
-18 61 0
-66 72 0
-40 93 0
18 70 0
1 31 0
-60 83 0
-18 75 0
-65 43 0
30 77 0
-86 -8 0
77 80 0
-33 62 0
-51 96 0
