CNF 400 400
-58 393 0
-54 183 0
-70 133 0
160 366 0
-157 263 0
-371 190 0
287 300 0
140 234 0
-10 243 0
-63 64 0
-132 279 0
-20 38 0
-237 176 0
159 215 0
-53 -7 0
-240 73 0
-331 82 0
-393 318 0
-148 86 0
-320 106 0
-389 156 0
156 209 0
-315 215 0
-228 339 0
-100 110 0
216 369 0
-302 207 0
-78 143 0
-244 84 0
-327 52 0
-302 -241 0
-81 217 0
-171 316 0
-373 -338 0
-131 -10 0
-292 152 0
-397 -135 0
-323 327 0
85 228 0
-301 396 0
-118 291 0
215 257 0
-395 266 0
99 238 0
-84 47 0
-370 362 0
54 282 0
-229 -48 0
-291 75 0
247 283 0
-107 193 0
-205 176 0
-211 15 0
-159 337 0
-313 40 0
-312 320 0
-395 -168 0
-366 -260 0
-397 367 0
45 124 0
12 49 0
-371 -207 0
-88 283 0
8 185 0
-304 206 0
-110 -65 0
-106 71 0
-31 115 0
-124 -79 0
-94 266 0
53 353 0
-189 373 0
-95 130 0
-204 291 0
234 361 0
-60 264 0
-184 130 0
-347 -117 0
-169 182 0
-106 -75 0
-313 121 0
60 204 0
-83 245 0
-95 200 0
-329 83 0
-199 -166 0
239 299 0
181 266 0
74 93 0
85 303 0
-58 338 0
-342 -257 0
-366 376 0
84 392 0
-272 230 0
-52 127 0
-200 198 0
101 307 0
-364 -154 0
-47 329 0
-246 -224 0
-191 215 0
-200 -62 0
278 379 0
103 176 0
-31 -9 0
-237 -136 0
-357 117 0
-180 303 0
57 93 0
256 288 0
-281 -266 0
-28 336 0
-389 58 0
-226 316 0
131 225 0
-51 33 0
-195 107 0
-303 34 0
-135 210 0
63 237 0
-185 4 0
-53 13 0
-330 95 0
-85 380 0
279 336 0
47 190 0
5 256 0
-19 311 0
-375 95 0
-387 -276 0
-111 205 0
-195 313 0
-221 -200 0
-267 3 0
-359 209 0
-55 119 0
-104 29 0
-379 -191 0
-301 157 0
69 91 0
-361 311 0
-315 -23 0
-232 273 0
-327 -103 0
-331 -207 0
-319 73 0
-93 -75 0
-183 43 0
-355 73 0
-95 280 0
104 293 0
342 396 0
160 224 0
30 65 0
110 191 0
-367 -185 0
-14 39 0
-293 -51 0
190 343 0
-218 -84 0
-329 -237 0
253 374 0
20 164 0
-386 94 0
-396 107 0
-398 -376 0
-229 118 0
-177 398 0
-365 165 0
-139 154 0
125 336 0
-381 191 0
-51 139 0
288 379 0
-162 68 0
258 290 0
-130 23 0
-283 56 0
-343 167 0
-10 310 0
-60 398 0
-115 237 0
-284 228 0
142 261 0
247 390 0
-303 241 0
-360 154 0
128 163 0
-77 2 0
-200 116 0
-87 -84 0
-300 236 0
-167 -83 0
-7 246 0
-351 252 0
-53 332 0
-2 7 0
-201 392 0
79 331 0
-351 167 0
-69 234 0
-32 221 0
-25 131 0
-333 -135 0
-187 286 0
-183 179 0
-333 113 0
-236 259 0
-93 119 0
-276 340 0
-151 358 0
-35 185 0
324 399 0
-279 133 0
163 351 0
-209 58 0
177 184 0
-11 385 0
135 253 0
-37 244 0
-194 398 0
-228 226 0
-149 128 0
-207 -145 0
-329 21 0
-32 -5 0
270 284 0
65 253 0
-148 250 0
-374 304 0
-359 -53 0
-34 104 0
54 242 0
132 273 0
-353 -312 0
-210 164 0
-358 56 0
-61 312 0
-180 20 0
213 318 0
-283 -159 0
-367 278 0
116 189 0
-278 -209 0
-217 358 0
-307 371 0
86 120 0
-37 -25 0
-259 -245 0
-218 75 0
-31 333 0
-191 83 0
16 392 0
-323 384 0
-270 103 0
-246 -228 0
-317 -73 0
-376 -134 0
-358 127 0
-161 -128 0
-97 95 0
-273 -32 0
-138 142 0
-365 14 0
-276 330 0
-204 48 0
-261 -126 0
-340 -320 0
-368 -360 0
-232 331 0
-310 -68 0
-260 275 0
-60 87 0
-59 252 0
65 263 0
-364 182 0
-324 41 0
-371 232 0
-296 -141 0
-107 347 0
-6 341 0
-389 145 0
-252 221 0
185 202 0
194 281 0
-246 64 0
-80 141 0
-27 245 0
186 379 0
-368 247 0
-253 -19 0
-288 54 0
-28 120 0
-273 20 0
62 100 0
-156 307 0
-258 14 0
-218 330 0
-293 170 0
272 384 0
-363 356 0
-377 272 0
-96 27 0
-156 154 0
-167 197 0
-79 272 0
-229 116 0
-164 160 0
-74 189 0
-160 60 0
-256 -113 0
-125 218 0
-321 168 0
78 391 0
258 334 0
29 45 0
-217 121 0
-307 -280 0
-372 -273 0
-72 349 0
-396 191 0
-25 18 0
-303 137 0
-251 165 0
-391 -371 0
-283 -250 0
-34 108 0
-85 -57 0
-49 -32 0
-18 120 0
98 208 0
-300 41 0
-321 -32 0
-9 203 0
42 365 0
-194 2 0
-242 -226 0
297 379 0
-28 251 0
-292 283 0
-203 -174 0
-159 182 0
-75 184 0
-377 -121 0
-346 -149 0
-159 80 0
9 325 0
-159 135 0
-232 308 0
-342 -135 0
-200 -113 0
-93 301 0
150 203 0
-24 26 0
141 158 0
-317 324 0
-179 51 0
-171 325 0
-183 125 0
98 227 0
-199 -41 0
64 159 0
-251 -8 0
105 324 0
-273 235 0
-316 197 0
-50 -37 0
-204 86 0
-197 306 0
-324 -16 0
-31 283 0
-384 135 0
208 233 0
-101 117 0
-154 29 0
-233 -139 0
87 396 0
-81 11 0
-111 222 0
86 157 0
-43 318 0
-160 147 0
-49 176 0
-178 140 0
83 264 0
-163 375 0
-121 196 0
-158 -140 0
-135 186 0
-284 164 0
-260 164 0
-261 37 0
87 296 0
-100 -62 0
-257 -220 0
-379 349 0
48 164 0
85 163 0
-380 -296 0
