CNF 100 400
-99 53 0
-27 -24 0
-32 27 0
-23 -18 0
-79 84 0
-3 77 0
5 50 0
40 60 0
12 64 0
-42 76 0
-29 -22 0
-70 27 0
-5 75 0
-75 62 0
13 67 0
-53 75 0
-28 64 0
-56 -51 0
-80 -23 0
-2 40 0
-96 -33 0
-38 94 0
-51 -10 0
-77 62 0
57 92 0
-63 42 0
-10 37 0
-25 2 0
-18 57 0
-8 61 0
-49 22 0
47 78 0
-90 -45 0
7 88 0
-76 97 0
-98 -1 0
-68 -13 0
-26 23 0
-72 17 0
15 41 0
82 85 0
-89 -21 0
-65 -23 0
-21 65 0
29 35 0
-97 -10 0
-65 -34 0
18 26 0
-99 -67 0
-47 56 0
5 70 0
-12 21 0
-94 99 0
7 42 0
-92 24 0
-41 -17 0
-35 87 0
-47 -34 0
4 48 0
-12 76 0
-21 80 0
-38 60 0
-83 54 0
-22 80 0
67 73 0
10 71 0
-49 10 0
26 76 0
-57 -2 0
-61 31 0
-84 -77 0
-81 57 0
-9 5 0
-71 79 0
54 79 0
-31 85 0
13 38 0
13 43 0
-89 12 0
-44 45 0
54 96 0
-74 78 0
-10 83 0
-61 -46 0
-86 25 0
27 50 0
-90 -29 0
-74 57 0
5 61 0
-91 12 0
21 94 0
-55 38 0
75 83 0
61 97 0
-78 52 0
-60 73 0
-86 85 0
-79 49 0
72 85 0
-75 -37 0
-62 -19 0
-42 10 0
-69 93 0
-93 21 0
13 58 0
3 43 0
-63 39 0
-99 4 0
-17 42 0
-35 -30 0
50 53 0
-26 -1 0
-65 -26 0
-18 28 0
-68 -33 0
-48 23 0
-98 41 0
-80 -28 0
-34 81 0
-97 35 0
-32 22 0
2 34 0
-53 52 0
-99 -15 0
-65 80 0
8 17 0
-51 -2 0
-98 -88 0
-48 -20 0
-81 41 0
-92 -21 0
-75 88 0
-55 98 0
-14 74 0
-76 1 0
-88 43 0
-66 -42 0
-36 58 0
9 18 0
-28 44 0
-97 -25 0
-70 19 0
-62 19 0
-65 -56 0
-48 82 0
88 99 0
40 67 0
36 58 0
-77 39 0
-71 -52 0
-87 74 0
-73 26 0
-7 4 0
-43 -3 0
-52 46 0
-33 75 0
-77 -30 0
-86 -34 0
-31 6 0
-73 38 0
-81 -14 0
67 74 0
-37 35 0
-17 33 0
-60 38 0
-23 90 0
21 98 0
-67 22 0
-80 -36 0
-69 3 0
-40 -3 0
-72 -40 0
-100 -77 0
-89 59 0
9 25 0
43 73 0
-73 9 0
-56 -41 0
-5 95 0
-33 96 0
-38 55 0
-55 -31 0
-79 63 0
-72 -35 0
-79 -57 0
-62 37 0
-90 -22 0
-58 69 0
-65 -10 0
64 81 0
-95 -69 0
-85 92 0
-42 31 0
-32 -20 0
-73 -47 0
-70 5 0
-56 79 0
-90 -37 0
19 59 0
-56 22 0
-53 61 0
-44 17 0
-56 64 0
-77 63 0
10 18 0
-35 100 0
-52 53 0
-78 73 0
10 91 0
15 27 0
-23 -15 0
4 77 0
1 13 0
-35 88 0
-80 -39 0
-57 7 0
-16 43 0
-58 86 0
99 100 0
-83 2 0
21 84 0
-51 60 0
30 60 0
-66 -55 0
-69 -50 0
6 61 0
-67 -12 0
-6 -2 0
-78 61 0
11 67 0
-78 -2 0
-65 -8 0
-85 -53 0
-66 4 0
-23 32 0
-90 72 0
17 32 0
-83 93 0
17 46 0
34 81 0
29 33 0
7 32 0
-15 39 0
-92 86 0
-50 55 0
-48 60 0
-10 69 0
-74 -28 0
-48 79 0
-11 -4 0
-53 71 0
-84 -57 0
-63 1 0
-14 1 0
51 90 0
-34 -23 0
-58 28 0
18 30 0
-23 80 0
-67 -29 0
-25 68 0
90 94 0
-96 -40 0
-73 -9 0
-86 -36 0
3 60 0
34 50 0
-72 -68 0
-48 -27 0
50 73 0
62 89 0
-61 22 0
-98 -42 0
-54 40 0
-7 89 0
-47 -30 0
-73 1 0
-81 -50 0
6 95 0
-18 51 0
-92 1 0
-41 1 0
-84 -60 0
31 82 0
-31 79 0
-19 11 0
-25 76 0
-53 -27 0
-53 -28 0
-80 50 0
62 85 0
44 93 0
-74 -23 0
-44 27 0
3 70 0
22 24 0
-66 -3 0
-48 68 0
61 100 0
-41 44 0
-33 -14 0
-11 48 0
-69 95 0
-98 -70 0
-15 41 0
79 88 0
-3 31 0
43 79 0
12 50 0
-49 -46 0
37 92 0
-34 28 0
69 92 0
22 67 0
-21 6 0
25 85 0
-74 89 0
64 87 0
-99 100 0
-67 19 0
9 34 0
-25 66 0
-42 49 0
-31 -22 0
32 85 0
-30 37 0
-12 -6 0
-25 58 0
-63 18 0
-85 -83 0
-86 -65 0
-75 -7 0
30 72 0
3 31 0
-54 36 0
-93 -28 0
-50 56 0
-82 34 0
-46 72 0
23 98 0
-53 -18 0
-100 52 0
57 98 0
-98 -90 0
-23 47 0
-3 4 0
-31 57 0
-46 2 0
-27 64 0
-9 29 0
-92 22 0
-68 -54 0
6 71 0
-85 -73 0
41 65 0
-69 -63 0
-87 84 0
-47 4 0
-61 -26 0
-18 29 0
-40 91 0
-75 35 0
30 52 0
24 50 0
-23 39 0
29 100 0
-98 -37 0
-79 60 0
-70 -46 0
26 51 0
-50 -15 0
-30 86 0
-21 69 0
-50 -40 0
11 28 0
22 35 0
56 76 0
-82 2 0
-90 -48 0
20 40 0
-60 -6 0
-57 46 0
-95 -67 0
-81 40 0
-27 16 0
-8 99 0
87 89 0
-26 88 0
57 93 0
-65 -57 0
-3 45 0
-84 82 0
-61 65 0
-64 89 0
-28 -19 0
-69 44 0
-52 -2 0
-98 90 0
-61 23 0
-25 50 0
