CNF 100 100
-58 -4 0
-96 53 0
-47 58 0
51 86 0
-58 -46 0
-66 32 0
-79 5 0
-95 -58 0
-98 -39 0
-43 18 0
-65 6 0
-92 -43 0
-1 45 0
-11 -4 0
-54 -8 0
-49 65 0
-55 67 0
-85 38 0
-37 43 0
69 80 0
-14 43 0
46 67 0
-73 56 0
5 72 0
-23 -12 0
-24 49 0
-13 74 0
-42 -3 0
37 45 0
-56 97 0
-17 4 0
-69 -21 0
-81 27 0
-60 51 0
-33 5 0
-80 -7 0
-68 19 0
-91 67 0
-7 -1 0
-49 70 0
26 76 0
38 58 0
49 62 0
-85 80 0
-69 3 0
-59 -23 0
-88 -24 0
-88 20 0
45 79 0
-36 35 0
3 83 0
-87 -41 0
10 82 0
-52 -4 0
-91 -31 0
-68 -2 0
47 85 0
-19 35 0
-38 50 0
-79 91 0
-12 78 0
59 81 0
-42 17 0
-84 94 0
-30 21 0
7 46 0
-47 24 0
3 40 0
-63 -17 0
21 27 0
-21 43 0
45 67 0
17 75 0
-1 72 0
-42 -25 0
-98 81 0
-60 25 0
-69 51 0
50 90 0
-85 -47 0
59 99 0
-51 9 0
-58 -2 0
-49 -7 0
-73 -32 0
-1 96 0
-44 46 0
-99 29 0
-49 96 0
-24 4 0
-33 -31 0
-79 -26 0
-9 -7 0
3 99 0
-50 94 0
-100 -1 0
37 95 0
-26 60 0
49 56 0
-39 26 0
