CNF 400 200
-157 177 0
-390 -264 0
-282 -62 0
-255 -37 0
219 358 0
89 384 0
-188 361 0
-124 365 0
-73 -19 0
-114 361 0
127 209 0
-341 197 0
-367 298 0
232 350 0
9 371 0
-122 325 0
-93 30 0
-154 95 0
291 314 0
-231 -153 0
-272 -120 0
-270 -103 0
-398 278 0
-367 119 0
-37 348 0
-190 12 0
-303 16 0
-240 -168 0
112 183 0
-46 53 0
-212 43 0
-139 130 0
90 127 0
102 236 0
38 251 0
-157 277 0
-372 339 0
-200 -17 0
-363 -212 0
-398 -303 0
-95 -88 0
170 330 0
-87 207 0
-213 243 0
32 136 0
231 252 0
64 237 0
-310 234 0
-356 -146 0
60 268 0
-147 -69 0
-233 36 0
19 150 0
-1 186 0
-374 -136 0
-183 45 0
-396 -328 0
-56 205 0
-281 225 0
-268 -216 0
-365 97 0
-386 -234 0
-217 -121 0
-399 -396 0
-392 -258 0
62 293 0
-293 126 0
-108 319 0
-15 222 0
-273 207 0
41 370 0
-318 16 0
-38 225 0
-10 283 0
302 369 0
-287 -183 0
-356 277 0
-57 101 0
-340 -26 0
-98 308 0
-87 13 0
22 44 0
-12 280 0
-125 14 0
-153 354 0
-209 -28 0
-279 367 0
-328 236 0
-248 327 0
-215 370 0
-237 -46 0
-285 361 0
37 366 0
-393 18 0
-64 249 0
-299 142 0
-68 29 0
195 368 0
105 204 0
-389 84 0
-253 49 0
157 222 0
-173 136 0
-277 291 0
-392 271 0
158 359 0
9 262 0
-259 93 0
111 352 0
37 60 0
-151 172 0
-327 393 0
-319 130 0
-136 287 0
-96 268 0
-78 79 0
-366 -30 0
-24 -2 0
-126 79 0
-370 5 0
51 213 0
-94 348 0
-242 313 0
-320 -15 0
-380 -199 0
-175 309 0
180 387 0
101 303 0
-321 -68 0
14 285 0
-193 -126 0
-395 -159 0
-194 382 0
-290 -128 0
141 259 0
-341 395 0
-359 -214 0
-243 -38 0
-323 -182 0
-358 -318 0
101 339 0
-228 200 0
-292 83 0
-24 12 0
-322 376 0
-366 23 0
-346 -97 0
-21 54 0
-258 -122 0
-131 -57 0
-165 288 0
86 299 0
-295 14 0
-19 269 0
20 115 0
-256 -40 0
113 234 0
304 316 0
144 208 0
147 293 0
41 101 0
-119 265 0
-236 -7 0
-368 262 0
153 305 0
-373 -160 0
-180 270 0
-62 17 0
69 162 0
-285 297 0
-274 303 0
-286 193 0
-393 190 0
14 317 0
100 284 0
161 305 0
-82 325 0
-26 330 0
-251 -179 0
-245 -64 0
189 302 0
-309 315 0
-8 176 0
-261 -80 0
-294 49 0
26 350 0
129 256 0
-256 -100 0
6 109 0
-314 -146 0
-322 174 0
-386 -336 0
-330 336 0
-58 280 0
-313 -59 0
-266 -3 0
-246 8 0
-122 343 0
-88 295 0
-381 375 0
