CNF 200 400
-107 -58 16 0
-123 -76 -49 0
42 95 184 0
-167 -98 146 0
-146 28 120 0
-69 -50 21 0
-136 7 144 0
-118 -103 24 0
-167 12 120 0
-50 -45 56 0
-130 84 166 0
-124 19 34 0
-188 -39 112 0
-158 47 143 0
-7 101 177 0
-162 -91 115 0
-92 155 176 0
-182 -105 75 0
-193 54 63 0
-65 20 108 0
-100 -21 117 0
-29 102 112 0
-168 -30 148 0
-163 51 146 0
-48 172 185 0
-28 10 138 0
-153 -143 -141 0
-198 -148 -144 0
-192 -176 37 0
-183 -94 -64 0
-136 97 129 0
-46 135 137 0
-185 -103 141 0
-190 -177 6 0
-77 -20 11 0
-144 22 103 0
-35 94 96 0
-141 61 172 0
-121 67 123 0
-195 69 140 0
-110 55 163 0
-160 42 59 0
-115 -39 18 0
-171 -7 97 0
-19 -12 52 0
-159 15 123 0
-165 98 179 0
-108 10 168 0
-92 89 178 0
-141 -89 -1 0
-5 59 179 0
-195 101 191 0
-33 57 148 0
9 106 174 0
-22 -10 89 0
-159 -25 36 0
-198 -153 11 0
-200 -95 177 0
-42 68 122 0
-87 -33 -29 0
-190 -187 25 0
-120 4 35 0
31 101 104 0
-194 -132 -17 0
-199 -166 29 0
-179 -53 -42 0
-71 -46 174 0
-103 -67 181 0
-121 -45 98 0
-89 8 178 0
-67 -11 8 0
69 109 182 0
-192 -111 -87 0
-102 -95 -9 0
-185 -118 -40 0
-198 9 22 0
-148 -75 168 0
-92 133 192 0
-132 40 175 0
-14 120 138 0
-149 -60 -3 0
-115 94 154 0
-141 -139 117 0
83 86 163 0
-73 -47 89 0
-154 -22 57 0
27 100 129 0
10 44 98 0
-168 56 138 0
45 50 65 0
-3 32 143 0
-145 -43 96 0
-127 11 150 0
-49 -27 96 0
-185 -118 38 0
-31 149 182 0
-152 44 88 0
-164 12 190 0
-139 109 183 0
-154 -123 109 0
-117 15 159 0
-137 -62 4 0
90 167 177 0
-165 -7 135 0
16 32 126 0
-148 -34 190 0
-176 -22 194 0
-127 162 184 0
-134 -104 -49 0
-133 -96 110 0
-113 -82 46 0
-60 57 91 0
-60 -46 89 0
-114 -85 176 0
-89 -45 175 0
-173 -51 5 0
-200 35 194 0
-47 -43 -19 0
-187 -181 -166 0
-199 4 86 0
-183 -148 18 0
-161 -10 132 0
8 139 184 0
-192 -132 -30 0
-118 -116 57 0
-179 8 66 0
-41 51 126 0
-171 7 53 0
60 91 174 0
-134 -27 63 0
10 47 135 0
-196 -11 30 0
-196 -117 -56 0
-195 -149 6 0
-32 25 102 0
-180 -97 -64 0
-136 -28 98 0
-132 110 116 0
-124 -31 -30 0
-92 53 86 0
-40 122 162 0
-163 -110 -31 0
-198 136 165 0
-60 84 85 0
-200 -9 17 0
-189 127 134 0
-143 -27 1 0
-72 147 163 0
-160 30 99 0
-133 -112 71 0
-116 -59 149 0
-37 124 171 0
-100 49 198 0
15 35 75 0
-147 -33 71 0
36 115 176 0
-45 -22 111 0
-74 -48 30 0
-175 -131 -123 0
-143 118 153 0
-164 -107 19 0
-175 -157 131 0
-121 -19 103 0
-19 120 134 0
-107 148 185 0
-131 -111 -56 0
-83 -16 187 0
-134 -132 41 0
-161 -50 60 0
-120 -102 -53 0
-197 -98 -61 0
-188 -133 148 0
13 128 160 0
15 78 192 0
-99 -62 76 0
-120 89 157 0
-56 77 126 0
59 119 123 0
-124 -24 17 0
-178 -66 169 0
-152 61 96 0
-165 -116 -25 0
-163 -129 -12 0
-176 -156 184 0
-135 17 29 0
-176 92 131 0
-50 -43 142 0
-161 19 165 0
-125 -56 157 0
-155 70 90 0
-187 -149 94 0
-194 -106 -47 0
-54 109 173 0
-78 -26 127 0
-188 -4 158 0
10 66 73 0
-152 7 104 0
-195 -134 118 0
-1 120 132 0
-158 41 128 0
-96 -9 67 0
-158 -70 -22 0
-117 37 85 0
-69 50 127 0
-178 -96 57 0
-150 -115 -109 0
-35 6 165 0
-88 51 197 0
54 99 132 0
8 111 164 0
-128 -127 -7 0
-153 31 105 0
-190 -95 66 0
-1 117 195 0
-188 -162 -64 0
141 179 195 0
16 136 156 0
-179 -55 90 0
3 65 192 0
38 81 143 0
-198 -32 50 0
-128 -37 191 0
-128 14 76 0
-15 148 177 0
-11 13 28 0
-144 -124 11 0
-85 -82 10 0
24 159 195 0
-172 10 128 0
-12 -3 85 0
-198 -156 -88 0
11 87 144 0
-197 166 168 0
-70 -48 -10 0
-127 -98 29 0
-178 -79 34 0
48 141 159 0
-126 20 135 0
-152 -102 -45 0
-51 -42 26 0
-5 78 84 0
-185 -67 190 0
-137 19 161 0
-195 -126 -59 0
-166 -77 180 0
-110 152 171 0
-193 -183 26 0
-200 -77 47 0
-197 3 101 0
-88 32 102 0
-121 -81 173 0
-107 18 38 0
-187 -106 67 0
-133 -23 130 0
-155 20 170 0
-177 -163 -161 0
-84 -53 32 0
-187 70 164 0
-196 50 83 0
-120 -100 152 0
-103 -53 -49 0
-186 -113 27 0
86 109 154 0
-90 77 141 0
-156 72 113 0
-130 -11 93 0
-161 28 54 0
-172 118 163 0
-30 -20 59 0
-195 80 179 0
-138 128 182 0
-192 -98 68 0
-89 114 140 0
-128 -56 168 0
-163 -20 46 0
-171 -149 -17 0
-98 -64 176 0
-59 -24 199 0
-64 104 180 0
-97 80 115 0
-157 -73 -27 0
-128 -38 31 0
-124 12 105 0
-115 -114 88 0
-128 23 112 0
-152 -109 105 0
-9 106 116 0
-188 -34 -31 0
119 148 190 0
-133 -59 66 0
-167 -29 157 0
-159 -149 89 0
-80 103 166 0
-148 60 93 0
-137 -103 35 0
-156 -99 41 0
-171 -59 182 0
-154 25 146 0
64 93 147 0
-150 -70 -48 0
-101 -65 190 0
-59 33 138 0
47 127 165 0
-152 -31 112 0
-173 -96 -44 0
-169 24 31 0
-159 -113 14 0
-15 14 187 0
-117 -18 141 0
-193 17 64 0
-146 106 129 0
-178 -22 4 0
-192 40 187 0
-139 -37 -31 0
-75 119 120 0
-188 -137 56 0
-98 32 130 0
-100 -68 8 0
-107 -79 -43 0
-75 -40 163 0
-86 -39 -26 0
13 51 180 0
-139 -93 138 0
-121 -49 184 0
-200 -15 54 0
-2 114 180 0
-182 -21 59 0
-111 -40 -9 0
-117 36 145 0
-191 -9 7 0
-182 -172 -69 0
-179 -75 11 0
-155 -107 179 0
-93 -29 92 0
-36 82 95 0
4 59 111 0
-156 -136 -46 0
-177 -19 25 0
-100 41 62 0
-176 30 122 0
-114 -74 59 0
-7 100 158 0
-185 -181 190 0
-163 -118 -21 0
-184 -42 147 0
23 72 128 0
-110 -25 100 0
-71 90 150 0
-82 26 152 0
-193 -122 -80 0
-188 -103 76 0
-117 99 137 0
-32 -25 -24 0
-130 69 127 0
69 83 117 0
-180 62 69 0
-154 4 183 0
-162 -104 -102 0
-131 -35 70 0
-133 66 86 0
-142 -41 131 0
-197 -51 36 0
-135 112 117 0
-87 33 170 0
-174 -56 183 0
-105 -55 107 0
-51 71 195 0
-191 78 98 0
-125 97 112 0
-67 90 144 0
-67 -43 168 0
-8 25 185 0
-104 59 62 0
-96 31 85 0
-137 14 52 0
-195 -70 194 0
-135 -2 74 0
-65 93 116 0
-153 -144 122 0
-102 -51 -6 0
67 79 174 0
-20 73 150 0
-29 46 148 0
-139 -82 121 0
-109 56 157 0
-9 75 89 0
-176 -52 114 0
-103 40 104 0
-199 -128 -29 0
-141 -92 91 0
-153 -39 -31 0
-58 -46 111 0
-185 -32 62 0
-63 64 118 0
-44 89 142 0
-76 22 110 0
-144 -25 173 0
-196 -192 181 0
-2 27 90 0
-176 -173 -122 0
