CNF 100 200
-57 -6 68 0
-93 -72 -59 -41 -40 94 0
-79 -62 -48 -47 -41 -18 -15 -10 -7 -5 3 6 13 24 29 42 46 64 65 76 80 82 86 95 98 0
-100 -70 -56 -47 -43 -15 -11 -8 -2 49 55 81 90 0
-44 0
-97 -93 -85 -59 -37 23 34 45 52 53 54 68 86 91 94 0
-99 -93 -84 -79 -77 -59 -42 -38 -31 -2 3 12 19 34 49 73 85 86 89 94 96 0
-78 -60 -20 -14 -4 62 65 67 75 82 0
-76 -20 62 64 91 0
-100 -97 -95 -88 -63 -60 -58 -42 -40 -38 -37 -22 -21 20 24 36 50 56 79 82 83 93 0
-94 -60 -57 -40 -8 -6 -2 24 39 66 75 77 89 92 0
-85 -28 24 58 68 81 93 0
-93 -84 -81 -72 -58 -50 -42 -36 -14 -10 1 8 13 16 51 56 61 82 85 99 0
-93 -88 -86 -85 -83 -82 -78 -76 -43 -42 -34 -33 -27 -12 -7 -5 -4 11 36 44 48 54 56 84 100 0
-98 -75 -72 -57 -53 -43 -30 -25 -21 -15 -11 17 39 47 54 55 60 71 74 97 0
-11 0
-99 -97 -70 -52 -51 -47 -40 -36 -20 -14 -8 12 13 18 19 35 59 62 65 75 84 90 0
-93 -69 -39 -34 -26 -9 -6 -1 14 22 27 32 35 37 43 45 51 56 57 58 59 60 68 79 0
-98 -97 -92 -86 -84 -82 -67 -53 -49 -43 -38 -22 -9 -7 8 10 29 44 64 70 81 85 99 100 0
-96 -65 -61 -59 -48 -46 -38 -32 -18 -6 15 29 39 52 74 100 0
-71 -69 -63 -62 -60 -58 -48 -45 -41 -30 -7 8 13 40 46 64 70 94 96 0
-97 -96 -95 -47 6 35 36 42 46 50 63 66 70 0
-80 -44 -42 -18 -16 30 90 0
-80 -47 -34 -27 -10 7 21 32 38 84 0
17 32 37 54 0
-93 -84 -50 -40 -33 -27 -25 5 65 0
-97 -75 -59 -49 -42 -28 -23 -16 -2 70 80 92 98 0
-74 -72 -57 -47 -6 5 14 44 49 73 75 85 0
-84 -70 -62 -44 -8 4 23 30 35 36 45 47 73 74 78 81 82 86 91 92 93 0
73 97 0
25 89 0
-27 98 0
-96 -95 -87 -85 -79 -77 -66 -61 -55 -36 -33 -26 -25 -23 -3 -2 24 28 31 48 49 56 76 83 0
-89 -86 -81 -76 -65 -60 -58 -47 -28 -15 -7 41 56 61 0
-84 -82 -79 -56 -43 -23 -21 -8 1 16 18 36 63 91 98 0
-89 -75 -58 -40 -31 -24 -22 -21 -8 -4 27 42 57 62 98 0
-87 -82 -79 -72 -70 -64 -44 -43 -34 -19 29 38 52 53 58 69 75 84 97 0
-97 -88 -79 -55 -46 -27 -24 -22 -19 -14 9 50 56 74 81 82 84 0
-92 -79 -67 -49 -44 -26 -17 -14 -11 -10 25 60 66 69 73 95 0
-38 -22 15 31 37 55 74 0
-82 -78 -18 8 48 61 72 86 0
-97 -86 -60 -45 -41 -35 -26 -6 -1 2 5 7 28 52 55 59 67 79 83 95 0
-51 -27 0
-37 -33 -19 66 0
-86 -80 -69 -60 -49 28 85 92 0
-92 -85 -73 -51 -43 -19 -5 13 24 53 0
-56 -4 13 0
-80 -73 -58 -53 -33 -32 -19 -9 -7 24 35 37 41 42 66 71 72 78 82 94 96 0
-98 -95 -79 -74 -45 -30 -27 -25 -21 -1 6 10 33 35 37 39 56 67 68 77 100 0
-93 -89 -88 -83 -78 -49 -48 -13 3 4 5 11 14 22 38 41 42 45 57 82 86 0
-84 -61 -39 -36 6 21 23 44 48 89 0
-32 82 95 0
-86 -85 -72 -71 -62 -60 -58 -38 -35 -27 -23 -9 -6 -5 4 22 25 26 32 42 64 69 74 87 95 0
-81 -47 11 17 27 31 40 74 87 0
-99 -73 -61 -31 6 26 43 47 72 78 92 98 0
-31 30 40 59 69 0
-84 -72 -69 -64 -59 -40 -39 -36 -33 -30 -25 -19 -7 15 16 37 53 87 90 95 97 0
-37 -22 8 18 52 55 58 66 0
-97 -70 -54 -27 -19 -5 4 28 33 35 60 74 0
-99 -94 -92 -83 -70 -60 -53 -31 -27 -12 -8 3 20 39 47 50 58 64 68 71 74 79 100 0
-87 -43 -42 9 24 61 69 78 83 89 90 0
-93 -88 -64 -61 -28 -20 -12 -6 -4 11 35 45 54 70 71 78 83 86 0
-72 -64 -56 -9 11 12 43 46 49 76 80 83 96 0
-91 -59 -25 -2 62 0
-95 -81 -77 -76 -69 -61 -53 -50 -34 -15 -3 -1 2 16 18 38 44 51 71 74 94 97 0
-100 -88 -60 -39 -24 -16 -7 17 19 20 31 47 55 56 66 75 84 93 94 0
-96 -46 -41 -6 -4 -1 42 54 0
-73 -36 -6 29 89 0
-2 35 88 0
-51 -33 81 0
-74 -70 -59 -44 -41 -29 -13 -6 4 46 56 69 75 90 99 0
-86 -83 -80 -72 -70 -68 -65 -46 -45 -40 -30 -27 -22 -12 2 20 39 44 49 50 57 75 77 90 93 0
-69 34 0
-94 -86 -67 -58 -45 -44 -33 -16 -10 -7 -6 -4 5 15 29 37 39 49 64 66 68 71 0
-96 -78 -58 -38 -10 71 0
-98 -96 -89 -83 -80 -74 -65 -60 -47 -44 -29 -13 -3 1 8 11 12 16 40 53 72 79 88 90 0
-87 -63 -26 -10 53 70 71 72 77 78 93 0
-35 18 21 0
-86 -85 -72 -56 -55 -52 -43 -39 -19 -15 -8 16 25 45 47 66 77 87 90 96 100 0
-100 -64 -36 -19 -17 1 13 62 74 0
-89 -55 0
-100 -73 -40 -33 -11 8 9 26 30 31 39 62 63 82 99 0
-99 -95 -72 -71 -52 -38 -30 -25 2 40 62 63 65 77 91 96 0
-88 -81 -76 -64 -61 -56 -11 12 13 39 42 49 59 60 73 74 78 82 85 90 99 0
-98 -95 -57 -56 -48 -17 -14 2 5 8 24 39 60 67 72 91 97 0
-97 -78 -60 1 33 54 0
-94 -81 -74 -65 -61 -40 -22 -16 -1 5 11 12 19 21 24 25 59 67 72 90 0
-94 -91 -84 -82 -81 -76 -75 -49 -39 -10 -9 2 64 69 88 0
-86 -73 -70 -68 -66 -53 -29 -28 -26 -25 -20 -6 10 27 36 71 78 94 0
-90 -71 -70 -69 -41 -39 -36 -8 12 29 32 34 37 38 47 51 73 80 0
-47 -35 -24 -20 -2 3 11 49 57 66 72 94 100 0
-97 -80 -56 -47 -46 -45 -23 -22 -17 -6 7 16 26 69 90 93 100 0
-99 -98 -88 -81 -66 -64 -63 -62 -31 -19 -18 8 17 23 34 35 53 59 77 93 0
-79 -69 -30 1 15 16 21 54 55 68 0
-84 -70 -65 -62 -57 -55 -44 -43 -39 -27 -19 -12 -1 11 13 22 28 34 53 59 69 73 81 90 0
-89 -62 -32 -29 -22 -12 -4 9 25 44 46 65 0
-81 -63 -59 -12 -6 19 24 52 62 92 0
-97 -90 -77 -50 -45 -40 -16 -12 8 10 18 21 33 38 65 72 88 100 0
-99 -66 -64 -54 -23 -5 20 48 49 53 57 86 94 0
-98 52 0
-52 -7 0
-99 -80 -58 -14 9 11 13 30 40 0
-88 -59 -39 -33 -31 12 14 25 57 90 0
-88 -79 -72 -68 -59 -55 -46 -31 -30 -26 -7 1 4 11 14 47 54 66 67 71 85 87 89 91 96 0
-36 -23 9 26 34 38 56 0
-90 -83 -45 -44 -40 -38 -21 -18 -11 -2 14 16 48 62 73 86 100 0
-77 -59 -54 -39 19 44 45 76 78 91 0
-62 34 0
-79 -71 -57 -28 -18 -16 -10 -7 4 9 27 35 36 46 50 0
-86 -77 -73 -32 31 56 0
-68 -66 35 85 0
-97 -60 23 42 45 64 65 68 69 73 90 0
-86 -69 -47 -23 -18 -4 7 10 14 51 55 63 70 94 0
-80 -53 -38 -31 -5 34 55 70 75 82 88 0
-63 -58 -55 -49 -45 -40 -36 -30 -21 -10 25 51 76 90 0
-98 -97 -95 -85 -46 -37 -32 -25 -7 1 3 19 24 50 65 68 78 84 88 94 0
-99 -97 -75 -62 0
85 98 0
-79 -64 -59 -51 -50 -36 -33 -29 -27 -8 47 75 98 0
-92 -51 -28 -12 -10 -5 -2 -1 11 14 21 26 27 63 78 0
-99 -98 -97 -87 -81 -77 -76 -72 -68 -51 -49 -40 -27 -14 1 16 38 44 63 64 79 0
-57 -49 -21 -15 30 47 66 0
-78 -63 -59 -52 -41 -40 -36 -26 -16 -8 4 9 35 68 84 0
-23 -19 -5 14 22 37 45 48 55 0
-67 -61 -58 -50 -11 -10 -8 -6 -2 4 5 7 20 30 36 46 73 74 76 79 81 86 94 98 100 0
-13 71 0
-100 -92 -91 -81 -80 -73 -72 -40 -23 -18 -15 -4 -3 -1 6 7 11 34 37 42 49 53 54 68 85 0
-97 -63 -37 -35 -27 -17 -11 -3 8 14 40 42 64 79 0
-55 -49 -35 -24 2 93 0
-88 -76 -68 -49 27 28 30 84 0
-79 -29 -9 6 0
-91 47 0
-92 -69 -66 61 68 0
-98 -89 0
-98 -81 -66 -55 -52 -33 85 0
-89 -84 -70 -41 -33 -28 -13 11 49 94 0
-96 -87 -76 -69 -28 8 19 22 29 34 35 37 44 51 55 59 64 72 80 83 97 0
-83 -81 -59 -50 -48 -44 -42 -8 -6 26 33 36 37 43 74 82 0
-100 -81 -76 -62 -57 -39 -38 -23 -8 13 27 45 70 75 94 98 0
-92 -80 -69 -66 -62 -54 -45 -39 -35 -10 3 6 24 30 32 38 52 78 81 0
-87 -83 -62 -56 -34 -24 6 16 33 43 48 0
-95 -88 -83 -77 -71 -62 -29 -3 -2 17 32 42 55 60 63 70 80 86 0
-68 -51 -38 -20 -12 13 45 54 73 75 100 0
-87 -86 -63 -58 -49 -42 -12 5 15 31 38 40 45 59 75 82 90 94 0
-68 -38 -4 18 43 46 50 75 0
-100 -82 -77 -69 -61 -56 -53 -26 -21 -9 -1 8 28 33 57 70 81 84 92 96 0
-99 -94 -91 -75 -67 -63 -59 -51 -34 -30 -16 -15 10 20 27 41 52 53 66 70 83 84 92 96 0
-60 97 0
-92 -79 -76 -75 -67 -41 -36 -30 -5 25 46 49 83 89 0
79 0
-96 -72 -69 -62 -55 -54 -51 -42 -21 -14 30 64 85 87 94 95 0
-88 -84 -71 -65 -56 -52 -42 -38 -36 -21 -20 -13 -1 2 9 75 77 79 97 0
-53 -42 -36 -31 -30 -20 -17 1 22 29 47 50 52 61 78 79 91 0
-94 -82 -74 -73 10 40 0
-86 40 0
-16 -14 -5 6 0
84 97 0
-66 -64 -55 -51 -33 -26 -13 -12 7 15 40 42 47 52 54 70 77 85 86 95 100 0
-91 -68 -43 -23 -15 -1 27 29 50 62 72 76 80 0
-75 -70 -64 -57 -51 -48 -44 -10 8 16 63 84 86 87 89 0
-85 -31 -18 0
-91 -73 -55 -51 -1 46 62 98 99 0
-78 -61 -58 -32 -29 -19 -15 -3 7 62 65 91 0
-89 -72 -63 -54 -52 -49 -39 -34 -23 -9 -7 29 42 58 92 0
-74 -33 -31 -17 -15 12 23 32 42 46 79 0
-1 60 99 0
-93 -76 -74 -71 -68 -63 -50 -44 -24 -20 -15 4 6 9 23 33 43 53 61 70 78 0
-75 -66 -20 0
-86 -82 -40 -30 -22 -2 27 28 41 54 68 69 79 81 84 92 95 0
-100 -84 -74 -73 -66 -55 -46 -32 -13 -6 3 14 16 30 39 45 49 50 53 77 78 80 81 92 0
-76 89 0
-76 -74 -57 -33 -30 -25 -21 -15 -9 -3 22 29 37 38 43 45 69 96 0
-92 -76 -74 -59 -43 -39 -32 -31 9 12 28 35 51 60 61 65 69 89 0
-88 -75 46 63 65 0
-89 -58 -12 -9 34 81 95 0
-77 -75 -52 -51 -12 8 25 28 30 35 49 58 87 0
-97 -86 -85 -72 -59 -37 -25 -12 -2 -1 13 31 34 88 94 99 100 0
-57 6 26 69 70 0
-91 -71 -3 80 0
-100 -98 -93 -27 -16 -13 6 17 24 31 33 44 46 49 59 61 70 73 85 88 89 96 0
-89 -84 -81 -71 -68 -67 -23 -15 -4 55 58 59 78 0
-85 -43 23 42 51 0
-88 -66 -59 -51 -49 -47 -36 -24 -17 -16 -14 -1 4 18 23 30 38 44 52 63 69 0
-95 -81 -68 -48 -14 -1 4 12 47 89 0
-100 -67 -55 -48 -31 -27 17 23 30 59 79 85 0
96 0
-70 15 66 92 0
-99 -97 -67 -29 -20 -10 23 27 95 0
-94 -91 -80 -50 -13 14 16 24 31 69 70 89 0
-56 -47 -2 59 0
-95 -88 -79 -78 -71 -56 -40 -36 -18 -13 2 23 26 27 28 30 35 45 46 64 65 72 91 97 0
-91 -65 -59 -41 -40 -32 -28 -25 -6 3 42 44 55 62 66 77 79 84 86 100 0
-81 -63 -33 16 21 25 53 85 98 0
-91 -85 -72 -66 -46 -44 -30 -21 -14 3 4 9 62 67 74 94 0
-93 -90 -57 -38 -31 -19 -12 22 36 37 40 41 44 47 52 71 74 89 95 100 0
-72 -69 -37 43 55 60 68 83 0
-36 -32 28 57 65 73 0
-96 -42 -29 -25 -6 5 23 35 71 77 0
-71 -69 -50 -28 -13 5 10 38 40 65 66 72 75 93 0
-78 -66 -59 -45 -25 -19 -8 6 22 32 34 42 50 55 67 0
