CNF 400 100
-399 -389 -383 -342 -329 -325 -322 -318 -309 -294 -293 -275 -263 -241 -223 -221 -185 -175 -167 -163 -158 -123 -121 -119 -103 -68 -42 -12 9 15 17 20 22 59 60 62 66 100 104 106 117 127 128 134 135 170 177 187 196 198 222 237 254 264 276 285 290 299 303 306 334 358 366 371 375 376 395 396 0
-248 -128 88 196 269 0
-374 -371 -366 -359 -345 -336 -324 -319 -316 -314 -292 -250 -198 -179 -177 -174 -165 -163 -148 -147 -143 -136 -131 -120 -96 -75 -72 -56 -27 -23 -22 13 29 45 48 60 62 74 95 107 112 114 130 138 152 156 173 178 195 211 217 220 227 253 260 261 264 283 287 301 315 322 372 377 391 0
-400 -399 -386 -371 -370 -366 -359 -321 -314 -305 -302 -290 -269 -266 -256 -249 -232 -227 -226 -222 -209 -203 -189 -185 -184 -151 -150 -146 -141 -130 -123 -121 -98 -87 -80 -79 -69 -68 -64 -57 -49 -31 -13 -12 -4 2 9 24 37 50 60 72 74 91 96 97 100 112 124 126 128 137 138 159 174 224 260 262 270 284 316 322 336 362 368 378 0
-399 -390 -389 -386 -335 -334 -329 -325 -324 -316 -299 -282 -247 -246 -233 -229 -221 -216 -211 -200 -182 -181 -138 -127 -115 -114 -103 -92 -81 -74 -61 -58 -46 -36 -28 -26 7 12 23 31 35 37 51 72 75 80 86 88 145 151 161 164 173 175 186 196 199 206 218 239 257 262 264 272 296 297 301 318 321 337 351 353 369 371 373 378 0
-394 -391 -389 -382 -379 -375 -369 -359 -358 -343 -336 -324 -322 -307 -306 -305 -304 -291 -290 -287 -280 -269 -260 -240 -235 -227 -223 -218 -216 -211 -197 -190 -184 -176 -175 -174 -167 -163 -149 -148 -138 -136 -134 -112 -106 -100 -97 -91 -86 -80 -79 -61 -58 -55 -51 -49 -40 -38 -32 -13 -9 3 11 17 33 46 78 104 121 128 133 146 152 157 165 202 217 220 248 257 259 264 267 275 279 297 308 350 353 362 365 372 377 384 385 399 0
-372 -277 -262 -252 -192 -191 -126 -102 -78 -66 -13 -6 -3 33 55 149 161 205 310 353 362 0
-360 -353 -351 -344 -340 -332 -322 -318 -283 -258 -204 -203 -174 -154 -141 -130 -89 -26 13 117 172 239 251 270 339 359 361 362 378 0
-377 -360 -350 -346 -330 -329 -322 -319 -301 -290 -279 -277 -250 -240 -221 -215 -187 -180 -169 -161 -160 -156 -146 -120 -115 -108 -105 -95 -94 -93 -92 -88 -86 -81 -80 -75 -71 -63 -43 -9 27 64 68 72 85 116 153 157 166 175 207 234 236 241 259 275 282 289 291 295 315 316 357 361 366 367 380 385 388 397 399 0
-358 -354 -334 -323 -308 -297 -291 -281 -268 -261 -250 -237 -236 -198 -197 -194 -188 -187 -172 -164 -160 -145 -141 -135 -93 -75 -64 -21 -16 17 22 54 55 56 126 148 220 234 252 299 300 306 329 347 362 364 378 379 384 394 397 0
-394 -391 -374 -366 -359 -355 -349 -341 -327 -323 -307 -302 -268 -264 -257 -230 -213 -209 -195 -190 -170 -161 -137 -133 -121 -118 -111 -97 -72 -61 -56 -54 -53 -39 -32 -22 -5 -4 7 29 31 45 49 66 75 100 112 115 131 132 157 158 174 188 233 234 241 246 261 277 289 295 300 319 324 326 334 343 346 373 376 377 390 398 0
-399 -393 -381 -364 -328 -325 -317 -309 -302 -285 -283 -262 -225 -189 -168 -133 -127 -118 -117 -92 -72 -69 -65 -64 -63 -61 -56 -49 -48 -47 -26 -15 -2 10 16 18 20 36 41 52 54 79 87 95 102 114 131 135 157 161 170 177 183 196 208 222 224 233 254 260 270 278 297 308 321 342 374 384 386 390 396 0
-326 -83 -51 16 49 161 365 379 384 0
-391 -369 -314 -296 -181 -175 -164 -142 -97 -79 -66 -63 -25 26 61 72 94 145 173 202 203 237 248 254 261 399 0
-393 -388 -379 -362 -361 -349 -305 -300 -275 -244 -240 -231 -228 -227 -214 -192 -186 -157 -98 -83 -32 -30 1 14 15 18 37 55 58 71 75 141 166 174 175 179 200 205 210 218 247 248 261 280 282 287 295 302 308 314 320 341 370 0
-397 -396 -384 -380 -375 -365 -347 -322 -314 -273 -268 -263 -254 -244 -241 -229 -219 -214 -196 -186 -177 -175 -171 -157 -156 -154 -151 -139 -128 -124 -119 -89 -82 -77 -74 -69 -56 -54 -47 -37 -2 5 6 8 9 24 27 40 62 63 84 108 114 123 140 158 168 170 194 200 207 210 247 280 284 301 307 317 320 325 334 341 353 359 394 400 0
-330 -295 -162 -12 102 191 331 339 349 0
-386 -379 -375 -360 -358 -347 -332 -327 -312 -309 -301 -293 -275 -258 -242 -223 -220 -215 -213 -209 -194 -189 -182 -165 -154 -146 -144 -140 -139 -134 -123 -118 -113 -108 -97 -90 -71 -60 -58 -56 -44 -41 -37 -34 -15 -14 -10 -6 18 23 29 53 72 76 79 86 87 96 102 105 127 151 152 156 157 175 190 202 218 224 231 237 246 252 260 272 279 310 311 315 316 323 326 336 344 348 363 377 383 385 388 398 0
-363 -336 -322 -319 -314 -289 -259 -242 -207 -199 -192 -187 -185 -177 -168 -163 -159 -127 -125 -104 -102 -95 -85 -84 -32 -29 -16 49 81 91 131 140 154 174 181 198 208 218 219 223 245 266 286 287 297 305 306 327 333 361 375 376 384 392 0
-400 -398 -390 -375 -374 -371 -352 -331 -319 -315 -307 -300 -292 -289 -274 -246 -226 -197 -194 -184 -154 -147 -142 -83 -67 -65 -54 -53 -29 -6 10 16 33 55 60 62 63 94 124 128 158 168 170 175 176 182 185 200 213 221 223 225 229 239 245 294 306 309 328 330 362 365 372 380 382 383 0
154 0
-399 -386 -366 -302 -297 -293 -280 -272 -269 -266 -262 -256 -245 -231 -225 -223 -220 -202 -191 -187 -183 -181 -177 -173 -171 -168 -161 -156 -151 -141 -139 -133 -126 -116 -108 -100 -91 -89 -82 -78 -76 -74 -54 -37 -27 -23 -17 -8 -2 -1 12 22 41 46 47 71 88 90 92 106 112 124 130 132 135 137 143 146 190 196 198 226 244 252 254 268 271 278 279 281 288 295 301 308 312 313 320 326 331 332 344 356 374 382 384 395 0
-388 -369 -249 -244 -179 -164 -162 -117 -101 -94 -84 -80 -67 15 43 48 49 65 69 86 106 112 133 138 192 269 314 333 342 364 371 0
-384 -383 -360 -349 -342 -332 -322 -268 -267 -266 -257 -242 -220 -196 -189 -187 -184 -179 -178 -162 -145 -141 -140 -119 -112 -76 -69 -65 -57 -48 -36 -29 -14 15 53 56 59 64 73 82 88 94 97 111 116 125 144 147 148 153 159 160 164 174 177 183 186 191 207 225 229 230 264 265 282 314 315 325 326 329 352 353 354 358 364 365 367 381 390 395 0
-324 -185 318 357 0
-386 -384 -380 -369 -366 -362 -350 -339 -285 -284 -283 -280 -273 -265 -263 -260 -229 -228 -225 -221 -216 -215 -209 -190 -189 -182 -176 -166 -161 -147 -135 -119 -117 -91 -80 -60 -47 -46 -36 -19 -11 -3 14 24 26 37 38 41 42 49 50 59 68 79 89 100 101 115 120 124 132 136 139 142 144 158 160 169 173 181 184 208 226 234 246 254 274 275 286 292 294 295 296 308 310 321 338 349 375 388 389 394 396 398 399 0
-399 -398 -382 -367 -292 -287 -285 -269 -264 -249 -229 -200 -199 -195 -181 -150 -147 -139 -125 -119 -108 -63 -43 -33 -29 8 17 28 40 51 60 73 83 94 98 111 165 172 182 185 210 219 226 231 240 280 281 289 301 322 324 332 365 383 392 397 0
-399 -338 -326 -318 -291 -287 -280 -276 -271 -270 -256 -231 -221 -207 -206 -192 -191 -190 -188 -187 -186 -185 -179 -171 -169 -143 -139 -130 -104 -81 -72 -70 -35 -31 -29 -27 -12 5 16 36 43 50 54 56 61 65 67 88 101 118 128 146 147 150 151 155 193 198 202 214 265 295 297 298 315 331 332 341 349 350 358 375 398 0
-331 -207 -177 -171 -105 -25 377 0
-383 -377 -376 -369 -364 -363 -357 -351 -344 -330 -320 -317 -305 -289 -273 -270 -269 -241 -238 -237 -232 -231 -228 -212 -197 -191 -190 -157 -149 -138 -135 -119 -117 -103 -102 -55 -46 -21 -18 -10 -8 7 14 27 29 50 68 76 99 114 125 126 130 137 150 152 167 170 179 180 194 207 218 221 247 262 263 297 302 343 392 396 397 0
-390 -388 -385 -384 -370 -359 -351 -341 -317 -297 -283 -280 -278 -274 -270 -269 -266 -260 -257 -222 -221 -186 -177 -172 -153 -140 -130 -124 -114 -81 -59 -50 -41 -28 -23 -14 1 5 6 10 34 37 44 45 61 74 86 95 98 107 123 146 158 171 175 179 208 209 215 229 238 241 252 255 261 262 282 286 287 291 298 325 347 352 380 381 389 392 393 395 0
-397 -390 -315 -302 -301 -272 -254 -230 -193 -184 -104 109 250 319 360 376 0
-210 -166 -81 148 207 0
-388 -345 -332 -322 -319 -309 -304 -290 -276 -246 -245 -240 -217 -206 -204 -195 -194 -192 -191 -190 -177 -175 -160 -153 -150 -139 -136 -128 -124 -102 -99 -87 -86 -79 -72 -71 -61 -53 -38 -34 -20 -8 -6 5 12 15 25 28 48 60 64 67 82 89 110 119 123 130 144 147 174 196 210 216 234 238 253 261 272 275 283 339 346 365 370 371 377 381 400 0
-388 -383 -361 -344 -341 -319 -307 -305 -299 -285 -263 -256 -247 -235 -215 -201 -186 -184 -183 -168 -163 -158 -150 -121 -113 -93 -91 -83 -62 -46 -37 -15 -5 -2 1 3 13 14 27 28 39 40 55 58 69 81 101 125 126 159 165 172 175 195 199 213 227 248 261 265 273 278 287 291 295 309 320 338 339 346 347 351 355 359 368 392 393 400 0
-398 -392 -344 -338 -335 -333 -319 -317 -316 -313 -304 -302 -300 -299 -295 -283 -279 -277 -248 -244 -235 -233 -228 -222 -203 -190 -166 -156 -152 -127 -123 -122 -121 -104 -83 -75 -50 -34 -18 -17 -5 24 31 32 37 40 49 51 52 55 95 105 106 111 114 130 142 146 148 150 172 179 183 198 206 221 224 227 232 247 253 254 280 288 296 301 305 322 327 342 343 361 373 376 381 385 400 0
-395 -369 -356 -264 -233 -219 -205 -174 -128 -121 -117 -112 -69 -68 -27 59 125 181 206 287 323 389 0
-360 117 0
-397 -369 -355 -343 -319 -316 -302 -294 -284 -278 -211 -206 -198 -191 -188 -187 -184 -168 -159 -148 -140 -98 -88 -83 -75 -57 -49 -40 -8 3 24 31 59 61 69 118 122 130 156 167 174 175 215 221 224 272 275 276 288 300 301 341 349 362 387 0
-364 -359 -357 -251 -239 -118 -86 -58 -52 -28 29 42 79 97 159 160 187 194 195 208 234 292 311 375 0
-372 -362 -357 -343 -318 -317 -304 -281 -260 -234 -232 -229 -222 -167 -166 -151 -148 -124 -114 -108 -107 -93 -76 -75 -64 -44 -43 -42 -23 34 65 122 138 165 231 243 255 265 0
-370 -345 -160 -30 13 19 139 154 218 364 395 0
-204 -187 -165 -150 -40 -16 9 13 38 46 52 72 86 104 144 149 175 186 195 223 240 376 0
-246 0
-393 -368 -362 -354 -327 -323 -286 -283 -279 -274 -208 -160 -147 -146 -123 -101 -91 -84 -78 -57 -37 -20 -12 -3 1 52 59 62 68 107 135 155 168 191 201 205 214 224 228 229 231 234 244 252 256 260 267 273 282 288 295 305 314 325 328 341 345 0
-385 -364 -363 -354 -344 -326 -318 -316 -303 -300 -299 -297 -294 -282 -273 -233 -229 -220 -218 -212 -210 -206 -201 -191 -159 -156 -122 -119 -111 -95 -63 -48 -42 -38 -25 -16 -14 -8 20 34 37 61 64 70 71 74 80 83 91 99 106 109 135 161 168 174 181 190 193 202 205 208 236 237 241 243 263 289 302 319 322 328 368 378 383 387 393 0
-380 -252 -198 -164 -149 -58 -7 67 214 335 379 0
-395 -391 -383 -382 -381 -379 -377 -356 -347 -336 -335 -333 -326 -323 -319 -318 -316 -313 -308 -286 -281 -272 -271 -256 -253 -245 -222 -214 -205 -198 -194 -193 -186 -179 -171 -166 -160 -157 -149 -143 -133 -123 -120 -95 -91 -77 -74 -73 -62 -48 -27 -19 -8 -2 10 34 38 56 57 59 69 84 101 135 147 156 162 212 213 217 221 223 232 242 247 260 277 279 288 293 295 312 328 341 351 358 367 369 385 0
-386 -369 -364 -355 -352 -338 -333 -322 -312 -293 -287 -276 -249 -213 -211 -209 -203 -199 -183 -181 -171 -158 -143 -140 -131 -104 -102 -90 -84 -81 -67 -63 -42 -33 -2 11 43 61 62 70 83 99 105 114 120 132 133 178 221 227 232 246 256 257 259 263 264 283 288 300 304 306 325 344 360 380 388 0
-395 -371 -361 -302 -265 -223 -153 -139 -137 -128 -118 -114 -76 -69 -67 -61 -52 -43 11 15 106 122 123 136 194 267 282 291 362 368 390 0
-392 -377 -366 -357 -355 -347 -339 -337 -327 -319 -308 -296 -253 -242 -235 -178 -169 -138 -117 -94 -87 -30 -24 -22 -15 -12 -1 2 13 34 37 39 45 58 86 89 90 127 198 225 234 294 329 340 344 345 369 373 375 382 384 0
-380 -377 -369 -363 -355 -348 -336 -335 -325 -314 -304 -295 -293 -292 -284 -278 -268 -267 -262 -258 -244 -224 -213 -197 -187 -182 -180 -178 -173 -172 -150 -138 -135 -126 -106 -104 -96 -80 -79 -77 -72 -71 -62 -59 -52 -38 -37 -30 -17 -9 3 10 20 21 32 34 63 86 90 93 95 100 112 113 121 165 166 193 198 209 216 219 233 257 265 288 294 298 305 310 323 324 337 338 351 356 387 399 0
180 0
-365 -357 -356 -339 -316 -255 -109 -105 -93 -77 -67 -44 -23 -22 -21 -17 -7 75 86 114 116 120 130 150 162 167 183 185 192 221 229 231 249 260 280 287 308 312 326 330 349 362 392 0
-398 -391 -384 -361 -357 -353 -352 -333 -330 -310 -306 -291 -288 -286 -279 -273 -261 -235 -229 -205 -199 -191 -189 -165 -156 -144 -140 -130 -128 -109 -93 -72 -69 -29 -28 -22 -12 -7 -6 2 4 8 10 16 17 21 23 34 57 66 97 108 115 149 159 167 170 175 188 190 195 197 210 212 224 225 241 247 248 271 275 277 281 292 297 303 318 325 328 343 368 371 0
-382 -376 -350 -262 -171 -156 -123 14 125 146 247 282 0
-172 -36 -4 49 96 146 193 0
-400 -398 -389 -387 -384 -381 -343 -290 -269 -267 -266 -265 -255 -253 -215 -172 -133 -96 -82 -62 -29 -14 -2 48 77 91 132 145 154 224 247 288 292 319 322 338 342 356 374 385 394 0
-394 -393 -358 -350 -342 -336 -332 -328 -319 -305 -297 -295 -282 -279 -270 -259 -257 -218 -213 -198 -188 -185 -161 -148 -145 -144 -142 -136 -131 -130 -125 -120 -98 -72 -45 -40 -31 -26 -8 -1 3 12 28 33 35 38 48 50 61 63 70 81 82 90 92 102 106 107 110 129 162 172 176 202 203 211 221 237 239 271 276 290 292 303 321 344 359 364 392 396 0
-397 -378 -375 -369 -365 -361 -354 -338 -323 -318 -317 -311 -309 -302 -292 -283 -263 -261 -225 -176 -149 -148 -118 -89 -65 -56 -42 -27 -12 1 45 61 111 124 126 133 153 164 184 185 195 223 238 279 320 324 329 360 366 391 0
-393 -359 -348 -343 -286 -280 -250 -236 -233 -229 -210 -200 -185 -182 -181 -174 -163 -99 -92 -68 -48 -1 9 18 38 50 60 75 96 126 129 134 153 154 162 170 248 267 268 297 322 329 335 346 380 381 388 400 0
-391 -295 -292 -265 -256 -219 -166 -100 -85 -70 -62 86 106 172 184 225 253 289 315 337 381 387 392 397 0
-207 -143 -141 -134 -72 -49 65 111 151 394 0
-385 -341 -334 -324 -316 -311 -303 -291 -275 -258 -247 -239 -227 -197 -194 -177 -165 -78 -46 11 29 33 73 75 83 91 104 105 108 133 137 148 195 278 323 330 392 0
-346 -293 -150 -74 186 0
-378 -372 -342 -308 -274 -268 -252 -193 -188 -185 -181 -176 -159 -151 -87 -51 -40 9 39 77 78 106 132 133 139 183 190 231 291 314 380 389 394 395 0
-350 -287 -263 -232 -225 -218 -216 -177 -129 -128 -126 -122 -112 -95 -80 -75 -23 -15 -1 5 68 125 145 173 213 366 0
-349 -338 -156 -90 -44 -27 227 234 244 303 0
-393 -379 -323 -321 -315 -283 -266 -265 -262 -243 -239 -221 -201 -185 -183 -181 -170 -168 -167 -151 -139 -131 -119 -110 -104 -94 -88 -87 -83 -71 -55 -53 -52 -36 8 15 18 27 28 32 43 45 63 103 111 124 163 171 177 196 206 212 220 232 260 263 270 297 317 334 341 354 357 378 396 0
-353 -341 -334 -245 -181 -150 -120 -36 17 20 27 71 86 103 109 211 237 326 0
-377 -320 -317 -312 -311 -287 -203 -199 -184 -166 -155 -142 -96 -81 -67 -30 -27 -26 11 43 45 91 108 134 161 210 275 301 303 385 386 0
-393 -391 -365 -364 -357 -353 -341 -301 -298 -296 -292 -274 -266 -263 -247 -215 -211 -209 -208 -207 -193 -155 -152 -150 -138 -124 -121 -92 -88 -86 -80 -64 -63 -62 -60 -46 -45 -38 -32 -1 4 8 10 11 31 35 42 50 71 75 78 79 85 96 139 140 147 159 162 165 188 194 199 218 221 222 227 244 248 261 265 277 280 285 294 306 309 315 330 347 351 354 356 367 372 375 376 380 386 389 392 395 0
-392 -364 -357 -345 -335 -322 -316 -312 -298 -289 -288 -286 -281 -271 -251 -242 -232 -229 -216 -213 -209 -198 -194 -182 -177 -144 -133 -121 -95 -87 -86 -83 -75 -65 -61 -40 -30 -9 6 14 18 22 25 44 46 57 68 85 99 103 126 127 142 158 174 188 193 202 222 225 230 261 267 277 282 308 315 320 332 348 354 358 378 0
-328 -303 -301 -300 -294 -283 -262 -260 -258 -253 -177 -168 -167 -134 -106 -92 -73 -65 -60 -18 19 20 33 49 70 78 101 123 124 132 166 171 172 181 185 191 193 208 215 224 230 234 245 263 269 295 297 309 351 373 389 0
-386 -328 -324 -219 -214 -104 -96 -69 -63 -28 -20 -6 36 57 68 83 98 106 183 186 212 279 341 377 387 0
-391 -368 -355 -352 -336 -334 -324 -308 -292 -286 -266 -246 -243 -239 -229 -213 -194 -186 -183 -172 -171 -106 -85 -81 -67 -59 -11 -10 -2 3 8 18 26 28 34 100 131 136 181 182 232 242 249 253 255 263 271 289 294 298 310 350 382 0
-369 -363 -358 -339 -335 -307 -301 -287 -283 -280 -262 -238 -230 -225 -219 -216 -212 -199 -193 -174 -153 -148 -147 -131 -122 -121 -107 -105 -99 -86 -77 -66 -59 -58 -32 -22 -11 5 6 14 38 52 53 56 60 62 65 72 82 83 94 102 103 108 109 113 116 142 145 164 170 179 181 182 184 189 198 203 207 211 213 221 229 235 236 243 247 256 265 270 275 277 281 285 296 304 318 319 323 327 346 352 366 367 374 379 384 387 395 0
-392 -391 -374 -371 -365 -363 -351 -343 -340 -337 -304 -284 -279 -265 -264 -263 -256 -250 -238 -230 -225 -220 -210 -207 -206 -199 -187 -185 -147 -129 -120 -113 -109 -90 -86 -85 -74 -72 -61 -58 -53 -52 -46 -34 -19 -16 -15 -2 24 38 39 50 75 80 100 108 117 119 124 131 134 137 140 145 149 156 166 169 196 221 231 232 240 251 270 273 274 287 288 293 296 308 311 315 316 326 328 338 361 379 395 0
-400 -395 -370 -365 -362 -358 -342 -334 -317 -308 -296 -282 -272 -249 -247 -246 -239 -237 -212 -208 -200 -180 -174 -173 -153 -152 -132 -120 -118 -117 -109 -108 -76 -49 -32 -30 -16 -9 2 7 66 100 102 110 113 124 139 141 155 164 181 188 198 201 207 227 231 257 264 274 293 301 332 338 339 345 373 374 375 380 0
-394 -391 -386 -382 -375 -371 -368 -353 -340 -320 -299 -286 -271 -254 -248 -239 -218 -206 -197 -188 -171 -167 -157 -151 -141 -135 -127 -126 -125 -116 -106 -97 -93 -78 -77 -76 -74 -65 -54 -47 -42 -38 -37 -33 -22 -9 1 2 3 12 15 29 58 60 63 64 66 67 71 79 85 87 88 92 94 104 107 108 111 142 143 147 152 158 166 182 190 193 194 212 216 250 257 265 274 282 289 291 296 305 308 322 360 365 377 389 399 0
-394 -390 -377 -369 -340 -301 -300 -292 -277 -273 -265 -251 -225 -203 -196 -190 -189 -186 -174 -172 -158 -157 -150 -139 -126 -125 -120 -116 -112 -101 -99 -95 -79 -70 -54 -37 -34 -27 -21 -12 -9 17 20 23 28 29 35 42 45 46 56 60 61 76 83 87 90 92 96 137 138 165 173 182 193 197 200 206 214 218 224 233 246 260 261 268 285 290 304 327 337 341 350 360 361 362 378 381 382 0
-341 -311 -257 -208 -171 -170 -104 -72 -69 -44 -42 4 34 145 219 271 278 301 0
-273 -265 72 74 135 170 0
-397 -387 -384 -378 -373 -366 -365 -337 -333 -330 -327 -312 -280 -272 -269 -257 -256 -240 -225 -220 -202 -187 -174 -163 -162 -156 -148 -137 -134 -125 -122 -113 -104 -92 -72 -71 -44 -32 -26 -24 -20 -18 -9 -8 -5 6 15 19 28 37 41 61 69 84 90 107 108 109 114 115 117 135 138 141 142 143 151 153 177 180 197 199 204 215 216 238 244 259 266 268 274 277 282 288 289 302 308 311 325 335 367 379 388 392 395 0
-400 -389 -373 -367 -364 -350 -349 -341 -338 -332 -327 -317 -288 -284 -278 -268 -249 -224 -203 -189 -188 -118 -100 -96 -82 -64 -62 -53 -11 3 13 19 29 54 59 74 81 85 90 92 112 114 129 164 170 192 199 246 248 290 296 322 342 343 358 363 368 369 377 392 396 0
-244 -156 -105 -58 25 141 170 207 221 312 357 0
-394 -375 -323 -286 -277 -268 -251 -239 -220 -206 -197 -194 -190 -183 -120 -89 -86 -62 -56 -53 -18 -14 -12 -9 3 8 32 71 130 149 160 174 204 210 219 223 230 232 269 291 294 326 330 352 362 384 0
-393 -379 -375 -368 -359 -351 -335 -334 -330 -328 -315 -302 -300 -285 -272 -261 -252 -248 -245 -230 -215 -212 -204 -198 -197 -196 -195 -179 -178 -177 -152 -141 -140 -139 -121 -120 -95 -89 -85 -84 -80 -71 -68 -57 -47 -43 -14 -11 -5 2 27 28 32 35 36 41 51 58 59 61 64 65 67 77 97 104 132 138 146 165 182 184 189 217 235 243 246 250 257 269 271 274 283 290 291 292 294 298 307 329 349 355 357 370 373 381 390 398 0
-399 -385 -368 -365 -362 -357 -354 -340 -339 -338 -334 -301 -289 -287 -282 -281 -276 -273 -272 -270 -268 -259 -256 -254 -253 -243 -233 -213 -196 -194 -191 -190 -186 -179 -178 -170 -167 -162 -155 -136 -107 -102 -97 -96 -88 -87 -85 -65 -46 -37 -32 -24 1 10 11 15 22 31 49 56 58 67 69 83 98 99 110 123 147 161 171 184 192 202 203 219 230 234 235 242 251 252 258 263 264 278 285 306 331 345 346 349 350 360 372 387 391 400 0
-390 -387 -386 -375 -369 -364 -361 -356 -342 -334 -327 -317 -314 -291 -270 -260 -254 -221 -219 -213 -205 -174 -169 -163 -155 -154 -141 -134 -128 -123 -121 -111 -103 -88 -75 -72 -71 -67 -60 -59 -10 -4 3 13 23 32 35 47 56 61 78 89 92 97 101 135 146 157 189 192 197 199 200 209 228 234 235 285 287 300 301 303 315 329 332 337 343 347 349 391 396 0
-400 -332 -311 -279 -274 -263 -252 -225 -216 -193 -62 -33 -24 -17 18 25 43 57 67 75 77 89 91 97 126 146 148 159 179 180 187 208 217 227 240 255 270 321 355 372 397 0
-394 -391 -390 -374 -372 -362 -347 -303 -275 -259 -242 -226 -192 -139 -137 -106 -103 -52 -47 -46 -30 -22 -16 36 37 40 55 65 74 81 95 120 129 143 147 161 169 170 176 180 183 200 209 211 233 247 255 260 262 277 334 385 397 0
-399 -395 -390 -379 -358 -354 -329 -308 -306 -302 -279 -275 -262 -255 -234 -221 -202 -199 -184 -178 -164 -144 -141 -124 -101 -86 -82 -77 -76 -57 -41 -29 -19 -10 -6 3 4 9 20 23 24 27 43 58 65 99 104 133 135 149 177 183 187 198 222 236 245 247 252 270 273 277 314 320 321 324 345 347 368 369 389 396 0
-399 -396 -395 -387 -374 -368 -356 -354 -337 -335 -333 -327 -320 -318 -311 -287 -283 -278 -271 -266 -252 -249 -234 -216 -213 -195 -176 -175 -170 -135 -86 -82 -66 -48 -40 -25 -13 -12 -11 -9 -5 -4 -3 31 32 33 55 57 61 72 77 79 85 89 96 104 119 125 139 149 154 157 158 159 166 179 181 182 184 187 192 206 210 212 220 233 235 236 245 258 263 280 300 322 323 338 344 357 361 363 365 388 393 397 0
-388 -387 -378 -355 -336 -327 -311 -291 -267 -254 -213 -191 -178 -104 -72 -63 -8 1 26 32 62 75 80 105 154 155 161 196 235 242 245 261 315 362 370 399 0
-345 -326 -276 -271 -159 -82 -47 -29 15 62 140 190 202 287 300 311 336 358 394 0
-398 -394 -387 -386 -380 -374 -360 -355 -342 -339 -328 -323 -316 -281 -264 -261 -258 -256 -254 -239 -235 -233 -223 -213 -188 -184 -178 -155 -153 -131 -120 -85 -68 -58 -43 -39 -35 -24 -8 -3 14 17 20 23 30 36 37 41 44 50 81 84 97 117 119 130 135 138 142 143 150 164 166 167 171 183 187 190 197 205 227 229 231 232 237 241 248 252 294 307 314 317 319 332 335 344 376 377 381 397 0
-363 -337 -289 -280 -239 -197 -113 -83 -35 13 54 127 218 300 0
395 0
-366 -349 -126 -122 -79 13 83 117 127 161 183 217 279 0
