CNF 200 100
-150 -125 -120 -110 -63 -55 -30 -24 59 71 157 168 176 0
-196 -170 -131 -108 -99 -83 -62 -61 -42 17 18 19 34 45 57 64 90 94 100 105 126 136 158 160 195 0
-195 -139 -121 -91 -72 -63 -59 -58 -51 -39 -4 15 16 17 43 52 80 200 0
-197 -191 -185 -181 -177 -173 -163 -159 -137 -133 -132 -115 -105 -101 -94 -72 -70 -54 -53 -48 -40 -35 -28 -27 -23 -15 -11 -2 1 34 43 60 77 88 119 144 154 0
-198 -168 -158 -147 -124 -107 -100 -78 -66 -52 -45 -41 -38 -31 -7 82 125 157 194 197 0
-118 -92 0
-149 -135 -128 -92 -23 8 26 95 122 132 162 163 170 184 0
-164 -151 -138 -134 -125 -123 -97 -56 -40 11 20 47 48 71 73 79 86 87 118 119 126 128 131 162 192 0
-180 -171 -167 -158 -151 -133 -127 -124 -122 -119 -100 -88 -84 -71 -23 -4 5 26 39 51 54 80 118 126 129 148 153 161 165 178 186 0
-199 -192 -185 -178 -166 -159 -153 -123 -115 -99 -92 -60 -58 -45 -43 -42 -31 -28 -22 -18 3 11 20 21 26 36 37 44 48 56 67 75 77 96 105 116 128 142 156 165 187 194 0
-163 -137 -133 -121 -103 -92 -75 -69 -68 -17 -10 28 31 44 46 55 88 91 114 122 156 166 167 174 0
-196 -177 -173 -168 -164 -158 -149 -148 -136 -117 -97 -77 -75 -63 -57 -56 -49 -46 -45 -34 -33 -28 -26 -21 -9 -7 -6 20 36 53 62 68 89 94 96 110 125 127 130 133 135 137 139 150 169 176 0
-146 -52 -8 -7 58 81 144 195 0
-150 -132 32 56 128 131 147 192 0
-198 -144 -123 -62 33 64 146 0
-199 -198 -176 -157 -137 -125 -116 48 50 68 89 113 117 170 187 192 0
-197 -190 -183 -181 -172 -149 -147 -138 -135 -92 -66 -50 -47 -4 10 25 26 35 49 56 59 76 88 108 152 163 177 186 0
-191 -189 -169 -165 -152 -143 -136 -133 -123 -103 -84 -71 -44 -17 -16 -12 -3 20 24 25 28 51 54 63 69 81 90 96 104 114 125 148 154 166 179 184 193 0
-181 -156 -152 -151 -141 -132 -114 -85 -83 -51 -48 -9 16 34 74 82 89 94 117 124 155 195 0
-195 -173 -170 -168 -156 -154 -151 -147 -141 -139 -133 -124 -121 -91 -66 -50 -49 -32 -30 -25 -6 -4 5 8 26 29 40 47 48 58 64 89 93 94 97 99 100 101 103 105 112 150 155 194 0
-185 -153 -152 -133 -130 -119 -72 -60 -44 -29 -23 99 134 171 197 0
-199 -197 -185 -178 -172 -170 -166 -160 -153 -140 -128 -115 -113 -112 -107 -93 -60 -54 -50 -49 -45 -27 -24 -23 -20 -18 -11 29 34 44 55 62 81 82 86 100 108 110 131 134 137 141 149 157 158 159 168 179 189 193 0
-197 -195 -193 -191 -178 -176 -162 -159 -152 -148 -145 -143 -122 -119 -96 -82 -59 -48 -39 -19 -9 -5 8 15 16 24 27 28 32 43 44 50 69 74 79 97 102 108 133 151 154 155 164 172 179 198 0
-192 -98 -57 -50 -37 137 0
-161 -151 -126 -112 -111 -108 -105 -104 -101 -98 -81 -80 -79 -71 -70 -31 -19 -8 -6 -2 -1 10 15 17 21 51 78 85 87 96 119 135 146 156 174 176 180 0
-191 -182 -164 -152 -131 -120 -119 -115 -92 -81 -66 -46 -38 -37 -19 -18 -12 -5 1 9 11 16 23 26 32 40 50 58 63 68 71 89 99 110 114 124 128 132 144 146 157 160 162 166 174 196 198 0
-189 -152 -147 -126 -115 -113 -98 -72 -42 -10 -3 14 15 16 19 21 31 77 81 82 112 114 140 144 148 157 171 194 0
-170 -154 -128 -116 -104 -83 -71 -61 -37 -36 -6 -2 92 95 138 167 0
-152 -110 -64 -31 125 0
-195 -188 -178 -175 -170 -166 -164 -161 -147 -137 -134 -133 -130 -129 -124 -105 -99 -87 -86 -78 -58 -46 -45 -44 -38 -32 -15 8 12 17 22 35 37 40 52 53 57 59 69 72 89 90 98 106 141 154 183 184 186 192 0
-187 -179 -133 -131 -118 -107 -92 -75 -72 -44 -30 -16 -15 -9 7 23 34 53 108 120 132 148 176 197 0
-196 -151 -130 -128 -114 -106 -105 -103 -98 -97 -92 -91 15 19 40 49 52 61 99 126 129 131 144 174 176 179 181 185 0
-200 -197 -189 -188 -187 -176 -171 -166 -143 -129 -128 -127 -98 -91 -81 -80 -64 -61 -40 -8 7 13 17 24 35 38 44 48 55 78 79 84 89 94 103 115 120 126 136 137 138 139 162 163 164 167 174 178 0
-190 -165 -161 -157 -147 -109 -74 -73 -66 -37 -35 -24 -16 7 31 65 67 77 87 88 99 115 140 170 193 194 0
-190 -164 -155 -136 -135 -134 -126 -116 -102 -95 -89 -67 -62 -61 -43 -33 -30 -27 -9 -2 -1 5 10 11 26 39 70 75 76 81 83 90 92 105 120 132 143 157 167 173 184 188 0
-174 -171 -139 -122 -80 -40 -7 8 44 78 102 124 132 182 0
-194 -169 -164 -160 -147 -133 -119 -99 -81 -38 -18 -15 -8 -7 -1 4 9 21 29 30 39 61 70 76 104 107 132 145 161 0
-170 -159 -137 -134 -122 -112 -95 -91 -61 -55 -54 -36 -34 6 38 71 111 114 126 178 188 189 194 0
-200 -181 -177 -174 -157 -148 -143 -138 -131 -123 -109 -102 -82 -77 -59 -44 -35 -20 -19 6 9 12 25 28 34 70 117 119 120 122 136 141 161 183 193 0
-199 -196 -185 -179 -172 -160 -146 -133 -129 -123 -95 -83 -64 -60 -35 -31 -21 -15 -7 5 6 24 44 52 62 70 93 99 108 111 151 174 181 187 0
-186 -168 -119 -105 -78 -54 -13 6 14 35 50 55 112 123 125 128 137 142 0
-188 -179 -178 -160 -150 -100 -64 -51 -45 -35 -26 14 29 54 68 79 90 103 106 112 124 140 143 145 159 174 0
-161 -131 -124 -107 -67 -66 -63 -39 -35 -28 -23 -18 -16 64 72 79 86 96 106 126 157 163 171 172 195 0
-190 -161 -147 -142 -140 -125 -119 -97 -73 -66 -62 -57 -50 1 25 69 95 100 166 193 0
-189 -182 -139 -138 -133 -132 -123 -117 -110 -94 -92 -89 -80 -79 -54 -46 -37 -27 -24 10 13 19 30 33 39 40 42 44 50 52 55 61 71 85 88 95 101 108 121 125 130 154 157 164 184 190 0
-196 -194 -193 -160 -157 -133 -80 -70 -58 -20 -10 2 12 24 25 31 118 127 192 198 0
-193 -185 -184 -179 -154 -145 -131 -125 -121 -116 -113 -109 -94 -82 -69 -45 -42 -37 -35 6 16 21 32 62 63 85 97 107 108 110 120 160 164 174 178 0
-177 0
-142 21 62 0
-191 -166 -147 -65 -8 0
198 0
-195 -186 -170 -168 -152 -119 -100 -92 -86 -72 -69 -67 -13 -5 -1 4 11 34 36 49 52 66 76 77 83 105 110 111 113 116 144 155 171 191 193 198 0
-197 -196 -189 -172 -168 -162 -151 -139 -134 -132 -131 -129 -126 -122 -118 -111 -108 -101 -90 -89 -83 -82 -63 -30 -29 -17 -14 5 11 13 19 48 51 66 72 73 77 79 97 125 130 138 158 175 194 200 0
-174 -173 -172 -156 -144 -133 -101 -95 -76 -74 -72 -33 -31 -25 -11 -10 12 20 30 32 48 82 85 92 106 111 137 138 151 165 168 192 0
-186 -167 -154 -109 -107 -102 -95 -90 -87 -76 -75 -52 -40 -29 -25 -12 27 36 42 44 51 60 61 105 111 113 114 117 146 185 188 0
-198 -190 -168 -155 -154 -151 -148 -131 -111 -24 -16 4 17 38 63 104 110 129 167 175 0
-67 66 84 161 0
-180 -139 -105 -88 -74 -7 36 46 90 91 119 125 190 191 0
-187 -168 -158 -141 -128 -114 -107 -104 -98 -90 -82 -70 -64 -55 -42 -21 -19 -17 -9 15 32 49 57 62 79 81 88 105 110 119 123 127 129 137 138 140 142 148 151 160 175 176 189 194 0
-193 -189 -184 -178 -159 -158 -151 -143 -126 -100 -96 -95 -68 -59 -32 -2 7 9 45 50 75 77 99 116 141 187 0
-169 -159 -151 -144 -135 -118 -89 -24 -3 6 31 88 96 98 125 153 184 0
-199 -191 -189 -186 -142 -101 -88 -53 -39 -12 4 11 15 36 62 71 82 86 93 137 140 173 178 0
-90 -23 9 0
-130 -91 -58 -49 17 20 72 106 126 144 169 184 192 194 0
-194 -180 -155 -132 -113 -42 -35 -32 23 52 186 189 196 0
-90 -4 93 0
-184 -182 -180 -176 -169 -155 -152 -144 -140 -139 -133 -130 -115 -113 -109 -103 -97 -96 -89 -86 -52 -46 -39 -32 -23 -19 4 11 16 26 35 45 53 58 67 71 82 88 93 112 125 141 153 156 159 161 164 167 175 178 0
-171 -161 -149 -144 -127 -102 -98 -66 -5 14 33 39 41 45 47 55 56 84 107 120 155 158 159 160 165 181 199 0
-138 -125 -100 -96 -67 -51 -47 -39 -8 6 15 19 54 77 92 103 104 113 115 160 166 182 0
-199 -182 -177 -163 -157 -143 -133 -113 -105 -104 -97 -89 -85 -75 -62 -58 -55 -51 -44 -19 -17 -7 -5 2 3 4 6 8 36 39 42 49 50 53 61 69 72 88 94 96 102 137 141 146 149 153 176 179 193 196 0
-197 -171 -150 -124 -123 -99 -96 -78 -53 -51 -49 -10 8 61 82 85 92 100 109 145 157 159 166 187 0
-200 -199 -181 -118 -113 -92 -89 -88 -77 -50 -48 -46 -43 -33 -30 -6 -4 -1 7 26 38 55 69 91 111 116 119 124 142 144 151 153 156 159 160 168 172 188 191 0
-117 0
-192 -124 -110 13 24 29 102 120 127 0
-182 -177 -170 -163 -159 -148 -144 -137 -128 -109 -101 -100 -84 -76 -75 -70 -53 -34 -23 -22 -19 -18 -12 -11 -10 -9 -7 -4 1 17 24 36 39 62 77 83 107 112 115 118 132 147 162 175 195 196 0
-194 -189 -188 -175 -171 -168 -162 -153 -146 -144 -123 -120 -118 -117 -97 -84 -75 -70 -54 -52 -42 -30 -27 -20 -4 13 18 19 23 37 46 50 55 56 61 74 77 92 93 96 110 111 129 160 182 185 190 196 0
-195 -194 -178 -176 -170 -167 -134 -107 -104 -95 -72 -68 -56 -33 -27 -23 -10 -4 8 14 19 26 39 50 59 67 70 73 85 86 92 99 108 109 110 116 122 129 132 138 139 141 142 168 173 186 187 196 197 199 0
-186 -176 -172 -161 -148 -134 -96 -75 -70 -66 -28 11 45 64 111 114 141 179 180 185 192 0
-102 0
-194 -193 -180 -177 -158 -139 -129 -115 -105 -82 -79 -76 -69 -63 -54 -45 -38 -15 11 19 25 48 59 66 80 85 94 110 138 141 157 169 182 184 187 0
-185 -184 -182 -179 -176 -175 -152 -150 -129 -127 -123 -120 -101 -96 -95 -79 -76 -67 -65 -47 -43 -27 -6 3 7 20 25 30 31 39 44 46 48 49 57 73 75 82 84 87 92 97 113 144 147 149 155 157 164 165 0
-181 -164 -161 -160 -150 -123 -82 -65 -24 -23 -15 -13 3 19 36 38 64 69 103 104 115 118 147 149 154 157 170 174 180 182 193 197 0
-198 -190 -124 -121 -115 -83 -65 -32 39 76 82 98 117 126 162 174 0
-197 -176 -174 -173 -139 -126 -124 -121 -117 -103 -88 -83 -69 -64 -63 -61 -58 -45 -44 -40 -10 -1 11 27 29 38 42 55 76 108 115 127 131 142 148 151 189 196 0
-177 -161 -160 -155 -151 -127 -107 -84 -65 -7 19 49 83 86 146 168 0
-192 -190 -182 -178 -175 -163 -161 -143 -112 -106 -96 -95 -87 -80 -73 -70 -58 -56 -51 -48 -45 -36 -16 1 39 49 89 92 100 122 123 124 138 139 142 145 152 159 168 171 177 187 0
-198 -197 -194 -186 -184 -178 -177 -170 -157 -137 -136 -135 -117 -100 -90 -84 -77 -56 -49 -30 -25 -5 2 6 17 37 45 61 66 71 79 95 107 122 123 129 160 166 168 173 187 193 0
-200 -159 -158 -153 -144 -138 -113 -104 -74 -65 -63 -51 -27 -23 -11 -4 2 21 35 49 54 59 85 90 118 122 127 157 180 192 0
-192 -191 -170 -149 -148 -146 -89 -25 3 85 137 183 193 195 200 0
-197 -185 -180 -174 -173 -171 -147 -143 -134 -128 -123 -111 -99 -75 -70 -68 -55 -38 -36 -27 -17 -16 -9 -1 4 10 12 14 19 29 41 46 51 81 82 97 98 100 120 127 145 181 187 191 192 193 196 199 0
-191 -134 -99 -69 -48 -10 -2 -1 9 12 74 91 97 104 156 163 0
-146 41 91 93 148 197 0
-146 -82 -79 38 196 0
-196 -191 -189 -170 -160 -143 -137 -134 -131 -130 -106 -90 -87 -73 -46 -44 -35 -32 -25 -10 -9 49 50 52 71 77 83 86 92 112 117 132 133 144 145 163 198 0
-120 0
-189 -179 -73 -53 -47 -24 -5 7 10 12 15 19 31 90 96 111 135 140 143 155 0
-197 -193 -191 -190 -183 -173 -171 -163 -157 -154 -153 -146 -140 -111 -56 -55 -54 -53 -48 -41 -20 -18 -15 -7 -6 4 12 24 30 37 40 58 63 66 71 74 79 86 118 120 124 130 160 168 185 186 0
-159 -135 -95 -82 -78 -42 7 39 54 113 180 182 194 0
-164 -128 -123 -108 -107 -82 -59 -39 -16 -15 4 6 23 52 57 69 87 120 134 184 192 0
-178 -169 -167 -159 -155 -154 -143 -138 -122 -106 -105 -35 -21 -16 9 10 60 69 84 98 102 104 113 124 126 129 136 157 165 175 182 184 189 0
