CNF 100 100
-98 -89 -79 -75 -62 -57 -47 -46 -40 -39 -27 -25 -22 -16 -15 2 18 26 35 54 78 94 0
-93 -20 -14 -1 32 38 69 77 87 91 0
-98 -94 -74 -23 -17 49 61 83 92 0
-40 12 43 61 67 72 97 0
-93 -81 -60 -41 -39 -34 -18 19 22 30 42 51 53 56 71 75 80 99 0
-70 -30 -26 -5 32 0
-99 -86 -72 -63 -55 -52 -25 -20 -5 21 30 43 49 53 71 74 92 0
-73 1 48 0
-59 -42 -34 -31 10 27 38 46 67 75 96 0
-97 -95 -75 -67 -47 -43 -24 -20 -15 1 42 60 82 84 90 0
-98 -93 -75 -43 0
-73 26 40 0
-78 -71 -65 -53 -46 -43 -27 -25 -23 -16 -10 24 28 29 32 33 48 50 58 72 74 75 77 83 0
-86 -67 -58 -57 -56 -38 -23 -20 -11 6 9 13 16 41 45 79 90 0
-76 -73 -57 -2 24 58 0
-90 -83 -76 -52 -48 10 24 34 43 59 65 66 67 78 79 85 0
-82 -78 -46 -19 -6 12 24 65 95 98 0
-100 -99 -89 -65 -63 -61 -38 -32 -19 -15 8 10 28 29 41 59 72 75 77 79 80 81 84 92 0
-82 -80 -58 -54 -38 -26 -16 -13 -12 -3 4 23 24 45 49 0
-100 -34 14 0
-92 -69 -27 -18 -11 6 16 49 80 84 0
-80 -68 -61 -60 -49 -46 13 64 81 0
-91 -79 -61 -24 -22 -7 21 38 41 50 71 98 0
-99 -89 -87 -68 -66 -64 -53 -43 -33 -16 -12 7 9 19 35 36 49 56 61 75 82 86 100 0
-71 -50 -47 -37 -21 -20 14 17 43 97 0
-67 -26 -20 17 0
-84 -42 -41 -35 -34 -29 -15 -14 -6 5 21 28 33 36 53 98 0
-97 -87 -83 -64 -60 -51 -45 -41 -11 3 5 29 80 82 89 0
-94 -85 -69 -66 -57 -51 -49 -46 -44 -10 1 5 13 43 53 0
-30 -24 1 32 46 48 0
-80 -64 -53 -38 -28 -27 -25 -9 -5 6 16 49 68 71 98 0
-87 -76 -66 -57 -51 -39 -33 -27 -26 -10 -6 1 7 21 22 45 67 71 74 81 85 95 100 0
-2 33 0
-80 -43 -24 6 17 19 44 74 79 93 0
-90 -85 -77 -74 -71 -48 -37 -3 8 13 32 39 86 0
-86 -71 -41 -36 -21 12 25 39 50 67 74 0
-59 -57 14 75 0
-85 -79 -76 -73 -71 -68 -63 -25 -24 -22 -21 -20 -14 -5 -1 15 16 26 27 66 70 77 78 97 99 0
-97 -27 34 69 0
-83 -81 -56 -27 -10 4 19 28 42 48 59 64 71 84 85 89 0
-88 -85 -80 -58 -47 -43 -2 22 23 73 76 100 0
-97 -96 -95 -79 -78 -69 -68 -67 -65 -59 -47 -42 -38 -36 8 20 28 56 58 70 75 81 86 98 0
-100 -90 -83 -77 -68 -52 -32 -6 16 25 30 34 35 56 65 74 96 0
-90 -79 -78 -51 13 19 68 92 0
-96 -83 -81 -80 -59 -44 -23 -16 -5 40 48 50 53 56 64 90 99 100 0
-92 -88 -82 -77 -57 -54 -41 -17 -16 3 8 10 23 37 43 56 70 73 84 0
-90 -46 -40 32 53 97 0
-93 -87 -68 -62 -56 -54 -51 -26 6 16 18 37 40 44 55 60 70 82 86 96 0
-94 -78 -66 -64 -33 -31 -30 -12 -11 -8 25 38 41 60 61 70 73 76 79 97 0
-96 -93 -92 -86 -81 -80 -78 -66 -53 -30 -7 -2 13 26 54 56 60 68 69 71 76 84 0
-91 -80 -69 -61 -44 -32 -22 -12 31 33 46 62 79 0
-95 -63 16 19 32 37 53 58 64 65 74 77 96 0
-89 -88 -69 -45 -36 -25 -22 -14 -8 17 20 21 30 34 39 41 42 51 52 60 61 68 71 77 84 0
-86 -84 -72 -61 -45 -40 -27 -15 -13 -6 -5 -4 7 10 36 44 50 96 100 0
-95 -92 -71 -67 -55 -41 -38 -36 -31 -28 -25 -23 -17 22 33 42 43 69 73 0
-97 -64 -38 -8 2 5 21 71 84 0
-86 -62 -22 -14 -7 27 34 52 59 60 73 74 78 90 91 100 0
-6 31 41 47 56 62 71 0
-9 5 13 36 50 57 0
-92 -78 -73 -62 -61 -56 -55 -46 -37 -21 -15 -8 60 88 95 98 0
-89 -86 -82 -63 -60 -54 -5 10 49 98 0
-98 -77 -63 -62 -55 -35 -25 -11 6 10 12 19 21 24 26 57 73 85 89 90 95 0
-57 -26 0
-95 -94 -60 -48 -41 -20 -17 -9 10 23 43 67 0
-97 -89 -85 -62 -58 -36 -35 -17 -11 24 39 52 53 56 67 77 84 98 100 0
-100 -66 -38 -10 22 54 86 0
-73 -65 -57 -47 -40 -33 -32 -20 -18 6 27 30 37 38 42 44 62 71 83 99 0
-95 -89 -84 -73 -63 -47 -38 -28 11 33 36 70 83 99 0
-97 -81 -79 -78 -73 -54 -49 -9 -5 -4 8 19 25 40 74 77 80 0
-96 -79 -77 -46 -37 -29 -27 -23 -19 -15 -14 -5 -4 22 26 31 43 56 57 74 76 78 0
-95 -88 -51 -45 -37 -17 6 27 33 55 82 85 0
-90 -78 -75 -66 -48 -35 -32 -23 -18 -11 2 3 4 6 16 37 43 54 55 61 71 80 83 86 93 0
-99 -86 -72 -56 -54 -53 -45 -40 -33 -25 9 11 27 35 47 49 60 76 80 0
-89 -78 -70 -51 -50 -42 -20 4 15 27 54 61 63 73 86 93 0
-90 -76 -32 -15 3 4 20 55 79 83 0
-100 -97 -69 -66 -60 -39 -35 -26 -6 5 12 36 42 54 55 63 73 94 0
40 0
-98 -61 -58 -53 -39 -29 -22 -10 15 17 26 36 38 52 85 99 0
-98 -58 -49 -40 -39 -23 -3 9 10 14 22 35 46 53 63 73 0
-11 -2 24 0
-81 -45 -42 -32 -2 4 10 27 29 37 39 44 46 52 59 63 65 70 76 85 98 0
-91 -79 -57 -18 -9 -8 -1 4 6 14 15 24 34 36 48 64 67 83 87 99 0
-15 26 59 67 0
-94 -87 -83 -37 -31 -27 -3 4 9 25 43 45 49 56 58 61 62 74 76 85 0
-96 -66 -53 -52 -40 -9 57 98 0
-100 -97 -89 -85 -84 -82 -77 -75 -67 -51 -47 -45 -40 -32 -31 -30 -2 22 29 38 41 42 55 60 99 0
-93 -92 -86 -77 -67 -55 -32 -31 -24 -22 -3 12 19 23 49 62 65 72 76 95 98 0
-85 -80 -57 -56 -47 -32 -24 -14 -8 13 18 25 36 41 42 53 62 69 70 74 78 81 91 93 0
-71 -47 -44 -8 5 7 39 0
-98 -79 -69 -66 -55 -39 -9 1 7 24 31 34 53 91 94 0
-59 -57 -50 -46 -33 -25 -22 -21 -7 3 12 31 44 65 86 92 98 0
-98 -82 -80 -60 -59 -54 -53 -48 -44 -43 -37 -36 -27 -14 -11 -4 2 24 30 61 67 78 83 87 0
-92 -79 -74 -54 -27 -24 -23 -4 -3 22 32 42 43 46 51 55 64 66 67 68 81 87 98 99 0
-95 -90 -72 -67 -63 -61 -56 -49 -16 -13 1 4 51 80 81 94 0
-39 -1 36 54 80 88 0
-79 8 25 37 44 53 83 85 0
-98 -85 -68 -33 55 0
-96 -91 -89 -86 -45 -27 -17 -14 7 31 32 44 55 0
-65 -53 -50 -37 -10 -5 -2 7 8 17 63 67 86 93 0
-81 -4 37 0
