CNF 400 200
-396 -390 -385 -371 -366 -339 -313 -295 -245 -231 -212 -167 -151 -143 -89 -73 -35 -7 14 25 36 65 104 111 126 136 189 198 200 207 208 218 227 250 255 256 299 346 355 0
-397 -388 -362 -339 -338 -305 -299 -298 -297 -287 -261 -251 -240 -217 -209 -206 -205 -185 -174 -169 -145 -141 -127 -122 -114 -94 -89 -81 -73 -71 -70 -69 -55 -50 -48 -35 -26 -24 10 37 52 60 82 85 101 123 139 142 152 162 168 172 175 176 186 223 243 245 248 255 270 300 318 326 327 330 337 340 344 349 354 367 379 384 0
-346 -344 -271 -206 -130 -70 12 14 25 34 203 232 0
-390 -367 -360 -359 -357 -319 -264 -254 -217 -172 -171 -153 -149 -146 -128 -127 -102 -73 -56 -29 -19 -6 -5 3 18 21 39 47 64 114 123 151 165 186 228 249 257 276 277 299 310 317 320 341 347 356 385 0
-394 -393 -389 -373 -364 -345 -342 -334 -331 -312 -294 -287 -284 -278 -277 -266 -256 -251 -241 -229 -223 -221 -211 -208 -201 -192 -189 -177 -175 -168 -160 -150 -141 -139 -126 -109 -100 -81 -74 -71 -65 -64 -36 -23 -4 12 13 60 69 76 83 104 128 140 143 145 180 187 194 225 236 248 253 259 261 269 281 293 324 330 337 339 348 349 382 384 386 0
-372 -349 -347 -338 -324 -303 -300 -295 -284 -274 -273 -270 -259 -254 -249 -231 -227 -226 -218 -187 -179 -178 -177 -159 -157 -144 -124 -117 -116 -110 -100 -89 -84 -51 -35 -32 15 18 22 28 31 44 45 48 50 63 69 78 87 95 102 111 119 126 139 141 166 169 172 175 182 192 196 207 223 242 289 290 294 304 310 314 318 319 326 327 354 365 368 388 393 395 398 400 0
-397 -390 -387 -373 -372 -366 -364 -353 -344 -329 -328 -312 -307 -300 -299 -292 -255 -251 -245 -216 -195 -185 -182 -175 -168 -167 -166 -164 -153 -152 -138 -132 -131 -115 -113 -112 -106 -94 -75 -70 -69 -63 -48 -43 -40 -33 -32 -14 36 56 60 74 100 101 114 116 117 142 159 171 187 208 209 219 229 230 231 235 237 240 242 250 259 270 271 278 284 290 293 298 301 308 327 330 338 340 360 384 0
-396 -392 -390 -377 -311 -291 -286 -279 -276 -267 -247 -221 -214 -188 -174 -165 -161 -119 -113 -112 -108 -85 -72 -64 -53 -26 -8 -1 3 30 70 73 91 131 143 227 229 251 252 274 284 287 289 307 324 334 339 348 357 359 369 391 0
-329 -253 -232 -150 -135 -103 -28 182 205 214 277 286 291 355 382 0
-249 -218 -75 -53 153 337 389 0
-399 -381 -347 -323 -322 -306 -303 -297 -291 -285 -280 -254 -218 -217 -185 -171 -167 -161 -160 -146 -133 -120 -105 -103 -98 -77 -65 -26 -21 3 10 30 40 46 69 72 92 106 125 132 137 198 227 238 239 258 282 307 325 328 345 363 375 382 391 0
-397 -374 -358 -355 -353 -336 -328 -316 -310 -304 -302 -301 -272 -270 -266 -262 -257 -255 -254 -246 -240 -196 -195 -174 -170 -146 -135 -126 -121 -119 -118 -100 -79 -69 -54 -52 -47 -44 -43 -39 -25 -10 -1 30 38 60 62 68 87 88 106 157 165 166 179 204 208 209 216 220 222 235 237 252 267 315 322 324 338 339 342 344 361 365 375 388 392 0
-395 -281 -175 -5 80 112 145 169 213 309 0
-374 -362 -352 -310 -285 -206 -179 -124 -85 -48 6 53 76 111 121 163 183 258 292 345 380 394 400 0
-383 -362 -355 -353 -346 -340 -330 -320 -315 -278 -263 -257 -254 -235 -224 -160 -135 -97 -94 -81 -57 -36 18 73 88 91 92 151 158 165 174 179 213 220 259 262 271 276 322 0
-354 -341 -333 -331 -315 -279 -273 -219 -177 -143 -133 -28 -8 -5 1 11 15 29 67 140 197 243 244 245 250 275 355 374 379 0
-394 -385 -356 -342 -341 -333 -330 -301 -292 -287 -278 -273 -271 -267 -265 -253 -236 -228 -222 -220 -211 -210 -195 -194 -193 -182 -177 -154 -151 -133 -131 -124 -114 -107 -100 -76 -67 -65 -59 -45 -39 -37 -29 -21 -6 11 16 28 51 77 80 90 91 97 103 106 108 122 125 136 145 158 159 166 168 179 180 186 189 204 205 209 226 231 241 246 260 269 270 275 285 303 316 332 340 346 354 357 363 372 374 375 378 383 392 397 0
-390 -368 -337 -328 -327 -315 -301 -296 -295 -294 -288 -283 -282 -265 -238 -216 -215 -195 -188 -185 -183 -174 -164 -161 -147 -141 -129 -99 -46 -3 10 18 29 43 66 72 76 121 136 145 158 168 182 196 214 226 240 269 274 292 299 312 361 377 384 398 0
-399 -398 -389 -372 -371 -370 -355 -351 -330 -324 -300 -292 -287 -284 -283 -258 -225 -224 -216 -209 -131 -65 -56 -28 -21 -18 9 29 73 78 79 92 98 99 100 106 133 134 149 157 185 191 195 197 205 222 282 286 316 328 337 343 367 369 374 382 388 394 0
-398 -333 -323 -309 -302 -276 -273 -202 -178 -159 -158 -138 -137 -131 -104 -99 -81 12 80 121 147 155 176 230 236 242 246 268 288 298 305 339 347 363 368 369 374 0
-392 -386 -384 -373 -369 -364 -360 -356 -348 -335 -331 -318 -295 -294 -275 -256 -248 -239 -236 -202 -201 -184 -177 -176 -173 -147 -145 -141 -139 -133 -126 -98 -92 -80 -79 -78 -76 -52 -36 -33 -8 -1 7 10 14 23 35 54 58 68 69 87 116 117 123 132 152 179 180 191 192 204 212 217 220 228 247 279 288 306 311 314 319 339 351 353 377 387 390 399 0
-400 -399 -382 -378 -375 -345 -310 -308 -295 -260 -223 -205 -193 -181 -145 -109 -108 -106 -105 -75 -73 -62 -34 -11 84 114 127 151 182 207 220 224 225 238 292 322 323 328 329 330 334 340 353 356 398 0
-398 -393 -380 -372 -352 -350 -348 -343 -338 -333 -324 -322 -319 -314 -310 -308 -306 -283 -277 -270 -266 -254 -251 -244 -240 -226 -218 -215 -213 -204 -199 -191 -184 -182 -179 -176 -171 -170 -167 -161 -133 -111 -104 -100 -80 -58 -52 -43 -39 -35 -22 -21 -15 -11 5 12 16 33 38 63 66 79 85 93 119 138 141 147 158 173 190 194 206 225 228 250 261 262 264 275 323 327 329 342 359 379 395 0
-392 -368 -366 -353 -333 -324 -317 -316 -314 -313 -309 -303 -301 -298 -287 -236 -228 -224 -214 -208 -205 -201 -176 -153 -142 -140 -128 -114 -81 -66 -65 -62 -39 -29 -25 -13 31 35 50 54 57 63 64 91 92 96 99 108 129 135 164 170 175 186 212 229 253 256 258 281 282 306 308 329 334 338 342 344 346 365 375 377 397 0
-137 86 207 228 275 353 367 0
-394 -350 -324 -319 -312 -298 -297 -270 -264 -233 -227 -207 -180 -174 -126 -113 -106 -104 -88 -43 -38 -28 -12 6 17 73 76 114 149 161 169 176 188 236 251 278 322 334 347 0
-398 -395 -390 -365 -358 -354 -340 -300 -275 -267 -243 -240 -234 -233 -174 -172 -140 -120 -113 -99 -91 -49 -19 -18 50 53 57 59 73 81 84 90 107 109 115 136 139 155 161 162 169 170 180 186 214 222 230 232 242 260 271 279 301 318 327 367 0
-400 -399 -394 -392 -391 -385 -374 -373 -366 -358 -355 -349 -340 -328 -319 -315 -306 -286 -272 -258 -253 -232 -226 -218 -175 -156 -155 -152 -119 -106 -103 -95 -84 -66 -59 -57 -42 -41 -38 -35 -13 3 34 53 55 69 80 104 116 127 131 171 172 173 177 228 233 240 246 262 284 292 304 312 322 323 346 364 365 376 380 393 396 398 0
-379 -376 -367 -320 -302 -297 -295 -294 -288 -287 -280 -255 -219 -216 -209 -177 -125 -119 -114 -82 -73 -60 -55 -52 -51 -46 -22 -4 2 21 25 37 41 42 48 57 69 74 75 106 107 153 189 243 261 262 263 324 355 356 0
-275 -242 -215 -154 -136 0
-386 -379 -372 -362 -334 -325 -309 -273 -219 -216 -150 -110 -109 -107 -85 -45 -8 -5 31 73 75 87 91 100 108 145 159 208 227 260 271 279 282 283 293 314 341 361 368 0
-393 -367 -364 -323 -315 -285 -268 -265 -239 -233 -214 -162 -152 -130 -121 -93 -86 -49 -47 -18 -8 1 38 40 46 79 91 92 153 186 199 212 267 288 307 355 358 363 395 0
-381 -365 -363 -348 -347 -328 -323 -312 -310 -306 -301 -295 -275 -272 -271 -265 -261 -259 -245 -240 -236 -234 -230 -218 -213 -208 -206 -205 -203 -194 -186 -177 -174 -172 -157 -147 -137 -120 -117 -115 -111 -103 -92 -66 -57 -46 -41 -22 -6 -5 16 27 37 45 53 59 80 82 93 101 109 110 131 145 178 183 185 193 198 215 223 237 239 251 254 263 285 287 294 309 316 320 340 343 351 360 361 364 372 380 391 396 400 0
-375 -372 -361 -339 -329 -328 -322 -313 -306 -302 -280 -244 -239 -218 -197 -195 -178 -177 -164 -154 -152 -137 -131 -129 -57 -35 -28 -24 -10 21 39 48 76 85 95 109 125 149 150 155 157 185 228 238 245 272 285 304 308 321 331 346 360 365 377 382 0
-385 -378 -356 -355 -344 -328 -325 -318 -316 -307 -291 -290 -266 -265 -226 -218 -184 -179 -166 -148 -102 -52 -51 -50 -30 -9 -5 22 27 36 70 130 146 158 172 190 200 211 217 238 247 269 272 284 288 289 327 329 361 374 379 388 394 398 0
-384 -380 -378 -373 -346 -343 -332 -314 -313 -306 -266 -262 -255 -248 -212 -203 -186 -171 -160 -142 -127 -117 -114 -111 -91 -84 -57 -53 -47 -38 -14 -3 2 30 42 68 72 78 116 120 121 133 144 178 184 185 188 192 210 277 280 292 308 315 324 367 0
-387 -384 -331 -301 -284 -266 -232 -222 -213 -160 -104 -61 -44 -30 16 91 118 142 144 150 178 198 209 235 291 336 350 368 375 398 0
-392 -362 -307 -290 -286 -283 -262 -244 -162 -160 -114 -80 -54 -42 -28 14 15 41 73 76 128 163 245 258 268 280 281 293 309 329 353 363 397 400 0
-390 -388 -362 -343 -337 -282 -268 -265 -259 -245 -239 -219 -201 -193 -150 -141 -113 -77 -65 -43 -42 -29 -1 10 46 89 102 137 175 183 218 223 262 274 342 385 0
-394 -391 -389 -385 -383 -372 -362 -359 -358 -356 -336 -332 -316 -270 -235 -211 -209 -206 -204 -200 -188 -185 -170 -169 -154 -131 -119 -97 -94 -93 -92 -75 -64 -58 -38 -29 14 18 22 26 33 36 39 43 46 51 79 84 108 111 122 172 187 198 221 231 241 265 274 301 317 327 355 392 395 0
-396 -387 -379 -375 -371 -337 -328 -306 -247 -245 -222 -164 -163 -113 -108 -102 -93 -55 -41 30 52 54 56 62 71 114 126 155 176 177 211 248 268 280 288 300 314 327 334 341 350 0
-393 -387 -341 -329 -313 -282 -218 -207 -140 -11 1 10 52 96 125 181 197 250 261 265 267 269 270 271 292 312 321 344 379 389 390 0
-394 -354 -352 -302 -291 -284 -239 -236 -229 -219 -142 -140 -133 -104 -66 -43 41 55 56 63 70 102 109 136 186 195 214 251 299 306 334 341 343 355 357 364 369 380 391 0
-400 -367 -365 -320 -307 -254 -252 -251 -235 -233 -226 -223 -220 -208 -197 -196 -195 -177 -175 -149 -140 -134 -129 -125 -114 -102 -100 -92 -87 -73 -64 -57 -52 -45 -44 -27 -18 -17 -3 11 13 14 20 26 36 38 42 50 91 105 115 151 160 164 182 193 201 213 225 239 247 287 288 293 300 310 323 325 331 333 355 396 0
-391 -388 -387 -385 -378 -360 -358 -341 -323 -309 -299 -284 -280 -278 -266 -261 -259 -250 -238 -202 -186 -182 -166 -127 -125 -123 -109 -99 -98 -80 -63 -62 -55 -49 -30 1 15 28 32 34 47 48 50 52 53 56 57 68 77 82 84 89 108 115 141 142 149 164 178 187 190 195 210 217 237 239 247 249 265 273 279 285 298 305 311 315 322 327 328 330 331 333 337 348 349 354 372 379 381 383 386 400 0
-394 -373 -368 -366 -361 -339 -327 -326 -323 -314 -281 -275 -263 -242 -237 -236 -233 -220 -212 -190 -189 -169 -157 -151 -144 -129 -119 -103 -79 -74 -71 -47 -46 -28 -27 -4 10 20 54 57 87 91 96 134 136 139 155 179 218 244 249 256 265 266 289 313 318 319 321 356 372 383 0
-389 -363 -330 -322 -319 -273 -245 -228 -218 -197 -186 -172 -166 -164 -157 -152 -149 -145 -115 -111 -83 -68 -55 -48 -30 -17 -16 5 18 26 29 33 80 100 117 122 133 160 177 178 188 206 211 216 234 242 248 250 257 283 332 350 376 388 0
-355 -346 -332 -321 -292 -288 -283 -277 -275 -261 -251 -237 -229 -222 -210 -207 -151 -148 -133 -124 -105 -74 -59 -52 -7 -6 -4 -3 12 21 54 55 63 68 93 96 139 140 149 164 171 173 213 223 227 243 245 250 281 302 312 330 344 347 377 378 381 0
-396 -394 -393 -354 -340 -255 -253 -205 -145 -143 -130 -125 -88 -71 -65 -58 -54 -12 28 36 47 61 68 82 98 120 135 164 191 217 236 238 276 286 302 314 329 392 0
-390 -389 -371 -357 -351 -350 -331 -300 -297 -261 -251 -249 -247 -236 -224 -202 -201 -198 -190 -183 -178 -172 -160 -157 -149 -148 -142 -129 -126 -125 -124 -121 -120 -107 -96 -95 -91 -87 -86 -73 -70 -51 -50 -45 -43 -41 -34 4 5 21 23 28 31 38 39 47 53 58 59 65 88 100 104 108 113 119 134 141 147 152 154 156 162 182 218 231 239 250 257 259 260 263 265 335 336 339 345 346 348 353 377 0
-395 -383 -381 -380 -367 -366 -343 -340 -322 -318 -311 -306 -297 -292 -281 -279 -268 -252 -244 -239 -234 -231 -227 -225 -224 -214 -209 -194 -181 -139 -133 -110 -103 -84 -79 -77 -74 -50 -49 -48 -40 -33 -18 -15 -10 7 11 14 19 20 21 23 45 54 55 57 64 65 70 78 93 108 117 123 127 131 137 141 145 153 175 179 188 189 198 201 205 217 241 243 257 259 260 264 275 280 286 302 307 315 335 337 341 347 365 371 388 398 0
-390 -292 -270 -119 -68 -8 70 90 139 192 212 247 260 265 273 398 0
-399 -340 -305 -258 -251 -232 -193 -182 -112 -61 -9 7 36 66 153 173 181 198 230 234 262 285 346 393 0
-362 -342 -329 -314 -291 -264 -241 -213 -204 -167 -155 -102 -96 -92 -91 -78 -31 29 39 61 113 131 145 161 164 206 225 233 262 312 316 336 349 353 356 0
-338 -316 -271 -248 -242 -226 -207 -143 -119 -100 -55 22 77 132 168 204 255 277 297 364 392 0
-359 -352 -345 -340 -337 -316 -280 -271 -269 -255 -251 -240 -212 -209 -207 -205 -204 -187 -169 -131 -127 -121 -79 -73 -71 -62 -57 -47 -45 -25 -23 -1 11 14 34 53 58 61 66 97 98 120 122 123 137 145 194 198 213 217 233 241 263 265 270 272 312 313 314 321 323 326 327 351 384 387 0
-344 -330 -326 -324 -320 -317 -310 -307 -301 -295 -282 -277 -199 -196 -177 -164 -158 -154 -135 -129 -125 -118 -115 -111 -76 -65 -50 -25 19 38 41 54 57 58 61 85 93 99 110 126 128 132 134 185 201 244 259 266 292 303 305 353 354 363 367 380 388 391 0
-393 -382 -376 -349 -335 -320 -315 -310 -305 -283 -279 -268 -266 -258 -244 -243 -239 -235 -199 -193 -184 -171 -139 -130 -127 -104 -89 -82 -65 -55 -48 -47 -42 -1 11 19 28 41 45 53 56 58 70 73 96 125 131 159 160 176 177 188 194 201 215 218 229 230 232 254 257 262 264 275 287 294 298 362 377 381 387 398 0
-324 -290 -184 -169 -151 -103 -92 -51 -16 -2 32 289 0
-398 -390 -374 -370 -350 -346 -343 -334 -321 -307 -243 -240 -231 -220 -208 -189 -188 -178 -161 -152 -142 -141 -121 -101 -100 -99 -98 -89 -81 -76 -74 -73 -56 -51 -42 -33 -12 6 23 24 25 37 39 40 41 48 55 64 65 145 155 174 180 184 187 196 197 200 204 209 237 245 249 259 260 268 272 274 279 286 288 290 309 345 359 361 362 367 394 0
-384 -379 -351 -347 -315 -309 -278 -267 -265 -250 -249 -247 -218 -192 -188 -147 -138 -50 -45 -38 -36 -27 -23 -14 -9 22 55 76 78 82 117 132 144 160 161 165 174 226 251 305 317 338 393 0
-374 -364 -360 -353 -329 -328 -283 -265 -217 -205 -200 -141 -139 -70 -44 -15 109 112 156 162 202 212 240 282 308 312 313 322 340 347 0
-387 -339 -313 -295 -282 -271 -244 -235 -207 -153 -130 -106 -91 -88 -83 -81 -70 18 22 53 57 65 96 119 121 190 201 286 291 306 308 341 380 385 0
-382 -350 -307 13 38 49 56 203 220 300 366 0
-370 -66 -61 -55 99 214 226 300 0
-400 -394 -376 -369 -365 -358 -353 -341 -340 -332 -311 -282 -274 -265 -228 -216 -203 -192 -175 -159 -139 -126 -98 -49 -48 -46 -31 -30 -28 -2 1 3 8 9 16 35 64 69 73 76 78 85 105 107 113 118 136 151 156 158 201 207 211 220 223 224 232 250 261 286 310 321 322 331 334 336 366 381 383 388 391 0
-289 -104 -72 -47 325 0
-392 -380 -360 -350 -326 -323 -320 -309 -304 -297 -270 -246 -243 -236 -218 -214 -195 -187 -180 -173 -165 -157 -156 -155 -150 -131 -117 -103 -88 -80 -29 -8 1 2 5 25 26 32 38 39 54 57 72 75 101 102 118 129 136 137 140 151 158 160 181 194 198 203 204 222 233 235 240 242 252 253 256 265 266 287 288 294 296 300 302 315 337 366 373 375 0
-388 -386 -356 -331 -316 -301 -289 -286 -275 -265 -242 -219 -207 -189 -183 -181 -146 -142 -138 -137 -132 -123 -121 -117 -115 -96 -89 -46 -32 -25 -23 4 5 7 10 19 22 31 33 39 45 59 60 65 78 101 112 113 118 128 144 167 220 223 246 250 252 264 270 271 272 290 291 309 312 321 322 350 355 383 394 0
-245 -198 -192 -17 6 18 65 231 348 0
-400 -380 -378 -370 -355 -353 -351 -326 -323 -322 -319 -311 -300 -298 -287 -272 -270 -262 -253 -197 -184 -175 -151 -143 -138 -130 -110 -78 -74 -52 -47 -32 -25 -17 -15 -2 -1 69 77 85 89 106 123 124 162 164 170 174 179 191 195 204 223 227 230 237 248 249 258 259 277 279 283 289 293 306 313 335 340 349 364 372 376 0
-382 -329 -320 -297 -242 -184 -180 -100 -83 -51 -42 -39 -7 37 58 98 194 207 236 245 265 278 285 288 316 350 0
-364 -361 -348 -340 -339 -327 -324 -321 -320 -310 -307 -305 -296 -287 -282 -274 -266 -263 -243 -229 -193 -178 -170 -143 -121 -108 -103 -97 -90 -84 -68 -65 -57 -55 -43 -12 11 14 17 24 41 78 81 105 146 169 215 242 262 269 360 374 375 383 0
-364 -345 -304 -301 -276 -248 -237 -204 -200 -196 -193 -167 -166 -158 -148 -142 -136 -126 -82 -59 -53 -47 -43 -7 12 20 21 52 58 91 105 111 124 143 225 239 286 288 303 305 308 328 336 341 373 0
-388 -378 -376 -329 -311 -310 -296 -272 -252 -249 -238 -234 -222 -212 -202 -177 -167 -160 -128 -94 -85 -77 -66 -25 -2 12 24 26 79 93 107 137 180 184 188 208 236 245 256 265 271 287 314 352 358 365 367 384 0
-397 -387 -374 -363 -355 -351 -349 -347 -341 -337 -331 -330 -328 -320 -316 -307 -304 -286 -275 -273 -263 -256 -235 -234 -217 -191 -182 -181 -169 -162 -160 -152 -149 -146 -141 -131 -123 -105 -98 -96 -94 -84 -81 -73 -67 -56 -52 -42 -39 -31 -24 -19 -8 3 9 15 21 27 28 40 47 55 70 75 89 97 103 155 183 192 203 207 219 222 238 243 249 258 279 300 302 305 309 312 318 340 350 365 373 382 0
-396 -392 -378 -342 -260 -256 -213 -206 -203 -186 -182 -181 -176 -166 -132 -86 -83 -70 -61 -59 -56 5 42 63 90 94 101 112 148 189 204 235 270 279 285 316 327 328 329 336 356 373 0
-383 -375 -367 -363 -350 -329 -303 -293 -277 -273 -268 -255 -254 -250 -246 -231 -208 -205 -192 -183 -157 -150 -148 -143 -121 -101 -73 -72 -60 -54 -46 -20 -14 9 40 44 61 85 91 108 134 137 147 153 162 169 171 174 189 200 211 216 221 222 229 235 263 269 286 292 309 323 392 0
-352 -293 -209 -165 -73 -48 160 260 308 0
-389 -377 -356 -351 -294 -271 -234 -220 -215 -175 -163 -137 -133 -127 -116 -109 -104 -84 -80 -70 -58 -41 -25 9 19 26 29 34 53 90 91 95 107 112 132 139 156 165 186 189 213 258 268 285 288 297 305 319 346 347 364 376 386 398 0
-400 -398 -388 -380 -373 -370 -369 -368 -360 -332 -327 -324 -310 -288 -282 -279 -265 -264 -259 -257 -246 -244 -240 -236 -224 -223 -216 -207 -183 -179 -177 -172 -166 -164 -163 -161 -148 -143 -142 -128 -122 -121 -108 -106 -94 -90 -87 -78 -72 -66 -62 -47 -40 -34 -25 -12 -11 -7 5 42 51 53 74 76 82 84 93 104 110 120 129 159 175 182 184 194 196 206 209 247 286 289 293 297 308 315 323 326 331 334 338 339 359 387 0
-385 -381 -340 -283 -281 -276 -263 -232 -206 -186 -160 -153 -152 -87 4 43 49 59 100 109 156 202 228 234 267 298 301 306 346 384 398 0
-368 -361 -324 -307 -289 -269 -89 -57 -43 -35 -28 13 52 63 64 100 111 141 142 145 189 203 222 241 254 284 304 313 325 331 340 346 349 360 370 395 0
-394 -391 -390 -377 -371 -367 -336 -324 -297 -285 -281 -269 -260 -254 -237 -223 -221 -219 -211 -206 -202 -199 -182 -172 -165 -160 -157 -144 -143 -134 -119 -118 -79 -74 -67 -57 -50 -35 -30 -25 -21 -14 -8 1 5 12 13 16 29 63 70 80 85 95 99 101 106 107 110 124 125 128 136 146 153 164 174 183 213 217 231 234 235 239 243 252 256 261 263 264 277 278 279 292 299 321 327 330 335 342 346 347 352 361 370 375 381 387 399 0
-383 -379 -374 -351 -350 -341 -294 -267 -202 -156 -152 -128 -115 4 60 64 71 139 150 167 175 192 198 203 253 307 317 319 360 372 393 0
-398 -388 -385 -360 -349 -339 -330 -325 -285 -223 -221 -205 -176 -169 -167 -140 -122 -83 -78 -62 -23 -10 -4 7 68 74 79 95 98 127 128 156 165 181 192 201 216 219 235 268 279 286 288 331 337 343 353 373 0
-375 -372 -368 -361 -356 -354 -349 -334 -330 -318 -315 -303 -295 -294 -276 -245 -242 -237 -235 -233 -230 -227 -225 -217 -208 -204 -199 -195 -187 -183 -171 -168 -160 -145 -131 -122 -118 -116 -99 -93 -89 -88 -67 -62 -46 -28 -15 3 5 13 20 26 30 58 64 71 76 85 94 98 106 132 138 158 165 174 176 179 203 206 212 228 253 254 266 268 270 287 290 298 301 305 310 331 337 348 351 358 367 398 0
-375 -337 -182 -15 227 0
-400 -386 -372 -365 -361 -355 -342 -341 -337 -323 -315 -308 -292 -269 -267 -264 -252 -240 -238 -209 -208 -207 -190 -188 -184 -176 -171 -154 -147 -141 -138 -136 -134 -131 -127 -122 -90 -73 -70 -62 -59 -54 -41 -34 -24 -21 -16 -15 17 25 30 32 36 45 53 84 96 101 117 119 126 128 130 156 157 158 159 160 169 187 200 213 214 215 216 226 229 248 249 253 259 263 277 281 283 284 287 298 318 321 324 329 348 351 368 369 381 396 397 0
-224 -216 -153 -145 -130 -91 -65 -56 -16 59 340 343 351 0
-396 -383 -371 -363 -358 -352 -346 -335 -318 -314 -307 -306 -304 -300 -298 -293 -287 -281 -277 -273 -265 -257 -256 -255 -251 -250 -244 -226 -223 -202 -174 -173 -171 -170 -164 -163 -151 -137 -117 -113 -106 -101 -90 -71 -63 -58 -52 -43 -28 -27 -23 -19 -6 9 10 39 41 49 57 67 98 105 108 112 119 121 159 179 186 187 197 206 208 209 222 225 231 234 242 260 294 313 316 322 332 334 345 348 362 382 386 389 390 392 0
-397 -390 -386 -385 -360 -349 -340 -324 -323 -301 -298 -293 -292 -287 -286 -280 -245 -218 -213 -209 -199 -197 -185 -175 -150 -139 -128 -106 -74 -73 -61 -53 -49 -44 -36 -29 -26 -9 -8 -4 10 12 13 20 22 40 57 60 63 69 76 78 89 94 97 126 129 136 138 145 152 191 219 233 236 242 246 273 303 342 353 367 380 388 0
-383 -363 -355 -333 -322 -314 -312 -311 -252 -216 -206 -174 -164 -161 -151 -129 -98 -59 -44 -26 -21 13 22 38 51 68 73 79 102 109 121 173 185 186 202 207 212 215 246 256 302 307 316 328 339 350 354 366 379 396 0
-398 -351 -344 -325 -316 -301 -289 -283 -258 -254 -247 -241 -207 -203 -198 -197 -195 -157 -152 -108 -104 -103 -97 -56 -52 -49 -47 -40 -29 39 48 53 98 110 117 122 149 179 181 184 199 222 276 277 286 287 296 338 349 360 393 0
-398 -378 -349 -347 -339 -334 -294 -280 -262 -257 -232 -213 -199 -196 -191 -180 -179 -177 -174 -150 -125 -87 -83 -70 -56 5 50 55 76 77 96 97 138 148 151 159 166 178 194 200 201 222 239 267 278 288 307 319 352 354 355 356 374 379 381 383 385 400 0
-400 -375 -373 -363 -343 -330 -319 -307 -294 -288 -282 -278 -276 -265 -264 -262 -261 -258 -224 -223 -219 -212 -181 -165 -159 -133 -106 -102 -98 -89 -77 -58 -42 -41 -25 -15 -11 8 22 33 36 67 68 115 116 124 127 136 141 167 185 259 283 297 305 335 339 341 344 355 359 372 383 0
-393 -382 -377 -337 -326 -321 -295 -289 -271 -250 -248 -246 -245 -226 -224 -198 -176 -164 -163 -85 -83 -46 -37 -1 8 40 50 75 93 96 112 115 117 123 168 175 194 195 208 244 284 300 307 309 320 338 347 348 381 392 0
-390 -387 -380 -378 -365 -361 -343 -341 -330 -326 -324 -320 -317 -309 -306 -304 -290 -265 -252 -246 -239 -233 -232 -222 -217 -202 -200 -198 -185 -175 -173 -165 -163 -136 -116 -114 -94 -67 -66 -58 -50 -47 -44 -23 -13 -6 -5 -4 16 19 36 38 46 49 52 75 100 101 103 110 118 125 129 132 138 157 158 164 180 188 195 224 243 245 248 259 276 291 297 302 305 311 313 314 316 323 332 335 342 346 359 372 374 383 384 385 388 392 397 0
-400 -398 -375 -372 -359 -357 -333 -328 -314 -302 -298 -293 -292 -287 -285 -281 -280 -270 -269 -246 -245 -239 -224 -216 -211 -207 -202 -200 -178 -173 -155 -136 -134 -123 -120 -111 -93 -92 -63 -44 -12 1 8 19 40 42 55 65 74 82 84 115 135 138 184 194 196 197 213 226 231 249 282 290 317 318 326 340 0
-395 -366 -313 -301 -296 -275 -258 -198 -170 -98 -95 -88 1 3 29 31 53 73 74 109 115 157 159 163 174 185 226 244 246 247 251 260 280 324 340 345 372 399 0
-397 -361 -350 -326 -316 -297 -284 -282 -280 -246 -235 -231 -226 -219 -184 -174 -159 -151 -136 -135 -131 -124 -73 -50 -33 -12 -2 51 77 78 88 125 139 189 194 202 209 218 247 319 345 367 0
-349 -333 -330 -307 -304 -288 -272 -258 -231 -199 -144 -76 -21 -4 5 31 53 80 82 111 125 127 167 271 291 388 395 0
-390 -369 -271 -223 -216 -205 -194 -129 -72 -37 -8 70 139 176 190 232 233 266 316 397 0
-384 -377 -352 -348 -322 -320 -302 -296 -294 -281 -274 -269 -266 -229 -220 -209 -155 -153 -102 -75 -4 2 15 25 27 60 78 84 107 115 121 133 203 216 236 239 250 262 273 275 283 290 313 354 370 388 0
-397 -389 -373 -370 -364 -359 -346 -338 -309 -300 -291 -281 -252 -246 -241 -236 -234 -228 -205 -190 -182 -178 -176 -166 -150 -146 -144 -141 -140 -135 -131 -122 -103 -96 -91 -69 -59 -57 -29 -18 -16 -10 -9 2 17 28 36 38 62 63 65 70 81 110 111 121 125 127 128 136 149 152 163 170 173 184 187 223 237 253 254 256 260 282 284 296 307 310 323 330 331 332 340 347 349 365 367 381 394 0
-397 -380 -369 -349 -343 -336 -335 -334 -331 -329 -325 -307 -297 -293 -286 -282 -276 -275 -273 -257 -251 -250 -188 -167 -158 -124 -123 -120 -115 -111 -108 -98 -95 -93 -84 -82 -74 -58 -57 -54 -40 -8 13 16 36 91 117 127 133 137 139 140 144 147 156 164 169 170 172 174 183 184 206 207 231 233 236 238 239 244 248 262 268 271 277 281 283 299 305 309 317 333 338 339 357 371 385 388 0
-384 -374 -369 -354 -350 -332 -308 -303 -278 -270 -258 -254 -251 -231 -225 -222 -206 -180 -171 -160 -119 -114 -109 -95 -71 -61 -50 -42 -38 -15 -8 35 36 43 62 73 78 83 84 86 90 103 124 125 134 137 144 148 153 159 163 165 181 207 212 214 218 237 238 249 291 336 338 392 0
-388 -380 -379 -376 -374 -356 -355 -343 -341 -338 -337 -333 -322 -302 -269 -266 -258 -256 -242 -241 -230 -228 -210 -206 -201 -195 -167 -165 -162 -146 -139 -132 -122 -121 -120 -118 -116 -99 -93 -81 -80 -70 -59 -55 -52 -40 -32 -26 -23 -22 -14 3 35 36 39 41 53 54 57 68 71 83 90 97 102 105 106 107 137 145 148 149 159 180 186 202 238 265 277 279 310 348 359 372 373 377 383 384 385 0
-397 -12 -9 148 299 331 0
-387 -370 -362 -332 -315 -308 -306 -288 -285 -249 -234 -232 -231 -227 -222 -214 -207 -196 -190 -185 -167 -166 -138 -124 -117 -108 -99 -73 -66 -62 -48 -46 -40 -16 -11 -9 -2 20 26 32 55 59 93 104 111 119 130 136 145 147 197 203 206 219 240 250 252 278 291 300 318 319 321 324 330 341 347 350 377 394 0
-384 -381 -380 -365 -345 -340 -338 -324 -321 -320 -318 -304 -303 -300 -286 -269 -266 -258 -237 -219 -211 -195 -187 -172 -167 -147 -144 -139 -135 -132 -96 -88 -80 -76 -71 -48 -43 -40 -34 -31 -26 -17 -15 -8 -4 2 5 10 24 27 28 36 47 74 83 102 103 105 115 119 125 133 140 143 150 164 170 179 185 191 238 239 240 244 253 270 282 289 305 317 350 373 375 376 377 390 397 0
30 182 0
-393 -355 -347 -302 -260 -256 -252 -248 -194 -184 -147 -109 -76 -64 -31 -22 -20 -17 -16 -8 75 120 133 139 143 150 158 161 172 186 199 203 209 232 233 266 283 315 317 333 336 348 357 359 366 367 385 389 0
-393 -388 -379 -376 -358 -356 -352 -347 -346 -338 -324 -318 -305 -303 -300 -299 -283 -276 -261 -258 -254 -253 -245 -233 -228 -223 -222 -219 -211 -206 -202 -194 -191 -176 -175 -170 -167 -147 -138 -126 -120 -106 -93 -83 -69 -63 -53 -52 -48 -25 -19 -14 -9 -3 4 10 13 23 37 49 64 68 76 96 98 99 103 114 119 122 141 157 179 181 205 207 231 235 243 246 263 272 273 285 320 327 332 334 336 342 363 378 392 399 0
-392 -388 -384 -380 -373 -372 -363 -343 -335 -333 -332 -311 -279 -273 -271 -266 -251 -249 -246 -212 -210 -208 -195 -189 -187 -177 -157 -124 -117 -115 -89 -79 -78 -68 -59 -46 -45 -23 -22 29 32 35 36 53 60 100 105 111 113 114 120 129 170 182 190 205 209 211 224 226 233 235 238 259 261 272 278 280 290 304 310 318 320 326 339 347 350 361 364 377 0
-390 -386 -383 -381 -349 -338 -335 -332 -310 -296 -286 -267 -266 -259 -247 -232 -224 -223 -220 -216 -211 -199 -190 -176 -171 -152 -148 -147 -146 -136 -134 -131 -127 -120 -100 -76 -73 -72 -69 -24 -22 -17 1 6 15 28 29 62 68 79 82 83 84 117 133 141 151 156 177 178 182 243 245 246 276 282 292 293 318 320 350 352 355 360 373 374 379 395 396 0
-390 -387 -386 -385 -383 -366 -363 -354 -353 -345 -330 -329 -327 -324 -317 -294 -291 -290 -289 -272 -259 -254 -246 -208 -203 -195 -174 -171 -165 -144 -133 -110 -91 -90 -71 -57 -36 -30 -5 6 14 16 27 31 35 49 54 64 69 82 84 89 94 97 108 127 132 135 142 146 160 163 166 224 240 253 280 293 296 302 308 337 338 351 355 389 398 399 0
-376 -331 -225 -159 -82 -61 -35 -11 41 47 52 112 180 191 243 269 312 317 334 363 395 0
-380 -362 -361 -348 -346 -345 -335 -327 -326 -320 -303 -291 -286 -282 -261 -250 -249 -242 -239 -224 -219 -213 -204 -156 -142 -127 -78 -71 -65 -64 -57 -52 -40 -39 -33 -12 4 8 23 53 91 92 96 104 166 171 229 235 236 257 275 276 287 288 295 297 301 331 340 369 370 372 377 378 394 0
-356 -351 -350 -345 -339 -313 -308 -300 -268 -265 -249 -242 -229 -210 -209 -186 -185 -178 -172 -155 -144 -135 -113 -106 -83 -81 -75 -72 -67 -62 -49 -42 -41 -33 -30 -20 -18 5 6 19 21 37 40 68 84 91 94 97 128 149 164 167 184 197 199 226 244 262 278 283 296 343 398 0
-399 -380 -376 -359 -357 -353 -346 -337 -328 -308 -300 -294 -271 -270 -249 -246 -241 -214 -200 -198 -186 -134 -131 -105 -104 -102 -95 -88 -85 -75 -74 -57 -54 -52 -32 -30 -23 -15 -12 -10 -1 7 20 34 37 62 70 87 98 127 137 141 182 193 196 206 219 223 225 233 234 235 247 272 283 284 289 290 302 324 333 334 351 362 363 370 381 391 0
-346 -306 -253 -249 -189 -179 -154 -89 -76 -74 -44 20 33 153 166 227 243 369 375 0
-271 -154 -82 -38 12 17 49 170 179 188 194 341 342 357 400 0
-347 -323 -321 -319 -295 -294 -286 -256 -201 -156 -145 -107 -97 -94 -40 -24 4 6 91 174 191 193 210 237 290 292 304 315 352 354 371 0
-381 -365 -362 -325 -301 -264 -239 -230 -209 -190 -102 -40 -13 20 30 70 188 218 287 294 299 303 328 351 396 0
-380 -354 -353 -341 -282 -274 -262 -177 -165 -143 -44 -29 24 63 118 148 162 166 185 242 243 247 324 0
-350 -83 -30 62 87 0
-323 -212 -138 -66 -9 27 182 263 269 0
-374 -346 -340 -334 -332 -323 -318 -249 -243 -226 -194 -155 -127 -121 -9 47 95 98 111 120 148 254 272 281 310 327 350 375 0
-391 -389 -388 -387 -378 -363 -362 -360 -343 -340 -332 -326 -307 -303 -302 -284 -282 -273 -266 -264 -236 -222 -177 -162 -142 -139 -122 -95 -74 -70 -53 -47 -19 -16 26 31 37 54 78 89 92 93 100 120 121 125 145 148 156 181 186 193 194 209 213 214 231 233 234 240 242 258 269 270 272 288 293 309 315 342 346 351 355 372 379 395 400 0
-367 -222 -202 -196 -187 -170 -139 -125 -120 -74 -67 -66 -53 -3 15 31 33 36 91 104 126 133 144 169 190 195 215 305 312 323 368 0
-398 -395 -387 -386 -361 -330 -329 -306 -304 -301 -299 -297 -292 -276 -265 -263 -257 -252 -243 -242 -239 -235 -229 -223 -218 -203 -197 -169 -156 -151 -150 -138 -135 -134 -131 -126 -118 -112 -111 -105 -84 -81 -74 -46 -42 -39 -24 -3 26 29 45 47 49 51 68 77 89 94 107 121 122 133 137 146 153 158 173 198 199 221 241 246 266 286 305 312 315 322 323 327 341 354 362 364 373 393 0
-389 -335 -207 -179 -138 -3 133 230 249 268 283 311 317 329 367 390 0
-397 -360 -357 -356 -332 -321 -305 -294 -279 -274 -259 -251 -246 -243 -241 -224 -218 -208 -205 -168 -167 -158 -141 -89 -83 -79 -62 -45 -41 -27 -26 6 9 10 16 22 48 49 87 92 105 110 148 156 172 202 225 248 260 265 270 278 366 387 0
-400 -393 -385 -381 -361 -356 -345 -341 -340 -327 -324 -323 -304 -289 -283 -278 -274 -257 -252 -235 -212 -184 -158 -123 -113 -110 -83 -69 -66 -45 -39 -34 -30 -7 6 13 31 33 41 60 68 78 81 102 105 133 152 162 168 172 186 195 198 205 222 230 245 248 251 254 260 262 268 285 305 321 332 333 352 358 367 374 0
-396 -367 -361 -359 -340 -296 -268 -256 -224 -140 -118 -102 -94 -69 -29 -21 -20 37 75 79 137 138 143 144 173 182 188 196 209 212 215 218 238 280 281 303 325 350 0
-368 -364 -361 -351 -326 -324 -287 -256 -253 -241 -223 -185 -169 -133 -108 -105 -77 -63 -60 -31 -16 -5 1 11 22 23 43 70 81 86 118 119 120 144 150 155 158 174 177 213 267 273 290 294 299 302 314 315 320 343 352 386 395 0
-400 -395 -392 -379 -371 -369 -361 -339 -327 -325 -308 -306 -290 -288 -287 -281 -272 -263 -234 -207 -201 -192 -188 -175 -172 -168 -151 -134 -133 -126 -100 -95 -81 -67 -7 -6 4 20 28 33 38 42 53 54 68 77 80 82 87 112 119 122 123 130 169 186 189 210 220 221 222 223 239 244 245 264 265 267 269 270 277 293 300 307 311 329 350 365 366 367 384 396 398 399 0
-396 -395 -389 -344 -336 -334 -310 -304 -288 -278 -272 -261 -246 -243 -241 -228 -219 -187 -133 -112 -110 -84 -82 -79 -62 -53 -27 -3 10 11 20 36 46 52 56 77 83 92 109 118 160 162 182 201 233 250 255 262 271 275 297 338 340 348 373 374 0
-336 -237 -201 -144 69 129 187 241 257 0
-392 -382 -368 -350 -328 -326 -325 -307 -287 -280 -277 -269 -254 -251 -248 -244 -235 -230 -227 -226 -194 -189 -170 -160 -154 -142 -141 -120 -116 -110 -93 -75 -60 -55 -48 -27 -23 -15 -10 -8 6 22 29 39 59 66 73 74 78 81 103 125 131 133 138 145 191 199 206 214 216 219 220 223 243 250 262 284 288 294 309 311 313 316 324 335 336 339 340 352 365 376 379 381 398 400 0
-379 -377 -373 -371 -340 -338 -335 -318 -310 -290 -289 -282 -254 -252 -239 -238 -218 -211 -194 -176 -174 -149 -122 -95 -89 -87 -84 -81 -79 -65 -54 -44 -27 -24 -12 11 13 68 91 93 106 112 113 120 124 127 137 150 151 152 153 158 164 178 197 198 230 236 247 248 249 250 257 298 302 325 356 393 399 0
-386 -368 -362 -304 -290 -289 -281 -275 -264 -249 -242 -234 -201 -189 -188 -177 -175 -169 -158 -147 -138 -130 -122 -107 -103 -38 -11 3 8 20 39 50 66 83 95 104 115 120 124 148 178 219 239 247 280 282 294 297 298 310 330 337 340 350 367 382 0
-356 -354 -343 -317 -314 -313 -296 -281 -262 -252 -231 -228 -190 -174 -172 -169 -157 -156 -138 -118 -107 -104 -78 -43 -26 -4 6 22 41 48 75 76 109 112 124 129 131 142 144 146 147 150 167 171 176 177 178 189 237 239 248 257 270 274 276 321 325 329 330 339 350 364 377 390 0
-393 -390 -378 -369 -363 -335 -323 -313 -276 -270 -269 -235 -208 -190 -167 -146 -145 -141 -110 -108 -81 -25 -9 22 31 34 56 57 61 77 84 88 111 123 125 143 148 159 202 216 230 237 246 264 267 277 284 307 316 348 355 358 364 380 399 0
-390 -381 -370 -362 -351 -331 -329 -321 -316 -313 -304 -303 -301 -300 -295 -288 -281 -276 -269 -252 -236 -233 -230 -221 -217 -213 -208 -204 -198 -187 -162 -153 -143 -141 -139 -129 -95 -78 -62 -22 21 29 51 67 71 120 123 130 132 146 169 179 183 206 210 216 264 266 296 317 324 342 344 349 374 0
-399 -385 -361 -358 -350 -349 -319 -317 -316 -304 -300 -295 -286 -270 -269 -259 -256 -254 -242 -241 -239 -235 -231 -211 -199 -198 -195 -187 -173 -170 -167 -166 -135 -113 -98 -91 -82 -63 -41 -35 -23 3 4 9 22 33 38 51 61 73 76 78 80 90 103 116 117 119 133 137 140 174 181 196 221 233 249 261 263 266 272 276 284 287 289 301 323 329 339 343 351 352 381 383 0
-391 -382 -362 -312 -289 -249 -236 -221 -206 -190 -177 -106 -88 -72 -66 -63 -61 -52 -35 -27 -5 -3 91 104 120 126 141 182 219 226 227 231 271 287 326 369 381 383 384 0
-392 -381 -379 -373 -366 -351 -349 -344 -343 -326 -315 -286 -283 -261 -260 -259 -254 -242 -236 -227 -223 -215 -212 -210 -204 -184 -183 -177 -176 -159 -146 -117 -112 -107 -106 -99 -83 -63 -56 -45 -27 -24 -11 -4 1 8 17 28 33 44 70 72 88 93 94 95 97 101 102 103 113 114 115 134 140 167 205 211 232 234 235 243 251 257 271 285 298 307 322 324 335 336 339 342 348 352 356 360 364 389 0
-398 -392 -390 -384 -378 -373 -372 -371 -363 -359 -355 -352 -351 -349 -346 -341 -337 -323 -317 -314 -312 -305 -293 -292 -284 -283 -267 -266 -260 -238 -220 -204 -189 -183 -181 -178 -176 -166 -159 -148 -147 -145 -142 -139 -132 -131 -130 -129 -124 -99 -80 -75 -67 -65 -63 -61 -51 -25 -15 -14 -8 -7 4 23 55 89 106 108 109 111 137 161 186 197 198 211 217 225 240 242 256 263 270 279 286 294 295 313 319 327 342 357 382 0
-397 -393 -392 -389 -383 -375 -371 -368 -360 -348 -321 -320 -315 -311 -306 -303 -290 -260 -248 -245 -239 -230 -216 -213 -204 -191 -179 -169 -136 -133 -128 -118 -86 -69 -67 -61 -45 -38 -29 -28 -23 -19 -8 2 25 32 36 70 76 105 116 119 132 142 144 149 150 151 156 157 164 175 201 202 210 212 236 237 261 262 267 270 282 286 297 304 308 324 331 332 340 343 349 356 388 391 400 0
-396 -389 -383 -376 -360 -298 -263 -228 -222 -203 -189 -180 -162 -148 -145 -120 -106 -80 -55 -12 -9 4 5 6 11 18 28 31 69 87 89 108 125 128 138 153 178 186 213 216 218 227 233 241 245 252 282 315 325 330 357 368 0
-209 -188 -164 -128 -117 91 152 245 250 266 288 372 394 0
-267 278 0
-393 -385 -371 -367 -357 -336 -319 -299 -289 -286 -279 -277 -272 -257 -255 -253 -214 -165 -142 -105 -80 -64 -41 -36 -31 -20 -6 -2 -1 3 4 13 38 73 92 116 147 170 190 193 194 195 196 201 207 241 263 294 326 335 361 377 391 398 0
-348 -232 -174 -32 -10 7 98 115 222 240 393 0
-381 -356 -355 -353 -340 -332 -325 -310 -297 -281 -274 -246 -213 -211 -190 -185 -184 -158 -152 -126 -85 -77 -75 -62 -49 -47 -44 -39 -31 -22 -18 -10 -9 -8 45 71 76 81 95 135 137 167 173 174 280 285 288 324 330 334 351 359 370 372 378 382 389 392 394 395 398 399 0
-327 -326 -309 -281 -255 -253 -220 -214 -212 -128 -88 -82 -61 -30 -27 -1 7 56 57 73 97 122 154 169 174 178 239 261 325 399 0
-400 -371 -367 -345 -307 -304 -300 -284 -279 -221 -220 -218 -208 -184 -174 -145 -69 -30 -26 102 151 159 260 266 282 332 348 0
-370 -368 -366 -363 -351 -331 -320 -315 -250 -233 -231 -220 -214 -196 -192 -183 -164 -153 -143 -123 -120 -104 -94 -85 -73 -71 -68 -66 -58 -33 -28 -23 -18 -16 -10 -1 11 13 47 70 91 97 113 127 155 158 163 165 174 176 188 199 229 245 255 256 272 285 288 327 341 346 0
-377 -368 -367 -361 -333 -311 -302 -289 -287 -275 -267 -255 -251 -240 -177 -172 -165 -161 -122 -111 -96 -95 -81 -72 -57 -27 -22 -21 -2 16 29 48 49 51 59 84 91 102 147 169 174 182 192 199 234 239 243 250 269 277 295 304 310 314 323 329 335 349 390 398 399 0
-362 -35 220 365 0
-363 -258 -166 -149 -137 -65 60 125 153 400 0
-388 -387 -376 -367 -365 -346 -342 -323 -300 -298 -289 -259 -250 -239 -238 -235 -225 -213 -211 -204 -171 -167 -126 -116 -107 -101 -93 -85 -81 -79 -67 -56 -11 -1 4 6 17 54 84 124 141 144 153 160 189 202 218 223 254 257 260 265 266 267 280 282 293 303 318 322 332 338 340 343 344 352 371 378 381 393 396 398 0
-394 -373 -369 -361 -351 -342 -341 -329 -325 -315 -310 -299 -296 -288 -287 -262 -256 -249 -234 -221 -220 -218 -214 -213 -203 -196 -190 -181 -162 -156 -147 -144 -142 -135 -123 -122 -116 -113 -110 -85 -78 -69 -60 -55 -46 -32 -19 -12 -4 7 13 14 30 41 44 47 49 50 57 63 79 95 117 140 150 153 157 159 160 165 171 179 184 189 198 199 208 216 219 230 233 236 247 266 277 278 283 289 290 306 312 348 353 357 363 364 366 388 391 0
-397 -388 -387 -366 -365 -363 -362 -354 -345 -338 -329 -324 -320 -313 -306 -303 -297 -276 -247 -235 -217 -201 -191 -186 -180 -139 -136 -104 -89 -88 -86 -85 -81 -79 -76 -73 -72 -65 -62 -54 -38 -7 24 28 31 33 43 55 69 75 87 97 99 102 105 108 121 138 153 158 202 230 260 268 277 287 289 290 299 301 328 344 372 384 391 0
-373 -351 -342 -305 -302 -301 -299 -285 -284 -281 -230 -218 -209 -208 -197 -177 -111 -93 -63 -43 -40 -24 -11 3 12 37 53 55 57 61 80 85 88 94 99 100 102 105 125 126 131 151 159 161 164 165 186 187 201 205 223 224 225 226 227 246 250 293 296 307 316 328 335 346 354 355 372 378 379 388 0
-393 -376 -365 -360 -359 -326 -302 -301 -286 -280 -260 -224 -214 -210 -202 -200 -192 -189 -182 -171 -164 -156 -142 -137 -135 -123 -108 -101 -97 -93 -91 -51 -38 -34 -10 2 16 21 24 26 41 55 81 85 103 106 119 121 125 133 146 179 197 221 230 252 274 275 291 297 357 370 372 0
-372 -367 -362 -339 -237 -224 -193 -146 -135 -72 -55 22 75 105 142 151 165 199 261 0
-396 -383 -373 -368 -362 -357 -349 -326 -318 -315 -291 -275 -258 -240 -226 -215 -159 -154 -148 -113 -108 -99 -80 -33 -27 -24 -18 -13 -8 54 58 72 90 104 117 122 145 157 163 204 227 229 231 250 256 272 303 304 306 316 319 334 342 343 371 374 382 392 398 0
-397 -272 -256 -196 81 131 280 308 314 0
-390 -151 -125 324 0
-391 -205 -184 -70 -39 132 168 301 0
-389 -380 -377 -367 -361 -354 -348 -334 -320 -296 -292 -287 -279 -265 -198 -195 -162 -153 -143 -138 -134 -123 -81 -76 -71 -61 -36 -34 -11 3 4 6 9 15 16 31 65 69 74 78 92 116 128 132 140 146 163 170 194 202 211 224 228 234 235 240 248 294 298 312 315 347 355 359 363 368 384 0
-345 -340 -317 -276 -242 -207 -200 -132 -127 -112 -78 -6 17 23 29 34 42 69 120 162 169 177 178 239 281 322 331 385 0
-396 -378 -313 -305 -275 -265 -256 -252 -240 -210 -207 -185 -182 -173 -132 -120 -118 -111 -87 -76 -73 -68 16 22 39 107 146 151 162 174 176 178 203 220 274 299 349 367 379 0
-399 -392 -389 -381 -377 -372 -366 -355 -353 -342 -334 -321 -314 -312 -308 -280 -278 -270 -257 -254 -253 -235 -228 -220 -218 -217 -214 -212 -193 -158 -156 -138 -133 -120 -86 -85 -63 -41 -34 -27 -23 -15 2 12 17 32 33 54 62 67 70 87 91 96 103 140 166 168 181 189 194 207 208 209 233 240 256 279 292 293 295 297 301 304 311 313 338 347 363 378 0
-395 -394 -379 -376 -374 -372 -369 -357 -345 -331 -329 -325 -324 -321 -315 -313 -303 -302 -301 -289 -263 -257 -244 -238 -226 -224 -223 -214 -213 -199 -194 -185 -180 -178 -174 -159 -158 -156 -153 -151 -136 -119 -111 -109 -105 -96 -86 -84 -77 -75 -66 -65 -58 -51 -32 -28 -8 -1 11 13 16 21 22 26 31 43 53 54 73 79 83 90 110 137 147 150 169 181 183 220 229 247 249 275 300 309 311 318 326 336 342 350 356 368 373 378 381 384 392 0
-400 -382 -329 -314 -242 -179 -155 -108 -104 -90 -78 -13 116 213 239 264 266 272 0
-384 -297 -238 -219 -138 -107 76 210 325 0
-365 -361 -357 -354 -329 -328 -325 -322 -319 -313 -258 -256 -239 -233 -224 -189 -155 -141 -135 -134 -106 -90 -56 -48 -41 -35 -24 -2 28 39 40 98 116 151 156 161 165 214 215 231 236 237 240 243 260 266 267 268 283 285 288 300 306 318 323 326 335 342 343 348 353 372 377 390 398 0
-389 -375 -367 -285 -271 -257 -245 -206 -124 -71 -70 -23 -12 10 46 99 109 111 125 132 171 172 218 239 249 288 303 317 326 327 342 351 353 355 383 0
-390 -377 -372 -365 -351 -342 -253 -235 -217 -210 -203 -179 -168 -167 -166 -123 -120 -98 -86 -75 -63 -60 -55 -43 -38 -18 -12 2 22 49 50 61 77 79 80 81 96 134 159 188 229 241 247 248 252 262 300 302 303 304 343 346 362 375 385 387 394 0
-373 -338 -311 -188 -162 -68 -17 12 21 26 35 50 69 86 123 125 170 232 290 323 363 389 0
-348 -314 -290 -123 -73 -51 -6 87 141 146 208 250 281 292 302 0
-376 -334 -298 -267 -264 -254 -239 -236 -123 -84 -57 -23 -10 36 37 38 66 71 75 79 90 91 92 95 101 133 191 201 220 263 270 296 361 384 0
-398 -292 -269 -172 -108 -65 -34 -22 -14 -10 -8 51 107 148 159 180 195 210 211 279 298 300 307 384 399 0
-385 -361 -268 -259 -251 -249 -236 -197 -194 -169 -162 -146 -117 -116 -108 -107 -106 -103 -82 -66 19 34 77 86 100 141 156 157 183 185 218 227 317 320 331 333 344 354 392 0
-348 -337 -336 -297 -292 -284 -269 -262 -244 -222 -207 -188 -164 -162 -161 -110 -79 -63 -10 -6 31 83 156 160 182 191 198 221 255 261 301 313 314 344 345 0
-379 -378 -365 -356 -340 -332 -327 -318 -308 -305 -301 -294 -283 -269 -244 -241 -231 -228 -213 -210 -188 -186 -181 -175 -173 -171 -158 -156 -152 -150 -147 -142 -127 -119 -105 -102 -100 -97 -80 -64 -62 -59 -42 -39 -31 -22 -18 8 13 16 20 26 33 40 51 54 58 69 70 71 84 109 112 126 133 143 172 174 176 178 180 196 222 235 253 265 275 286 291 297 314 326 334 337 346 354 355 362 0
-396 -390 -330 -311 -268 -202 -180 -142 -113 -81 11 43 87 96 150 220 260 295 309 312 339 387 0
-398 -396 -382 -365 -361 -345 -344 -340 -337 -327 -326 -307 -289 -280 -279 -278 -273 -261 -259 -245 -240 -236 -230 -194 -179 -166 -161 -152 -124 -113 -98 -89 -86 -81 -77 -68 -60 -56 -46 -40 -39 -36 -28 -6 11 17 53 57 59 85 88 91 96 112 119 120 190 193 196 202 203 211 231 249 275 282 297 324 354 362 381 0
-399 -389 -378 -371 -363 -361 -356 -351 -348 -338 -336 -332 -329 -325 -322 -311 -307 -293 -285 -207 -195 -184 -168 -167 -151 -148 -114 -77 -76 -59 -55 -38 -26 -24 -16 -15 -14 -2 1 3 9 10 13 20 28 71 72 84 88 108 109 111 123 129 137 172 174 176 205 210 218 220 235 244 248 250 259 265 280 281 292 303 310 316 328 340 344 352 354 370 393 395 0
-398 -389 -382 -361 -349 -343 -335 -330 -320 -316 -298 -289 -281 -278 -277 -276 -273 -263 -257 -256 -245 -239 -231 -227 -223 -217 -208 -158 -154 -151 -146 -144 -137 -130 -124 -123 -122 -108 -107 -100 -94 -83 -44 -20 -19 -18 -16 -13 -2 3 5 10 22 26 27 29 31 37 39 41 54 55 61 82 85 101 113 125 149 192 198 206 228 242 252 254 259 265 267 293 294 300 304 311 326 333 344 350 351 356 365 373 377 379 380 383 386 400 0
-391 -388 -379 -359 -319 -306 -298 -223 -207 -190 -168 -142 -118 -115 -111 -108 -104 -83 -78 -69 -24 -13 14 38 72 76 81 101 130 154 166 189 195 214 220 245 266 269 283 301 309 330 349 384 0
-3 220 0
-375 -362 -351 -343 -342 -328 -317 -316 -289 -268 -266 -227 -214 -211 -208 -193 -186 -176 -161 -160 -135 -121 -104 -76 -36 -15 2 7 130 132 133 138 152 153 190 202 233 254 319 326 332 339 346 379 0
-391 -379 -364 -351 -348 -339 -323 -318 -316 -304 -247 -238 -233 -232 -225 -222 -204 -193 -179 -150 -137 -123 -119 -118 -103 -66 -53 -51 -43 -3 5 17 19 20 32 38 71 75 76 80 86 89 97 108 113 135 143 147 148 151 158 161 167 184 215 226 239 240 246 255 260 263 286 293 299 330 333 334 365 377 382 387 388 396 400 0
-379 -342 -330 -309 -266 -187 -177 -170 -167 -66 -7 11 18 62 100 114 251 270 275 279 313 351 366 398 0
-392 -376 -369 -368 -331 -315 -306 -291 -264 -236 -231 -201 -183 -173 -172 -162 -161 -94 -92 -89 -76 -63 -42 -39 -33 -20 -14 2 17 47 62 84 87 107 117 123 126 146 190 216 222 243 256 260 268 270 289 293 304 320 347 362 387 0
