CNF 100 400
-94 -91 -90 -55 -48 -46 -28 -17 2 6 10 11 18 21 30 37 44 47 65 78 81 89 0
-84 -23 70 0
-77 -38 23 28 47 66 86 89 0
-87 -68 -65 -64 -42 -28 -8 10 16 24 47 56 83 0
-96 -78 -60 -57 -52 1 14 21 71 72 98 0
-46 67 0
-90 -81 -70 -54 -36 -28 -19 -18 -8 5 56 66 80 0
-98 -65 -63 -36 -33 -18 3 11 13 30 57 71 0
-88 -80 -65 -56 -2 12 16 20 47 74 83 90 92 0
-71 -48 -34 -23 -7 -6 12 27 31 41 50 0
-78 -75 -64 -61 -38 -29 -25 -24 -20 12 21 47 62 91 0
-74 -25 -23 -13 -9 -2 3 10 12 22 35 48 86 0
-94 -89 -72 -61 -52 -50 -49 -48 -42 -36 11 15 25 27 41 54 58 66 75 80 86 93 97 0
-86 -83 -26 -12 18 19 45 78 0
-100 -55 -53 -28 -7 10 66 72 78 0
-73 -58 -54 -51 -3 12 24 29 32 38 56 70 0
-91 -85 -83 -78 -69 -47 -43 -25 -18 -17 -6 14 21 31 32 34 39 49 55 58 71 76 82 93 0
-99 -91 -44 -21 -18 -3 29 30 35 41 43 53 55 61 68 70 72 86 93 0
-77 76 0
-75 -71 -54 -31 -12 -8 1 14 22 65 67 86 0
-86 -85 -71 -64 -52 -47 -45 -41 -38 -37 -24 -21 -18 -14 -3 1 16 25 30 43 48 59 73 90 98 0
-91 -70 -60 -28 -17 -8 11 18 23 46 76 80 92 0
-8 0
-93 -80 -61 -52 -36 -31 -30 -22 -17 -2 1 5 34 41 46 49 53 66 78 95 0
-86 -34 -31 -27 -21 -10 14 29 85 0
-99 -87 -83 -82 -70 -63 -47 -45 -34 -33 -24 -21 -20 -13 -11 -9 -5 25 26 28 43 57 73 74 98 0
-97 -93 -76 -62 -55 -50 -42 -35 -28 -9 4 11 12 17 26 32 48 52 57 60 73 79 81 0
-93 -78 -72 -62 -37 -34 -24 -20 -17 15 21 22 25 27 35 38 46 52 58 0
-97 -90 -87 -81 -76 -64 -50 10 13 29 46 53 70 80 0
-87 -30 -7 64 88 0
-78 -55 -39 -12 33 62 0
-38 0
-85 -72 -29 -26 -16 1 20 34 71 90 0
-91 -87 -27 -13 2 5 8 24 37 64 73 75 77 99 0
-93 -80 -71 -54 -45 -44 -31 -22 -17 -5 -4 15 19 37 58 78 88 96 0
-92 -75 -71 -64 -52 -2 21 22 25 41 58 67 83 85 90 98 100 0
-81 -75 -70 -69 -67 -55 -53 -49 -16 -10 -6 15 24 44 48 61 72 90 92 0
-84 -82 -75 -62 -55 -47 -12 7 14 19 22 36 48 63 64 73 76 81 83 94 0
-99 -88 -67 -64 -62 -54 -51 -50 -8 17 18 36 45 70 72 0
-78 -58 -44 -42 -24 -14 -13 9 11 30 57 86 0
-98 -89 -58 -53 -50 -41 -34 -26 -24 -10 1 12 51 68 88 90 0
-59 -44 -42 7 10 19 26 29 34 36 41 51 52 68 69 70 78 0
-85 -74 -69 -61 -52 -19 -11 -5 3 10 23 29 32 41 43 55 76 80 86 0
-84 -31 -9 0
-87 -85 -63 -62 -31 -20 -12 -7 14 26 27 32 47 51 61 65 67 68 96 99 0
-91 -87 -84 -67 -63 -62 -57 -14 11 29 36 48 66 72 89 95 0
-64 -42 -29 -24 -11 -9 -4 -3 25 27 32 40 41 47 50 51 77 82 83 88 93 97 0
-88 -84 -79 -77 -70 -47 -29 -5 -2 14 15 30 48 49 59 63 71 72 75 85 86 87 89 96 0
-97 -94 -93 -83 -80 -40 -36 -30 -18 12 31 44 74 82 91 92 95 0
-77 -70 -69 -54 -50 -45 -34 -32 -9 23 26 35 43 44 91 93 96 98 0
-92 -84 -77 -76 -68 -67 -62 -51 -37 -32 -30 -29 -24 -8 -1 21 69 73 96 98 0
-99 -91 -83 -74 -71 -64 -60 -47 -14 1 7 13 51 68 81 82 0
-88 -79 -65 -53 -44 -31 -29 -25 -12 13 19 41 47 52 62 63 67 75 90 93 0
-96 -89 -88 -87 -70 -64 -61 -60 -53 -50 -39 -37 -25 -24 -15 -3 16 38 51 55 72 74 82 85 99 0
-85 -82 -81 -45 -36 -23 -12 -11 -2 1 9 15 53 56 0
-93 -90 -85 -70 -56 -49 -45 -44 -42 -36 -20 -18 -11 -10 -9 -2 3 7 23 35 53 57 64 94 0
-99 -1 28 42 46 51 60 0
-98 -93 -62 -54 -34 -29 -18 -15 -1 32 50 60 75 77 78 92 0
-95 -80 -73 -56 -51 -34 -22 -6 17 19 41 43 55 59 67 72 91 92 96 98 0
-91 -80 -71 -65 -37 -20 -11 -5 12 14 16 17 22 35 41 51 56 60 66 73 75 81 87 0
-97 -83 -79 -77 -67 -46 -37 -34 -29 -19 -16 -5 -3 -2 14 25 32 33 35 45 70 73 91 0
-83 -74 -5 36 65 92 0
-100 -92 -76 -72 -50 -49 -43 -38 -37 -25 14 29 30 48 65 69 98 0
-81 -71 -64 -57 -56 -35 -32 -23 -4 13 21 27 54 55 63 73 84 0
-100 -80 -68 -47 -44 -41 -30 -23 -21 -19 -15 -7 -3 22 43 51 62 75 82 87 0
-97 -78 -73 -70 -62 -42 -40 -35 -27 -14 -4 19 24 29 34 54 55 56 61 64 76 85 86 0
-100 -86 -72 -52 -44 -36 -30 40 0
-81 -50 5 0
-100 -81 -79 -77 -64 -46 -41 -39 -14 6 7 9 0
-61 -47 -46 -44 -40 -38 -30 -9 -7 1 12 84 0
-92 -91 -90 -87 -85 -77 -38 -28 -5 4 6 47 74 78 0
-62 -32 -28 -25 38 79 96 0
-99 -60 -54 -38 -27 -2 17 21 23 34 41 42 46 49 56 65 70 75 79 84 0
-92 -75 -67 -38 -29 -27 -18 9 19 56 72 87 93 96 0
-94 -82 -80 -72 -69 -51 -49 -47 -45 -30 -2 10 16 19 35 44 53 56 62 83 84 86 88 89 0
-97 -79 -59 -44 -20 -11 -1 5 22 23 25 47 67 78 84 85 90 91 0
-58 6 27 30 31 49 57 88 91 92 93 0
-51 -46 -32 14 37 92 0
-94 -50 -49 -39 -21 -18 -17 -15 -7 11 16 41 68 71 78 91 93 0
-99 -97 -51 -28 2 92 0
-93 -80 -79 -77 -76 -73 -67 -57 -44 -41 -14 6 10 17 46 56 59 68 94 0
-97 -78 -71 -61 -58 -48 -41 -31 -30 -27 -19 -14 -11 -7 -2 37 50 64 68 69 83 0
-87 -82 -72 -59 -51 -25 -16 -9 5 22 47 63 67 69 70 85 0
-97 -84 -64 -48 -47 -37 -27 -26 -21 -11 -8 -6 -4 16 32 45 51 60 69 70 89 95 99 0
-91 -80 -44 -43 -38 -35 -33 -32 -24 -5 -4 10 19 26 30 39 40 41 45 66 73 79 98 0
-79 -74 -51 -34 -19 -4 57 68 0
-95 -84 -73 -51 -47 -22 -19 -13 4 8 11 29 55 58 94 0
-17 68 83 0
-93 -75 -51 -47 -21 -14 34 35 41 50 57 67 78 0
-93 -30 -19 38 46 63 100 0
-83 -79 -59 -50 -14 3 7 0
-91 -87 -83 16 46 93 98 0
-91 -85 -82 -81 -75 -73 -25 -24 -23 -21 -16 -6 3 35 41 42 47 53 55 57 64 78 83 99 0
-81 -68 -58 -52 -39 -18 -14 -4 1 12 16 85 86 89 96 0
-96 -92 -88 -71 -68 -61 -60 -50 -35 -29 -23 -16 -8 -3 10 12 42 49 66 70 77 81 95 98 0
-87 -77 -67 -59 -45 -39 -37 -30 -10 2 7 41 42 43 47 48 64 89 90 96 0
-96 -85 35 68 76 83 0
-94 -46 -35 63 87 0
-82 -72 -54 -39 -32 -29 -15 20 27 36 49 55 0
-96 -76 -71 -64 -57 -45 -36 -29 -8 1 19 51 61 73 75 83 90 0
-73 -66 -60 -59 -53 -35 -29 -23 -16 5 13 55 65 78 81 83 85 89 96 0
-97 -71 -61 -52 -48 -43 -39 -35 -23 -16 -12 -7 3 6 24 30 45 76 87 88 89 0
-75 -63 -47 -46 -18 -14 6 11 21 22 45 67 73 78 93 0
-93 -65 -56 -53 -51 -24 -11 27 32 34 58 98 0
-68 25 34 38 52 0
-92 -89 -85 -41 52 87 93 0
-83 -59 -51 -5 8 11 34 44 46 70 0
-83 -72 -69 -64 -56 -48 -46 -31 -29 -24 -13 -11 -9 4 27 41 45 47 66 70 75 93 98 0
-75 -23 -3 95 0
44 0
-83 -78 27 52 0
-98 -97 -94 -93 -86 -79 -71 -70 -58 -55 -44 -26 -7 6 10 12 15 16 32 35 48 56 78 0
-70 -66 -62 -47 -43 -34 -32 -13 -9 5 36 65 94 0
-9 88 0
-34 -27 0
-94 -88 -87 -81 -75 -72 -39 -16 -9 -5 20 27 33 38 48 54 61 67 85 0
-93 -70 -42 -40 -7 -4 -2 1 17 26 30 50 51 71 76 82 0
-69 24 0
-90 -64 -55 -48 -39 -29 -9 6 11 13 16 22 23 27 35 46 53 54 57 60 80 84 97 0
-93 -90 -75 -56 -54 -45 -29 12 33 51 0
-56 -36 -20 76 0
-82 -76 -66 -64 -60 -34 -10 -2 14 32 52 58 69 85 0
47 0
-55 -8 0
-98 -90 -84 -66 -47 -32 2 3 20 44 45 55 64 70 71 80 83 91 92 95 0
-97 -93 -63 -49 -41 -36 -24 -20 -11 15 21 22 43 53 61 82 92 0
-87 -79 -56 -45 -44 -43 -16 -10 -9 -4 6 11 25 35 47 0
-92 -89 -71 -70 -49 -42 -37 -33 -32 -26 -24 -21 -11 -10 1 4 7 16 34 56 66 68 69 98 100 0
-39 -17 16 41 72 96 0
-42 -28 -20 -10 22 52 54 66 0
-97 -94 -82 -73 -61 -32 -6 2 11 16 18 19 20 25 30 33 37 47 67 84 87 88 0
-90 -80 -76 -64 -45 -38 -30 -29 -18 -10 3 11 12 19 36 57 0
-83 -63 -59 -57 46 64 87 0
-50 -1 3 36 79 85 89 0
-64 14 27 28 68 0
-93 -85 -80 -79 -70 -57 -51 -43 -22 -21 -15 -12 1 4 8 10 29 33 47 48 88 0
-92 -81 -79 -74 -73 -55 -43 -39 -21 -20 -9 -4 16 26 32 42 53 59 76 88 0
-90 -51 -5 2 14 31 61 67 74 75 96 99 0
-99 -97 -89 -75 -59 -52 -48 -25 -8 32 0
-81 -69 -62 -56 -55 -54 -47 -27 -14 -1 12 44 70 82 84 93 0
-78 -76 -65 -59 -48 -38 -33 -21 11 29 47 52 64 100 0
-100 -92 -78 -77 -64 -53 -50 -48 -47 -25 -17 -6 14 30 42 49 80 0
-84 -56 -30 -24 -22 -16 -15 -7 9 19 21 27 33 36 41 43 50 62 70 73 94 96 0
-89 -86 -60 -55 -29 -11 1 31 32 43 66 73 78 0
58 60 0
-80 -75 -74 -65 -64 -62 -59 -47 -44 -42 1 9 14 22 31 33 41 43 52 69 72 73 84 87 100 0
-88 -82 -74 -58 -29 -28 -16 -2 18 48 52 59 61 67 89 0
-51 -20 6 69 73 0
-99 -86 -81 -75 -58 -54 -53 -45 -37 -35 -31 -10 -8 -4 -1 27 29 57 65 73 100 0
-94 -91 -60 37 78 0
-78 -64 -31 -23 -17 -2 8 33 43 44 45 53 75 89 93 94 96 0
-86 -85 -63 -21 -20 -14 -11 -8 7 10 23 27 43 58 60 76 88 0
-91 -88 -86 -73 -53 -51 -47 -19 6 12 14 24 29 33 37 39 48 56 61 64 71 0
-100 -81 -74 -70 -65 -58 -52 -47 -16 -5 15 33 37 61 72 0
-79 23 86 0
-19 -3 2 40 86 0
-85 -75 -74 -72 -63 -37 -9 6 11 13 18 35 36 39 57 65 67 79 90 0
-88 -24 -3 8 48 62 86 0
-91 -88 -86 -83 -82 -68 -30 -17 -8 -7 3 10 25 28 51 61 71 77 85 98 0
-89 -76 -52 -49 -16 21 37 50 54 74 0
-73 -42 19 28 32 34 37 62 86 92 95 0
-84 -60 -57 -33 -21 2 5 13 15 78 0
-81 -68 -56 -30 -23 -12 -1 15 16 25 28 41 44 54 67 88 92 100 0
-85 -59 -39 -34 -22 3 13 19 20 30 67 86 0
18 0
-89 -87 -85 -83 -73 -57 -47 -41 -33 -16 -14 7 19 31 37 40 42 44 55 81 97 99 0
-92 -82 -81 -69 -53 -50 -46 -43 -37 -33 -25 -9 20 21 22 29 45 62 87 88 0
-84 -56 -50 -44 -42 -39 -29 -23 -20 -17 -9 -6 -2 1 4 22 41 52 57 69 71 87 88 93 0
-49 -16 32 62 65 70 83 0
-73 9 35 0
17 43 52 66 0
-81 -72 -10 2 7 45 47 61 82 84 0
-100 -94 -90 52 0
2 20 0
-92 -82 -79 -20 0
-97 -77 -60 -59 -31 -10 16 17 28 42 62 71 74 81 87 0
-99 -98 -46 -38 -29 -23 -21 16 27 45 90 97 0
-75 -44 -39 0
22 28 30 57 77 0
-87 -48 -45 -42 -29 -25 6 13 21 23 30 47 51 65 77 82 91 97 99 0
-81 -77 -16 -6 17 45 55 97 0
-98 -95 -92 -90 -88 -70 -55 -21 -17 2 3 49 76 83 0
-73 -54 -7 -5 6 23 0
-88 -87 -74 -64 -60 -54 -50 -34 -3 1 4 16 18 22 30 42 45 49 52 62 70 84 0
-92 -77 -33 -28 -13 54 69 0
-98 -96 -79 -37 -32 -28 -26 -16 -15 23 25 35 36 39 54 74 94 99 0
-93 -92 -74 -67 -40 -26 -17 2 19 41 71 0
-98 -65 -49 13 38 54 62 99 0
-100 -92 -67 -66 -57 -50 -43 -38 -33 -24 -16 -15 28 48 53 59 97 0
-81 -80 -76 -51 -40 -28 -26 -15 -14 -5 13 29 31 32 44 59 63 64 70 84 96 97 0
-100 -93 -89 -80 -65 -64 -45 -39 -29 -16 -11 -5 -4 9 18 20 23 30 53 66 96 0
-93 -81 -78 -70 -63 -56 -46 -30 -28 -10 13 19 29 45 58 86 0
-96 -89 -88 -83 -81 -64 -46 -40 -28 -16 -9 -3 12 14 24 27 43 73 80 93 0
-20 -17 -8 14 80 0
-40 12 50 0
-100 -89 -56 -53 -46 -39 -25 -17 21 29 35 65 69 71 0
-75 -41 -37 -30 -15 -6 13 35 44 45 61 0
-99 -98 -60 3 32 70 80 0
-63 -43 -23 -20 -19 -15 30 47 66 78 97 0
-15 19 32 44 65 78 0
-41 -26 33 78 0
-94 -73 -71 -55 -51 -49 -45 -40 -28 -8 12 20 21 84 96 0
-98 -90 -89 -82 -72 -60 -31 -25 -9 1 6 14 18 28 33 37 51 70 0
-78 -6 31 34 41 47 52 70 0
-78 -67 -66 -64 -36 -15 -7 19 28 45 95 0
-80 -29 -7 14 40 0
-91 -80 -74 -68 -57 -56 -48 -21 -11 3 4 14 47 51 69 79 0
-96 -89 -83 -66 -53 -19 -9 7 14 15 16 17 26 38 39 41 42 76 85 97 0
-95 -60 -27 -24 45 79 87 0
4 8 0
-95 -87 -80 -79 -72 -45 -44 -34 -14 -13 -7 20 23 31 35 38 41 43 46 55 74 85 0
-84 -75 -62 -56 -42 12 30 54 94 0
-72 -69 -66 -43 -32 -30 -18 -17 -11 -6 -5 7 15 21 39 44 46 57 63 65 71 83 94 97 99 0
-97 -87 -86 -64 -61 -48 -32 -30 -25 -16 4 6 18 46 57 80 89 90 91 0
-100 -94 -74 -67 -51 -41 -40 -39 -30 -24 -20 -17 1 13 28 33 47 48 54 61 69 77 79 0
-97 -96 -80 -76 -59 -37 -22 -5 6 10 11 12 13 27 39 40 62 66 71 77 86 89 0
-97 -94 -83 -76 -67 -64 -60 -58 -35 -24 -19 -7 -6 -2 21 27 28 47 51 56 77 79 86 0
-5 0
-93 -86 -85 -9 6 57 61 76 0
-68 -54 -44 -20 -19 -12 -10 8 16 21 24 28 40 47 48 51 61 69 92 0
-88 -44 99 0
-64 -56 -46 -18 -15 -6 29 90 92 0
-88 -86 -59 -39 -34 -16 -14 -9 -8 3 13 17 36 44 46 48 77 78 81 85 96 0
-35 -21 10 34 76 93 0
-79 -73 -72 -51 -46 -33 -30 -16 2 7 10 26 27 36 40 65 77 78 83 84 97 98 0
-89 -78 -69 -62 -20 -3 4 12 65 70 88 95 0
1 28 46 51 0
-99 -93 -84 -82 -80 -77 -62 -46 -45 -41 -8 4 12 14 22 26 30 36 61 64 70 71 74 79 91 0
-99 -70 -52 -17 2 7 15 19 36 47 61 66 68 69 76 82 86 91 97 0
-84 -81 -63 -47 -23 -11 42 44 46 60 65 67 79 99 0
-97 -96 -90 -70 -44 -42 -31 37 0
-66 -38 -37 -22 -20 -10 -5 4 7 32 70 0
-93 -88 -80 -68 -53 -24 1 3 13 15 18 21 32 40 73 77 99 0
-81 -67 -62 52 72 89 0
-65 -57 -54 -47 9 25 43 51 62 86 93 94 100 0
-100 -92 -87 -83 -78 -77 -75 -69 -63 -59 -40 -32 -28 -25 -21 -11 6 17 27 35 44 82 89 90 91 0
-90 -88 -76 -61 -36 -13 -6 8 12 27 65 81 85 0
-81 -80 -64 -49 -46 -44 -41 -38 -24 -22 -13 -6 7 10 16 68 70 76 97 0
-94 40 69 0
-83 -44 -5 -1 2 33 52 68 77 0
-82 -80 -76 -60 -37 -27 -14 11 20 0
-58 24 0
-98 -94 -85 -61 -55 -27 -8 -3 15 24 26 37 44 49 53 64 71 74 77 87 95 0
-97 -89 -88 -70 -61 -57 -44 -43 -41 -39 -26 -14 -6 -3 2 27 36 42 47 53 55 59 68 81 84 0
-91 -69 -56 -38 -31 -30 -17 -15 -6 -1 20 28 37 42 44 46 54 55 63 65 100 0
-88 16 37 48 64 75 81 91 0
-100 -92 -82 -75 -66 -62 -59 -58 -41 -8 -6 23 37 42 50 57 61 63 72 79 84 97 0
-55 4 81 96 0
-16 73 0
-95 -71 -70 -55 -54 -49 -45 -42 -39 -20 -4 24 41 58 81 92 0
-98 -61 -18 8 17 23 28 30 46 71 88 0
-97 -75 -69 -11 -6 63 84 0
-96 -62 -55 -39 -17 4 22 47 0
-75 -27 25 49 0
-98 -93 -91 -81 -71 -62 -59 -9 7 8 30 41 49 50 58 60 61 74 77 85 94 0
-87 0
-90 -87 -79 -48 -30 51 56 68 0
-93 -88 -67 -65 -36 -9 23 42 76 0
-99 -74 -58 -56 -6 1 4 21 23 29 50 63 68 91 0
-84 -65 -43 -37 -34 12 22 60 63 0
-76 -68 -63 -59 -56 -50 -45 -34 -32 -20 -5 4 6 33 41 55 58 65 95 0
21 0
-100 -94 -85 -83 -61 -60 -12 -5 8 26 27 30 32 35 64 84 86 87 96 97 0
-82 0
-82 -81 -73 -69 -61 -50 20 27 33 63 67 75 77 89 91 0
-99 -81 -80 -79 -73 -67 -61 -59 -56 -27 -26 -21 -7 29 32 51 54 91 94 0
-87 -73 -64 -15 -9 14 26 31 42 0
-98 -89 -76 -64 -49 -35 -33 -4 6 24 48 58 71 83 0
-70 -69 -32 -31 -17 1 23 0
-96 -94 -91 -79 -77 -71 -64 -61 -42 -41 -22 -11 1 18 21 23 29 32 48 50 55 57 66 84 97 0
-66 -29 -22 -15 -12 -5 11 33 49 77 85 0
-99 -94 -89 -70 -66 -61 -52 -46 -33 7 16 68 73 100 0
-93 -88 -86 -85 -73 -61 -59 -47 -44 -33 -32 -30 -22 -15 8 29 41 62 75 94 95 0
-99 -74 -43 -40 -38 -26 -6 -4 1 11 64 67 84 96 0
-91 -80 -73 -57 -35 -29 -6 10 13 17 41 43 53 56 64 67 74 79 81 87 93 96 0
-35 40 72 86 0
-87 -61 -43 -14 24 25 27 28 29 40 77 79 86 0
-43 50 94 0
-87 -72 -59 47 60 0
-44 0
-91 -89 -80 -62 -61 -59 -50 -14 -10 -4 5 16 23 30 31 33 49 51 55 60 72 75 87 97 0
-91 -5 64 94 0
-77 -75 -42 -17 5 10 79 99 0
-82 -68 -14 24 60 64 99 0
-47 -14 -12 -4 5 7 62 71 88 0
-97 -90 -73 -58 -46 -23 -7 1 13 35 44 57 72 76 78 81 83 0
7 17 0
79 84 0
-84 -35 21 26 33 0
-98 -93 -88 -84 -83 -78 -57 -49 -38 -34 -30 -12 -8 20 37 43 54 62 66 70 71 72 89 99 0
2 0
-100 -26 -19 30 43 0
-38 3 60 0
-98 -93 -86 -76 -65 -63 -56 -55 -54 -52 -25 -14 -5 -2 15 27 33 40 57 68 83 92 0
-99 -88 -85 -81 -72 -26 -23 1 22 37 45 53 65 76 82 0
8 0
-97 -82 -80 -75 -60 -55 -44 -40 -31 -27 -22 -18 -5 -3 -2 1 9 11 30 43 46 64 72 96 0
-97 -90 -70 -66 -65 -55 -43 -42 -27 -22 -19 -11 -9 2 16 21 23 30 33 48 63 69 84 0
-95 -77 -76 -69 -62 -52 -45 -19 -18 -14 -9 -6 -5 23 26 28 57 64 67 85 86 88 92 94 97 0
-90 -81 -73 -66 -53 -48 -47 -35 -11 2 46 50 62 70 93 94 0
-76 -54 -53 -43 -31 -30 -23 -2 5 48 49 56 87 0
-99 -89 -88 -66 -64 -63 -51 -41 -38 -18 -13 1 8 19 33 37 74 76 83 93 98 0
-82 -76 -63 24 29 49 67 0
-51 -47 12 39 52 0
-94 -41 -32 -24 -15 1 13 19 53 66 68 72 86 91 99 0
-90 -77 -69 -47 -41 -37 -14 -11 -10 20 39 45 49 66 83 89 0
16 72 75 85 0
-94 -73 -70 -54 -39 -25 3 31 34 36 46 60 62 76 77 96 0
-92 -85 -83 -63 -61 -53 -36 -10 -8 4 12 14 32 37 45 55 65 79 82 98 0
-65 4 76 91 93 0
-72 -63 -3 8 21 24 30 32 33 41 44 81 84 99 0
-96 -93 -76 -59 -25 -22 -18 -17 -16 -1 9 28 30 31 42 53 57 70 72 0
3 31 52 74 82 0
-67 -12 38 45 48 66 73 0
-98 -92 -81 -54 -51 -37 -32 -28 -20 4 6 10 49 52 70 73 77 86 87 93 0
-13 20 95 0
-61 -42 -14 8 28 93 0
-71 -49 -44 -10 8 15 33 34 50 0
-100 -72 -50 -44 -43 -39 -23 -18 -15 2 13 38 45 61 74 0
-89 -74 -62 -46 -33 -26 -19 -15 -13 -10 3 51 67 70 71 88 0
-46 -39 -36 -26 -14 24 0
-96 -93 -90 -87 -68 -55 -21 20 36 64 69 73 75 81 0
-100 -86 -59 -57 -3 19 22 55 65 71 80 81 83 97 98 0
-59 -49 -47 -42 -40 -32 -23 -16 -9 8 11 18 26 27 28 48 56 96 0
-29 -11 37 57 0
-66 -61 -26 -21 -20 -11 -10 -5 9 18 31 32 46 80 87 96 97 100 0
-97 -87 -59 -54 -45 -16 -8 36 56 70 71 0
-45 -39 -36 -27 -23 5 7 30 32 52 53 57 63 64 90 95 0
-100 -90 -57 -42 -37 -33 -11 -8 -3 34 43 71 0
-66 -58 -21 -20 -19 -3 8 14 32 41 50 54 64 67 73 74 87 0
-98 -83 -63 -55 -54 -45 -14 -8 5 27 34 40 68 72 77 82 89 100 0
-95 -86 -62 -61 -40 -10 67 0
-99 -71 -50 -4 3 16 60 96 0
34 0
-97 -93 -86 -82 -70 -54 -39 -36 -26 -8 -6 5 12 15 24 33 52 61 78 91 0
40 83 86 0
-83 -75 -42 -33 -16 -14 -13 15 22 25 26 29 98 100 0
-97 -88 -86 -85 -76 -68 -59 -49 -36 -20 -19 -5 -2 14 21 45 51 52 72 79 83 96 0
-95 -87 -83 -75 -71 -58 -57 -44 -26 -24 -21 2 32 48 63 72 91 0
-71 -46 -45 -42 -34 -31 -24 -20 -6 -5 2 25 72 84 92 0
-89 -79 -76 -52 -37 -36 -32 -22 -14 -7 9 62 65 67 94 96 0
-100 -82 -81 -80 -79 -3 21 23 42 46 55 62 72 83 91 93 94 0
-86 -33 10 18 94 0
-76 -50 -49 -42 -32 -10 -7 -6 1 18 22 26 30 31 51 52 64 75 78 93 0
-71 -12 39 44 45 0
-79 -78 -76 -73 -59 -33 -25 -22 -10 -2 27 82 86 93 0
-94 -92 -81 -79 -76 -73 -69 -52 -50 -43 -36 -16 -12 -8 -3 18 51 60 67 68 77 83 0
-100 -51 -7 14 24 39 59 80 99 0
21 23 86 0
-7 10 23 0
-84 -49 -40 -20 -1 4 5 14 17 22 31 70 76 0
-92 -67 -32 0
-92 -89 -83 -77 -30 -15 25 45 72 95 0
-77 -70 -68 -64 -58 -25 -21 -11 7 13 39 60 79 89 92 0
-96 -47 -41 10 16 24 30 53 54 0
-87 -71 -57 -40 -33 -17 12 70 77 83 0
-95 -86 -84 -68 -65 -29 -25 5 8 39 42 44 52 67 82 0
-89 -80 -58 -51 -20 -10 -7 -2 4 5 8 9 12 49 50 60 66 77 83 90 100 0
-94 -81 -78 -75 -72 -52 -45 -33 -32 -20 -8 1 4 11 16 25 37 41 43 47 73 80 83 87 0
-86 -76 -53 -43 -24 -23 -16 -4 -2 15 26 47 52 57 63 67 89 94 0
-98 -84 -30 -23 -10 -8 15 36 48 57 61 65 66 92 93 0
-98 -92 -80 -74 -49 -44 -43 -42 -33 -27 -15 3 9 35 37 45 50 78 0
-79 -78 -74 -63 -62 -58 -52 -46 -40 -27 -12 8 22 24 25 33 36 41 43 65 73 94 0
55 0
-100 -98 -75 -73 -67 -66 -62 -52 -39 -37 -32 -28 -1 12 14 18 30 50 54 60 74 79 94 99 0
-87 -83 -5 19 24 94 0
-67 -38 -24 -23 -18 -12 -4 8 9 10 15 21 22 29 34 39 78 81 87 100 0
-61 -60 -35 -27 -17 -15 16 32 39 40 49 55 77 98 0
-21 -20 -7 9 0
-66 -53 -51 -49 -23 -8 4 19 35 41 42 47 48 50 63 64 71 77 79 86 89 97 100 0
-78 -59 -54 -38 -16 -12 24 33 73 99 0
-88 -82 -39 -36 -35 -13 -5 -4 24 43 46 68 76 84 89 0
-92 -82 -56 -55 -54 -38 -14 10 15 33 39 43 47 49 57 62 65 66 68 74 75 77 100 0
-76 -54 -23 -20 -14 -10 -3 1 18 26 30 34 36 37 81 89 0
-98 -87 -84 -83 -81 -72 -57 -53 -41 -34 -30 -25 -11 2 5 7 22 31 32 35 47 59 91 0
-90 -88 -85 -80 -77 -67 -66 -62 -55 -53 -50 -49 -40 -35 -30 -27 -25 -8 3 4 6 11 59 71 0
-95 -49 -22 16 33 43 58 64 98 99 0
-96 -70 -65 -61 -55 -53 -49 -44 -12 2 15 40 42 62 67 79 84 90 94 98 0
-97 -89 -84 -65 -62 -53 -49 -39 -26 -18 -10 -6 4 14 28 30 43 54 60 68 81 82 94 98 0
-96 -81 -71 -70 -53 -46 -43 -38 -35 -14 16 21 45 50 55 66 73 78 87 98 0
-59 -57 -44 -35 -2 8 16 23 24 50 72 76 81 89 0
-97 -80 -75 -72 -66 -44 -41 -33 -23 -21 -7 1 2 19 29 37 39 43 52 71 83 90 92 0
-90 -83 -67 -66 -61 -59 -17 -10 -9 2 4 25 29 43 46 49 50 57 60 62 78 0
-48 -17 11 15 34 38 41 44 57 58 60 75 85 90 98 99 0
-99 -88 -80 -71 11 15 18 26 100 0
-84 -83 -75 -66 -65 -55 -52 -44 -36 -30 -25 -20 1 7 28 33 59 63 80 82 92 96 0
-100 -98 -80 -66 -63 -53 -46 -28 -15 -5 -4 2 3 10 20 29 30 33 34 37 44 59 75 79 87 0
-80 -31 33 42 0
-95 -76 -37 -28 -20 4 40 51 55 56 60 61 65 66 86 91 0
-83 -81 -70 -27 -22 -19 -1 2 28 65 0
-99 -89 -88 -63 -61 -57 -30 -15 -12 -3 18 26 29 46 48 60 65 75 84 0
-92 -31 3 4 12 29 37 94 0
-67 0
20 37 0
50 79 0
36 51 65 69 0
-92 -87 -54 -31 -29 -22 3 5 13 41 65 70 82 0
-52 -47 -40 -30 -26 -11 3 28 66 71 0
-100 -73 -72 -71 -61 -57 -50 -46 -34 -21 -16 19 36 48 58 69 0
-100 -79 -76 -74 -39 -37 -35 -32 -26 -18 -17 -13 -8 -4 5 22 40 54 55 68 82 84 0
