CNF 200 200
-181 -168 -167 -163 -159 -145 -142 -140 -127 -125 -87 -86 -63 -41 -36 -24 -22 -10 -6 -2 3 26 45 69 84 85 102 109 112 122 128 130 139 151 156 160 166 172 175 177 179 192 0
-158 -146 -124 -122 -118 -110 -100 -54 -44 -43 -41 25 27 47 113 117 128 132 167 189 0
-198 -181 -168 -166 -152 -139 -137 -120 -113 -88 -86 -82 -72 -64 -56 -43 -41 -26 -2 16 20 22 48 53 60 79 126 134 136 155 157 159 191 192 0
-197 -190 -187 -167 -125 -122 -107 -97 -68 -58 -55 -48 -40 -38 -37 -32 -17 -7 10 20 25 46 49 69 80 89 90 101 103 115 118 136 157 175 179 0
-199 -197 -176 -169 -142 -124 -122 -118 -117 -108 -101 -85 -83 -74 -72 -57 -51 -49 -47 -46 -43 -17 3 4 40 54 59 67 69 76 80 88 106 116 137 138 141 144 152 155 165 167 168 177 178 181 190 198 0
-173 -163 -124 -121 -116 -105 -68 -64 -52 -42 -10 -1 11 30 32 46 54 107 113 126 133 140 149 177 194 196 0
-192 -176 -171 -151 -145 -144 -130 -127 -126 -102 -93 -80 -78 -66 -64 -41 -26 -22 -15 -2 4 6 13 19 30 89 103 116 165 175 187 0
-198 -172 -155 -144 -141 -129 -106 -100 -95 -85 -66 -54 -42 -40 -18 -5 10 21 28 45 71 74 83 89 104 137 154 156 169 173 181 187 189 192 194 0
-171 -162 -135 -120 -119 -109 -105 -80 -67 -49 -28 -22 15 21 45 72 97 100 142 147 153 179 181 0
-200 -174 -170 -148 -146 -117 -108 -67 -60 -58 -49 -20 -18 -15 2 13 51 53 78 81 85 137 152 162 183 184 194 198 0
-185 -169 -148 -117 -63 -46 -27 103 0
-174 -160 -159 -114 -108 -66 -65 21 34 50 59 60 61 82 145 154 155 170 183 0
-161 -149 -143 -140 -136 -117 -110 -105 -104 -101 -94 -93 -79 -61 -57 -54 -53 -47 -45 -40 -24 -11 -6 -4 22 25 36 42 52 64 78 97 114 121 122 125 127 133 146 148 162 166 167 172 180 193 0
-194 -192 -190 -186 -177 -172 -162 -160 -139 -138 -109 -106 -103 -91 -81 -66 -41 -29 -20 -14 -2 1 9 24 31 49 73 84 122 137 140 141 149 164 166 176 195 198 0
-179 -162 -147 -139 -137 -135 -133 -124 -109 -103 -96 -83 -73 -46 -43 -42 -37 -16 5 23 24 26 39 40 52 53 56 58 70 71 79 90 93 94 99 112 120 125 131 148 150 158 167 199 0
-172 -167 -101 -93 -50 -46 -5 3 27 62 116 134 186 188 0
-191 -169 -151 -142 -136 -126 -122 -116 -97 -96 -84 -42 -37 -27 -19 5 13 40 74 102 119 120 128 129 138 139 140 181 194 0
-182 -154 -99 -60 -55 -41 -22 -13 64 87 114 0
-166 -4 8 175 192 200 0
-184 -182 -181 -180 -177 -171 -161 -160 -158 -157 -154 -145 -132 -124 -113 -109 -106 -91 -89 -86 -76 -58 -51 -49 -40 -35 -22 -16 5 11 20 37 44 52 65 79 80 93 122 155 163 174 187 196 0
-192 -147 -129 -123 -105 -74 -69 -51 -43 -24 -23 -12 -2 8 11 44 52 55 76 141 151 168 0
-167 -142 -139 -132 -114 -89 -70 -41 -39 -11 21 31 153 165 169 171 0
-199 -193 -181 -178 -163 -160 -148 -145 -132 -101 -95 -72 -39 -19 -17 -1 26 58 61 70 96 97 113 121 143 153 172 197 0
-197 -158 -136 -82 -76 -71 -54 -21 -4 15 92 117 133 155 164 171 185 189 0
-94 0
-174 -170 -163 -162 -161 -106 -16 -4 7 20 22 27 49 115 124 168 185 0
-195 -144 -141 -103 -82 -81 -77 -63 -49 -38 -5 7 40 53 58 61 62 78 152 153 164 169 173 183 184 198 0
-171 -170 -149 -118 -107 -104 -90 -48 25 35 44 57 93 130 136 153 0
-186 -185 -146 -145 -111 -109 -93 -46 -26 -2 12 16 19 20 51 54 58 68 77 85 105 121 134 141 183 200 0
-161 -156 -149 -141 -140 -90 -88 -77 -61 -33 -31 -23 -22 -8 -1 35 41 49 55 66 71 123 130 138 142 152 171 175 179 181 182 183 184 197 0
-88 -79 63 197 0
-187 -102 -21 100 0
-192 -189 -187 -183 -166 -160 -153 -150 -147 -142 -140 -137 -132 -94 -93 -89 -80 -58 -50 -47 -40 -30 -26 -20 -3 2 10 31 45 52 62 74 75 82 98 100 104 117 121 126 145 148 149 177 190 0
-193 -186 -182 -176 -161 -145 -143 -142 -138 -134 -132 -105 -91 -84 -74 -61 -57 -52 -51 -46 -37 -33 -20 -15 -14 -4 29 32 38 42 43 62 73 76 78 87 111 117 119 137 146 157 174 190 194 195 0
-168 -155 -146 -116 -114 -107 -93 -78 -44 -43 -12 -3 25 28 29 47 51 52 88 105 109 118 135 158 167 178 186 188 199 0
-178 -174 -172 -151 -125 -112 -108 -101 -77 -7 -4 8 23 30 64 87 91 92 95 99 106 111 116 132 159 179 181 186 187 189 0
-196 -171 -168 -147 -127 -126 -114 -106 -105 -99 -84 -83 -77 -72 -56 -52 -51 -40 -34 -11 -2 6 14 16 39 45 61 87 124 137 142 144 155 158 161 169 176 184 200 0
-188 -131 -123 -119 -90 -65 -58 15 39 53 107 127 149 170 173 0
-193 -192 -185 -179 -177 -175 -171 -156 -120 -115 -113 -111 -106 -105 -81 -78 -77 -65 -58 -56 -51 -47 -44 -36 -12 -3 -1 4 14 20 30 41 52 94 104 119 148 153 158 162 163 168 172 184 198 199 0
-186 -120 -98 -51 -24 101 135 0
-181 -158 -101 -77 -44 -16 6 30 78 109 140 164 165 184 192 0
-192 -184 -183 -142 -141 -103 -25 -11 9 16 18 30 122 134 145 160 0
-189 -138 -97 -82 -80 -57 30 84 100 134 0
-196 -188 -182 -173 -161 -146 -138 -133 -127 -120 -119 -116 -109 -103 -85 -83 -82 -63 -51 -43 -27 -21 -20 -15 -13 4 18 19 22 25 36 47 66 68 77 78 81 87 98 117 130 137 140 147 177 184 185 186 189 197 0
-196 -188 -184 -179 -174 -149 -144 -139 -133 -131 -120 -112 -103 -91 -89 -83 -82 -51 -42 -40 -38 -10 -4 -1 5 13 19 20 32 35 48 56 71 77 78 104 115 118 125 134 143 152 168 169 180 185 191 0
-197 -196 -193 -177 -167 -160 -123 -114 -103 -92 -86 -62 -28 -24 1 23 26 37 51 56 70 84 104 106 115 117 156 176 183 199 0
-200 -196 -173 -164 -150 -139 -105 -94 -72 -61 -58 -43 -29 -22 -4 12 15 18 34 67 71 75 87 91 103 104 129 136 140 160 163 186 191 195 0
-195 -193 -178 -177 -170 -163 -150 -124 -121 -116 -113 -103 -89 -81 -59 -48 -40 -34 -27 -20 -5 9 16 52 94 98 106 148 159 161 185 198 200 0
-178 -175 -169 -163 -156 -151 -108 -100 -98 -96 -93 -89 -79 -77 -71 -38 -25 -21 -19 -15 6 17 18 23 39 45 48 50 64 73 80 85 94 97 120 126 128 142 0
-188 -154 -153 -142 -120 -109 -93 -88 -84 -73 -68 23 24 27 36 59 82 102 129 132 172 180 183 189 191 0
-199 -180 -147 -118 -116 -85 -83 -73 -59 -57 -22 14 17 62 95 115 142 146 176 190 192 195 0
-197 -181 -175 -165 -163 -148 -139 -118 -105 -83 -44 14 25 57 92 99 128 129 140 142 152 186 0
-200 -198 -191 -167 -162 -157 -139 -128 -127 -124 -103 -102 -87 -83 -72 -64 -57 -50 -28 -21 -10 -1 12 15 20 29 32 42 48 71 76 92 98 99 101 111 117 119 123 148 152 158 166 171 176 182 185 186 194 0
-178 -177 -170 -167 -165 -155 -142 -138 -122 -118 -108 -81 -80 -77 -76 -29 -28 -5 2 22 24 39 48 50 51 53 56 57 60 78 86 91 97 111 130 141 144 146 175 176 180 186 190 0
-199 -166 -130 -55 -34 -33 -30 16 32 39 51 72 78 89 114 140 177 0
-160 -79 -72 -68 -54 -21 -15 7 53 81 85 130 162 0
-188 -185 -145 -130 -93 -87 -64 -60 -58 -30 -22 8 23 34 38 42 62 83 120 138 154 156 162 164 165 166 187 189 0
-168 -90 -19 194 0
-194 -186 -179 -165 -139 -135 -127 -123 -121 -117 -93 -66 -62 -60 -50 -49 -30 1 11 45 61 64 68 76 89 95 113 118 124 155 173 176 190 0
-197 -195 -186 -182 -140 -111 -101 -98 -92 -79 -71 -67 -59 -43 -36 -34 -19 21 31 33 42 47 70 93 95 115 158 161 164 165 172 0
-200 -193 -165 -144 -123 -121 -109 -81 -41 -40 13 51 75 94 108 120 131 173 179 0
-194 -191 -181 -173 -134 -131 -125 -109 -101 -96 -67 -64 -52 -50 -37 -36 -29 -24 -23 -15 -5 3 8 49 53 68 73 92 93 99 100 117 130 141 142 149 154 177 182 183 193 195 0
-165 -88 104 114 0
-191 -167 -150 -147 -141 -109 -102 -81 -75 -71 -70 -58 -43 -37 -29 -23 -17 -10 -2 16 19 32 35 36 44 50 60 68 86 87 89 95 97 98 107 110 126 144 166 169 184 197 199 0
-191 -185 -168 -162 -105 -94 -88 -67 -61 -53 -47 -42 -34 -4 2 7 23 31 35 40 48 59 68 70 72 78 98 141 146 169 175 197 0
-197 -190 -189 -188 -187 -186 -180 -162 -128 -107 -100 -90 -77 -59 -55 -32 -28 -25 -24 -21 -10 -2 1 6 15 33 42 45 47 67 94 115 118 138 139 153 154 176 0
-200 -177 -144 -131 -112 -111 -63 -34 -12 -10 1 9 21 23 56 57 73 91 175 0
-197 -159 -154 -148 -142 -140 -103 -101 -99 -84 -70 -63 -48 -47 -44 26 31 49 51 96 100 112 123 138 192 200 0
-182 -147 -69 -62 4 5 9 63 89 92 104 153 178 0
-185 -180 -178 -175 -164 -156 -150 -121 -110 -107 -106 -105 -102 -97 -91 -76 -74 -52 -44 -41 -35 -22 -16 15 30 46 57 64 72 86 90 111 114 124 125 135 142 161 172 173 194 197 0
-198 -178 -171 -170 -168 -161 -157 -145 -126 -122 -120 -114 -103 -101 -65 -62 -59 -27 -24 -4 16 41 73 77 105 116 128 130 142 153 172 199 0
-143 -67 152 0
-73 51 147 0
-196 -178 -152 -134 -125 -116 -113 -110 -73 -61 -55 -42 -37 -35 -16 -10 8 20 24 25 47 59 69 82 93 102 105 114 120 122 136 143 145 148 159 166 176 186 197 198 0
-200 -177 -171 -169 -165 -158 -156 -135 -129 -124 -110 -104 -101 -86 -85 -78 -73 -67 -61 -49 -43 -23 -6 -5 10 13 17 19 42 57 72 94 102 106 111 112 114 134 151 157 164 170 175 178 180 183 190 193 0
-194 -169 -164 -142 -132 -123 -117 -112 -107 -105 -85 -71 -40 -37 -32 -31 5 7 24 45 46 81 90 91 94 103 126 131 153 162 184 197 0
-80 12 0
-181 -130 -126 -121 -114 -99 -93 -84 -82 -69 -63 -33 -31 -12 -6 19 24 38 42 70 78 89 179 193 0
-193 -187 -180 -171 -165 -150 -133 -110 -109 -67 -53 -46 -36 -18 -3 6 9 23 26 33 35 41 42 57 58 72 77 78 84 97 115 123 124 143 149 155 157 164 166 170 176 0
-191 -181 -175 -153 -152 -129 -113 -106 -95 -73 -57 -47 -39 -32 -28 -27 -25 -18 2 8 30 52 74 86 89 91 92 93 98 103 116 120 127 133 139 147 149 154 164 182 185 189 193 196 0
-187 -184 -170 -143 -107 -94 -89 -72 -69 -66 -38 -36 -12 -3 9 14 23 33 42 62 63 98 109 118 140 141 161 173 0
-197 -195 -177 -173 -138 -135 -127 -123 -109 -97 -82 -71 -36 -28 -25 -24 -19 -10 -8 11 22 26 30 45 54 77 92 130 139 143 152 154 156 158 164 165 189 191 196 0
-168 -133 -80 -73 -61 -52 -51 -8 11 19 32 35 37 45 89 102 159 177 186 0
-181 -169 27 121 166 176 193 0
-197 -193 -187 -178 -176 -173 -171 -146 -144 -134 -110 -102 -76 -67 -37 -24 -19 -8 -7 5 36 44 48 53 55 57 72 84 152 155 195 0
-177 -176 -159 -144 -141 -134 -126 -124 -109 -97 -93 -89 -83 -53 -41 -6 -1 12 31 47 52 55 77 84 87 101 160 193 195 0
-56 50 69 188 189 0
-197 -186 -185 -169 -150 -144 -142 -137 -133 -126 -64 -42 -20 -11 23 33 35 36 39 40 69 87 103 110 117 127 145 147 181 194 0
-185 -175 -164 -159 -119 -114 -112 -59 -52 -51 -50 -39 -26 -24 -7 4 12 27 32 35 43 56 69 72 74 81 82 83 88 90 92 93 110 111 116 127 135 143 145 149 156 171 173 181 182 190 200 0
-197 -192 -174 -158 -151 -148 -142 -137 -93 -90 -86 -66 -65 -61 -59 -30 -5 -4 -3 -2 14 25 32 35 40 53 57 69 70 72 73 75 80 81 96 99 104 108 117 118 121 128 134 147 149 152 176 184 0
-32 0
-197 -160 -130 -38 -34 47 100 115 0
-186 -176 -160 -146 -125 -110 -107 -74 -69 -47 -5 19 36 57 80 95 96 98 113 116 149 150 157 167 190 197 0
-153 -58 -36 69 82 105 107 109 139 0
-191 -171 -144 -141 -94 -27 9 10 155 0
-176 -153 -136 -99 -94 -91 -71 -67 -61 -11 21 30 45 56 83 129 140 149 0
-192 -187 -175 -174 -173 -163 -157 -156 -151 -139 -138 -137 -136 -118 -115 -110 -94 -93 -70 -68 -67 -66 -36 -24 -13 -9 10 23 26 28 50 56 57 71 72 73 80 96 100 102 126 134 135 150 154 198 0
-180 -179 -175 -163 -162 -160 -156 -155 -148 -132 -118 -112 -104 -96 -93 -83 -76 -73 -61 -48 -24 -23 -2 36 38 43 45 59 62 63 125 135 154 161 172 186 0
-180 -179 -163 -143 -137 -128 -121 -86 -79 -46 -44 -26 -25 -22 -21 -20 4 24 41 53 64 69 81 108 113 119 129 136 141 147 153 158 166 187 189 192 0
-186 -174 -159 -158 -151 -148 -147 -136 -130 -129 -127 -126 -123 -94 -84 -78 -55 -54 -53 -51 -3 -2 33 61 63 96 100 106 124 140 144 149 157 162 177 179 187 200 0
-200 -198 -149 -116 -114 -56 -26 13 21 41 49 71 79 106 126 0
-192 -157 -130 -125 -123 -112 -102 -99 -94 -91 -86 -79 -68 -49 -45 -38 -16 -12 5 6 8 9 14 40 44 60 69 74 81 93 101 106 119 120 152 169 173 177 182 0
-197 -175 -145 -101 -93 -77 -58 -49 20 41 53 55 56 75 97 138 140 141 142 167 181 192 0
-193 -169 -165 -146 -128 -124 -94 -84 -83 -81 -46 -38 -22 12 16 27 34 50 60 72 90 91 105 107 109 136 137 144 145 150 156 183 195 196 197 200 0
-196 -182 -171 -167 -162 -157 -150 -135 -132 -115 -88 -85 -71 -58 -53 -26 -19 -9 -6 25 27 44 63 78 98 123 129 130 138 142 147 153 177 181 195 198 0
-200 -188 -170 -167 -166 -157 -149 -148 -145 -136 -129 -126 -101 -99 -95 -89 -76 -41 -1 6 8 15 23 29 42 54 56 61 68 70 72 73 74 83 103 116 120 133 140 141 142 150 152 176 183 184 192 0
-198 -194 -164 -160 -150 -146 -142 -139 -135 -134 -115 -102 -99 -89 -77 -70 -65 -55 -45 -32 -31 -28 -21 -17 -16 -14 -11 -4 12 15 23 37 54 66 71 74 78 82 95 97 103 104 127 158 163 167 173 185 197 0
-165 -159 -111 -102 -78 -76 -56 -46 -35 -20 -4 3 8 30 83 112 122 169 178 184 189 0
-184 -63 55 105 122 138 157 0
-173 -158 -156 -150 -138 -135 -122 -102 -94 -85 -73 -19 -6 -3 1 2 9 20 23 29 62 87 88 93 97 113 143 152 162 165 174 178 183 185 188 198 0
-108 -73 17 0
-152 -81 -78 -59 -23 7 37 50 56 58 98 132 0
-182 -170 -150 -138 -101 -89 -51 -38 -15 -9 -2 18 22 42 64 67 158 199 0
-188 -178 -174 -160 -64 -10 -5 15 25 71 107 129 176 0
-176 -157 -87 -82 -38 32 65 67 144 160 0
-197 -190 -173 -145 -144 -139 -134 -98 -94 -91 -78 -58 -53 -31 -27 -19 -18 -17 -7 8 13 15 45 59 64 66 71 82 87 99 101 103 105 114 121 151 153 157 159 162 167 183 189 0
-199 -195 -185 -177 -173 -167 -154 -144 -134 -109 -95 -82 -52 -22 -21 -16 -12 -9 4 8 14 28 57 68 72 78 92 105 113 121 132 135 136 145 155 158 160 182 198 0
-177 -170 -167 -152 -139 -109 -92 -91 -64 -52 -43 -36 -29 -19 -14 -12 4 5 11 24 25 48 54 56 62 78 80 95 103 104 107 120 122 173 174 184 185 195 198 199 0
-200 -185 -183 -170 -169 -164 -156 -152 -114 -110 -106 -103 -93 -91 -72 -68 -63 -60 -56 -53 -52 -35 -33 -15 -11 -9 -8 -7 1 3 10 18 20 37 41 42 45 59 71 78 100 112 117 138 143 148 178 182 194 0
-196 -193 -189 -171 -162 -158 -149 -133 -124 -93 -89 -84 -55 -49 -47 -26 15 17 57 66 102 134 0
-190 -181 -177 -168 -160 -159 -158 -155 -129 -117 -115 -91 -66 -54 -42 -23 -4 12 13 18 34 48 49 64 71 83 96 100 116 118 122 128 136 157 169 174 176 198 0
-195 -188 -187 -182 -155 -139 -134 -126 -120 -112 -108 -104 -102 -89 -88 -80 -75 -71 -67 -61 -53 -36 -27 -23 -19 -10 -1 24 29 45 69 82 83 94 116 122 129 133 154 156 159 164 169 183 0
-180 -169 -168 14 39 78 94 176 191 0
-147 195 0
-182 -176 -154 -152 -129 -116 -115 -107 -106 -95 -94 -41 -23 -8 5 9 17 24 42 57 73 75 128 144 193 0
-182 -99 95 0
-144 -81 -72 -20 -2 30 104 167 0
-194 -191 -190 -185 -175 -145 -141 -128 -120 -116 -115 -112 -108 -99 -93 -69 -66 -65 -47 -21 -16 -15 -10 1 7 11 19 24 42 49 52 56 68 79 102 119 144 148 166 173 176 180 200 0
-154 -134 -118 -114 -62 -41 -1 23 40 52 79 87 88 97 108 116 122 125 127 130 137 139 174 178 190 0
-190 -169 -159 -141 -124 -108 -100 -93 -91 -64 -49 -44 -33 -29 -12 -8 17 25 27 51 67 75 76 77 79 90 111 112 125 129 144 149 158 168 176 200 0
-187 -177 -169 -165 -162 -160 -141 -124 -110 -103 -95 -64 -59 -46 -12 6 10 18 22 23 31 57 75 77 80 89 93 94 96 108 113 118 130 150 155 199 0
-132 -39 -9 29 72 187 0
-198 -191 -178 -159 -158 -146 -142 -137 -126 -114 -110 -62 -60 -31 -25 -23 -19 -14 -9 -8 -1 4 10 11 13 27 29 32 45 52 56 63 67 79 80 103 127 145 170 181 186 200 0
-194 -193 -135 -91 -67 -60 -50 25 27 41 53 83 107 136 149 150 152 159 160 188 0
-184 -133 -62 -44 -34 -7 21 43 72 162 173 0
-193 86 171 0
-195 -190 -187 -171 -169 -161 -112 -109 -97 -94 -79 -69 -64 -62 -39 -31 -26 -19 1 24 25 35 46 49 57 65 77 85 91 102 108 119 129 139 148 153 170 173 180 198 199 0
-190 -189 -164 -83 -76 -62 -47 -35 -30 -12 4 8 13 24 95 149 157 160 165 200 0
-195 -194 -168 -119 -108 -56 -54 -20 53 101 112 133 173 0
-165 -146 -138 -118 -112 -90 -68 -35 1 14 24 43 58 81 89 94 102 106 114 188 199 0
-189 -187 -178 -174 -173 -171 -167 -163 -161 -158 -152 -151 -150 -149 -144 -130 -128 -115 -112 -108 -99 -85 -72 -58 -53 -42 -27 -10 -8 -3 14 21 31 55 63 77 84 104 113 134 147 166 185 197 0
-31 -20 12 41 117 129 144 185 0
-188 -181 -168 -166 -155 -150 -148 -111 -104 -91 -89 -88 -64 -57 -51 -49 -47 -39 -37 -18 -15 -5 3 7 17 26 31 38 74 75 84 86 92 98 115 119 130 137 143 144 149 182 0
-174 -170 -139 -130 -127 -124 -116 -103 -83 -73 -66 -59 -48 -30 -18 -15 -7 8 10 31 32 51 65 80 102 112 118 144 149 154 161 188 195 200 0
-190 -188 -169 -159 -146 -117 -98 -95 -66 -52 -50 -32 -21 -11 -3 18 59 65 76 84 102 123 133 144 145 152 157 168 0
-194 -181 -177 -152 -124 -119 -73 -69 -63 -61 -57 -50 -48 -31 -14 -7 16 34 40 42 49 56 58 88 118 136 182 0
-180 -148 -95 -80 -71 -62 -59 -50 -27 1 18 32 46 57 173 0
-188 -165 -158 -157 -145 -128 -96 -55 -39 -37 -34 -31 -18 -17 -9 6 7 11 14 16 25 40 50 59 99 103 121 125 197 0
-117 -56 -23 -16 -14 -4 31 43 63 95 142 150 167 169 184 0
-190 -188 -180 -179 -172 -160 -143 -130 -118 -115 -114 -113 -108 -106 -104 -91 -84 -70 -57 -49 -11 -1 23 38 59 100 125 136 175 192 0
-193 -157 -111 -85 -79 11 40 84 113 0
-189 -185 -168 -162 -158 -150 -145 -140 -95 -94 -90 -82 -81 -58 -45 -26 -12 3 6 9 32 35 48 54 55 63 75 76 85 105 107 126 132 170 171 197 0
-166 -157 -149 -145 -128 -127 -125 -102 -86 -67 -60 -59 -53 1 20 21 47 71 104 107 126 142 147 156 161 163 170 184 0
-160 -126 -107 -78 -32 74 172 0
-168 -143 -77 -44 -12 39 105 106 111 181 196 0
-198 -189 -169 -145 -127 -115 -41 -6 -2 3 82 92 102 116 128 160 183 188 0
-195 -194 -192 -189 -186 -182 -180 -178 -174 -169 -168 -165 -159 -139 -136 -133 -126 -121 -117 -112 -110 -103 -96 -95 -94 -69 -65 -34 -3 12 21 28 42 59 62 63 64 67 74 75 80 102 105 109 116 129 142 143 158 179 0
-186 -165 -164 -158 -155 -147 -143 -136 -131 -130 -129 -108 -100 -88 -78 -73 -52 -50 -36 -33 -22 -9 14 29 30 35 68 77 80 86 95 102 111 116 137 163 170 172 174 176 184 185 191 0
-187 -185 -174 -171 -167 -152 -150 -123 -114 -103 -75 -68 -58 -54 -49 -48 -35 -30 -14 -3 -2 7 10 11 19 37 38 80 81 84 108 122 131 141 144 149 166 168 176 181 189 197 0
-94 59 161 178 193 0
-183 -177 -170 -164 -135 -132 -119 -80 -74 -56 -47 -43 -37 12 13 16 17 21 25 28 61 62 64 69 77 88 107 111 118 127 139 161 182 198 0
-150 -143 -134 -101 -82 -37 23 32 53 54 58 93 122 129 162 178 0
-189 -182 -169 -113 -87 -30 19 20 165 0
-190 -144 -140 -93 -78 -72 -23 18 151 173 0
-75 -62 -45 -31 22 33 40 59 149 177 0
-168 -112 -98 190 0
-191 -25 -17 18 35 49 61 71 119 132 171 0
-200 -187 -170 -150 -117 -85 -63 -6 -5 1 9 11 45 47 134 147 182 0
-192 -188 -160 -155 -129 -110 -43 -9 141 149 174 193 0
-198 -196 -164 -132 -102 -91 -90 -88 -85 -57 -6 45 52 77 184 188 0
-139 -134 -118 -117 -42 146 150 155 171 0
-196 -194 -189 -187 -177 -171 -169 -155 -135 -117 -110 -103 -96 -61 -55 -47 -41 -39 -29 -16 -13 -5 2 8 20 21 26 31 35 48 52 58 62 73 81 93 94 98 104 105 109 123 124 133 134 175 180 186 199 200 0
-15 -14 0
-182 -143 -57 42 82 89 151 191 0
-187 -183 -181 -170 -167 -166 -165 -126 -113 -112 -110 -93 -62 -56 -55 -45 -42 -41 -31 -30 -29 -25 2 5 8 11 18 36 38 59 60 73 80 84 88 121 130 138 152 195 197 200 0
-195 -193 -182 -163 -136 -135 -122 -120 -108 -91 -90 -65 -61 -32 -28 -26 -14 -10 -7 1 6 24 33 41 60 67 68 82 94 99 103 119 123 129 130 134 154 164 166 172 179 180 181 196 0
-174 -160 -150 -139 -137 -73 -29 -3 -2 -1 20 28 81 114 131 133 0
73 0
-174 -123 -92 -19 -18 -17 28 81 100 102 127 128 136 141 152 175 0
-186 -182 -159 -146 -145 -143 -134 -133 -132 -127 -119 -117 -102 -91 -86 -55 -53 -45 -26 -23 -8 3 5 7 10 14 19 42 73 99 148 161 171 172 180 183 190 0
-187 -168 -152 -149 -138 -135 -129 -124 -114 -103 -93 -86 -85 -70 -56 -46 -38 -28 -23 1 30 35 47 49 62 67 73 81 112 115 125 127 131 137 143 172 182 0
-183 -164 -128 -110 -109 -96 -95 -90 -89 -77 -30 -21 -4 10 42 51 70 85 86 104 105 149 174 188 196 199 0
-175 -173 -165 -156 -148 -140 -135 -109 -105 -96 -66 -57 -50 -49 -18 -17 12 15 35 54 58 68 75 79 158 172 187 0
-107 -106 -94 -89 3 10 37 60 76 96 0
44 141 0
-183 -181 -174 -171 -166 -160 -126 -113 -86 -84 -60 -57 -35 -23 -21 -20 7 12 19 30 41 43 63 66 70 82 89 95 97 108 121 123 136 140 152 180 0
-194 -180 -179 -153 -137 -120 -108 -99 -92 -53 -40 -26 -11 6 21 32 35 39 44 64 132 160 161 175 176 185 200 0
-191 -184 -177 -161 -156 -153 -152 -128 -124 -121 -112 -109 -101 -100 -78 -63 -57 -51 -48 -24 -16 -12 -11 5 21 27 36 37 52 53 55 76 85 86 88 92 117 148 155 167 170 175 185 197 0
-181 -180 -163 -151 -150 -148 -138 -113 -111 -110 -109 -105 -97 -95 -89 -85 -76 -65 -59 -55 -41 -36 -10 26 29 30 33 34 35 42 54 56 69 70 77 83 90 91 92 120 121 131 132 142 143 171 189 190 198 0
-154 -152 -138 -132 -112 -108 -103 -35 -19 -18 -3 4 17 22 27 57 58 83 97 116 128 133 139 145 163 170 183 187 193 0
-197 -192 -174 -173 -163 -144 -107 -100 -91 -89 -73 -70 -68 -65 -52 -43 -39 -30 -22 -21 -16 -14 -13 -10 -9 4 26 42 44 48 51 80 84 99 101 103 109 110 112 113 114 115 130 135 136 172 193 194 198 0
-124 57 181 0
-171 -169 -168 -166 -128 -126 -75 -51 -40 19 22 24 26 99 114 154 160 163 167 188 194 0
-180 -151 -149 -135 -121 -79 -77 -69 -49 -29 30 32 45 60 72 85 110 156 164 0
-192 -171 -167 -161 -158 -140 -111 -103 -96 -85 -65 -55 -51 -48 -45 -42 -35 -29 -26 -21 -20 -14 -5 9 37 38 44 59 60 64 66 67 73 84 86 94 95 119 139 142 147 155 168 179 183 189 0
-198 -155 -48 -24 -23 25 74 91 0
-200 -196 -187 -184 -170 -169 -146 -145 -135 -126 -120 -90 -89 -83 -69 -18 -11 -7 -3 2 13 24 28 36 42 75 77 81 106 115 142 157 172 0
-196 -174 -170 -149 -144 -106 -90 -72 -70 -59 -56 -54 -50 -28 -25 -24 61 91 113 121 123 190 0
-190 -181 -178 -168 -161 -158 -145 -137 -120 -117 -97 -96 -74 -58 -37 -35 -31 -17 -6 -5 16 27 53 62 69 91 106 114 132 143 149 153 156 167 185 194 0
-180 -118 -92 -91 -80 -75 3 7 14 37 46 68 83 84 95 102 137 168 0
