CNF 200 400
-180 -140 -131 -86 -85 -69 -46 -28 -11 26 36 78 90 123 133 182 0
-198 -189 -183 -182 -153 -146 -131 -123 -116 -81 -72 -57 -55 -43 -37 -3 13 15 20 21 27 29 30 41 42 49 50 66 67 69 83 88 89 93 94 108 109 111 135 139 140 156 158 188 197 199 0
-195 -186 -180 -175 -163 -150 -147 -130 -125 -122 -108 -86 -77 -60 -46 -43 -42 -31 -30 -23 -17 -11 7 16 27 37 52 54 62 85 104 112 114 129 133 137 168 169 179 190 0
-193 -186 -173 -156 -145 -143 -126 -120 -117 -107 -106 -100 -68 -67 -65 -48 -43 -33 -32 -15 -4 2 16 18 34 54 66 69 81 103 104 118 127 132 133 142 155 159 162 163 189 0
-192 -126 -107 -49 -11 -2 1 7 62 78 95 106 129 145 165 200 0
-175 -174 -170 -78 -64 -55 28 114 187 0
-196 -155 -128 -121 -107 -105 -58 -56 -32 -26 6 46 72 73 90 113 124 132 142 163 0
-195 -189 -182 -159 -71 -47 -46 43 44 62 89 97 103 105 107 116 139 141 164 193 196 0
-200 -195 -194 -185 -181 -180 -175 -174 -159 -150 -141 -140 -107 -104 -103 -97 -90 -81 -79 -68 -45 -37 -17 -15 -13 -1 2 12 22 40 52 66 70 76 95 110 116 118 127 136 145 151 163 173 176 188 0
-184 -117 -81 110 136 0
-193 -188 -183 -160 -154 -146 -137 -133 -126 -123 -113 -81 -23 -13 -12 -9 22 50 64 67 82 107 117 122 135 142 148 152 0
-190 -178 -155 -109 -92 -89 -85 -83 -79 -77 -76 -62 -54 -47 -43 -40 -38 -16 -10 -9 -4 5 18 23 31 46 87 95 96 101 103 106 108 119 133 137 145 159 182 184 0
-192 -166 -160 -111 -92 -89 -77 -48 -40 -15 -6 8 25 26 29 34 38 41 50 54 56 67 74 82 94 110 121 129 131 136 137 142 175 183 0
-171 -169 -81 -56 34 42 92 172 0
-175 -127 -120 -118 -107 -75 -11 -10 47 52 53 84 91 93 97 104 137 164 0
-176 -166 -149 -143 -130 -119 -105 -100 -79 -70 -67 -63 -58 -23 -6 17 32 36 43 61 66 76 80 93 103 117 121 145 151 164 197 0
-183 -180 -164 -146 -143 -123 -105 -102 -78 -53 -44 -37 -25 -16 7 10 12 35 39 46 54 61 98 107 150 167 0
-176 -166 -141 -137 -113 -110 -106 -103 -101 -90 -34 -12 -3 1 24 35 47 55 82 83 89 117 120 140 143 157 167 174 187 189 190 0
-195 -150 -132 -124 -104 -7 87 88 112 167 196 0
-199 -197 -153 -148 -87 -79 -74 -57 -18 19 36 78 90 91 98 99 108 113 132 173 180 182 191 0
-90 -76 95 120 175 0
-196 -186 -122 -102 -89 -67 -46 -43 -38 -36 -33 -28 40 50 64 81 82 85 107 125 149 167 175 193 0
-199 -170 -159 -137 -132 -119 -54 -51 -11 52 71 81 85 92 96 116 123 141 169 175 192 0
-195 -191 -188 -177 -176 -169 -159 -146 -144 -136 -131 -130 -102 -99 -83 -79 -74 -73 -60 -53 -50 -44 -7 -6 9 11 22 31 52 76 81 86 103 104 107 115 116 118 124 129 150 153 156 163 171 184 199 0
-196 -189 -180 -154 -137 -129 -93 -84 -80 -76 -69 -54 -51 -50 -44 -37 -33 -11 2 18 20 22 23 28 58 59 104 115 122 134 165 177 195 0
100 149 0
-197 -190 -187 -175 -174 -166 -144 -141 -133 -129 -104 -101 -97 -93 -89 -86 -63 -62 -61 -56 -51 -45 -41 -39 -10 -7 9 24 33 37 44 81 82 100 103 110 125 136 143 155 169 176 182 194 0
-166 -147 -93 -51 -13 -4 7 9 53 72 105 158 160 171 174 175 178 185 196 0
-179 -178 -170 -134 -74 -55 -40 -36 18 59 97 124 181 193 0
-157 -151 -103 -33 -29 -11 64 87 137 144 0
-191 -186 -176 -175 -165 -164 -154 -152 -135 -129 -122 -115 -103 -93 -73 -70 -68 -49 -31 -20 17 35 38 43 45 53 54 55 71 87 88 117 123 125 142 169 179 180 194 0
-119 -102 -42 64 83 114 120 171 0
-90 -20 71 162 184 0
-198 -181 -128 -124 -120 -109 -100 -95 -93 -92 -77 -76 -65 -60 -50 -31 -28 -10 -5 6 12 15 34 68 91 112 115 125 127 138 142 165 176 179 195 0
-196 -194 -156 -140 -119 -75 -68 -29 -20 -10 37 43 63 86 99 138 200 0
-152 -128 -126 -98 -52 -7 8 22 37 72 76 97 112 119 120 121 166 192 0
-196 -165 -150 -47 23 58 89 125 126 177 186 188 0
-200 -195 -174 -163 -158 -63 39 57 66 71 83 141 143 0
-103 32 0
-195 -193 -192 -188 -176 -172 -161 -157 -155 -154 -148 -138 -121 -117 -114 -101 -100 -91 -85 -80 -78 -74 -62 -54 -39 -36 -2 4 30 32 33 40 41 45 53 63 66 67 71 82 83 106 113 125 129 131 142 143 160 0
-200 -177 -167 -164 -145 -144 -142 -129 -117 -110 -104 -94 -80 -61 -51 -44 -20 3 9 11 23 34 49 58 60 69 71 81 84 86 92 109 114 116 135 136 139 146 153 162 165 173 187 196 199 0
-180 -166 -122 -98 -81 -77 -33 -10 -7 30 55 102 147 154 0
-199 -197 -194 -193 -187 -176 -169 -153 -123 -120 -98 -97 -90 -88 -84 -81 -58 -36 -35 -32 -30 -28 -5 -3 12 16 23 31 38 71 73 76 80 89 93 95 137 142 156 160 195 200 0
-180 -151 -133 -122 -113 -111 -107 -85 -74 -68 -32 52 83 97 137 139 177 179 198 0
-200 -194 -189 -180 -170 -152 -151 -146 -143 -131 -122 -121 -112 -94 -86 -80 -77 -58 -55 -48 -31 -28 -23 -18 -16 -13 6 15 39 72 84 87 100 107 110 123 124 128 130 137 177 179 191 0
-199 -171 -169 -168 -163 -154 -146 -144 -101 -98 -93 -88 -87 -55 -38 -22 -17 4 7 12 20 27 44 45 54 58 64 71 82 99 102 114 116 134 142 145 190 0
-173 -171 -131 -117 -89 49 86 154 155 159 0
-195 -185 -157 -141 -136 -132 -131 -121 -117 -109 -106 -101 -89 -74 -63 -59 -36 -18 -12 -10 13 22 27 28 64 82 110 116 122 127 134 142 147 158 169 186 199 0
-195 -171 -154 -138 -129 -127 -117 -101 -67 -57 -49 21 30 31 35 38 43 50 52 63 73 77 111 113 115 139 143 152 155 160 162 167 174 177 184 0
-192 -179 -168 -130 -126 -103 -93 -69 23 49 116 123 124 0
-188 -138 -135 -102 -69 -68 -62 36 46 115 167 193 0
-190 -188 -179 -177 -168 -165 -164 -154 -135 -113 -112 -110 -106 -100 -93 -92 -39 -24 -8 -4 14 23 45 48 55 59 60 78 83 87 89 104 158 161 169 187 191 0
-190 -186 -171 -160 -146 -118 -111 -110 -100 -86 -83 -76 -57 -49 -24 -17 -9 -3 -2 1 5 11 13 16 22 50 54 56 61 68 73 95 98 101 104 114 132 134 170 181 0
-97 99 125 167 0
-198 -166 -155 -102 -98 -84 -82 -63 -43 -30 -28 3 59 65 100 110 127 128 138 152 163 176 179 0
-195 -181 -150 -123 -62 -29 -23 30 39 41 48 50 53 61 66 86 87 94 103 117 126 131 135 137 144 145 163 167 175 178 182 193 0
-196 -191 -180 -166 -165 -159 -142 -132 -129 -114 -108 -103 -87 -75 -54 -49 -25 -13 -6 2 8 11 12 19 43 45 50 92 112 118 120 121 152 158 163 172 182 0
-187 -168 -149 -145 -89 -53 -49 20 32 34 37 66 108 120 129 182 186 0
-160 -129 -97 -93 -79 -76 -65 -51 -25 -24 -9 16 23 38 49 66 85 98 100 111 120 175 197 0
-170 -145 -116 -70 -12 63 72 82 154 191 0
-197 -194 -181 -138 -129 -92 -74 -20 -16 -14 147 152 157 158 160 168 0
-186 -30 26 182 0
-191 -178 -176 -175 -147 -144 -140 -131 -124 -123 -122 -121 -120 -104 -101 -97 -93 -91 -71 -52 -42 -38 -34 -23 -21 -15 -11 -1 10 14 19 24 27 33 45 81 105 107 109 112 115 117 129 135 138 163 170 186 0
-162 -129 -76 7 51 80 91 111 160 180 0
-52 12 133 151 190 0
-189 -177 -161 -141 -121 -109 -106 -101 -95 -72 -66 -50 -17 1 4 12 18 22 36 67 68 76 78 88 89 96 144 150 152 165 169 186 192 0
-187 -183 -181 -174 -167 -164 -162 -157 -143 -137 -119 -118 -82 -79 -53 -44 -30 -22 -18 -14 -12 1 47 49 57 63 76 121 152 171 173 189 192 0
-200 -193 -192 -191 -189 -165 -164 -163 -153 -151 -141 -134 -122 -77 -75 -73 -72 -69 -63 -52 -40 -38 -27 -8 -7 11 16 22 23 42 46 49 58 76 84 127 131 136 150 155 166 183 197 199 0
-197 -194 -168 -141 -136 -105 -95 -90 -89 -87 -61 -45 -27 -20 18 24 97 130 0
-133 87 94 153 157 0
-174 -171 -152 -149 -143 -125 -124 -122 -120 -91 -85 -79 -53 -42 -33 36 37 49 50 67 118 127 159 181 187 0
-185 -164 -110 -107 -87 -55 -44 -43 -29 5 39 128 169 172 0
-148 -138 -89 -79 51 95 0
-177 -174 -166 -125 -113 -98 -88 -24 -21 23 30 56 99 128 129 138 146 160 0
-181 -161 -160 -145 -126 -123 -116 -104 -98 -91 -89 -88 -87 -70 -65 -61 -53 -49 -47 -46 -45 -34 -28 -27 -24 -16 -15 17 25 26 29 30 43 59 94 128 150 151 156 163 164 171 173 185 187 194 197 0
-197 -196 -193 -189 -178 -170 -168 -164 -138 -125 -118 -98 -96 -93 -70 -64 -59 -55 -34 -19 -16 -12 -7 -3 31 50 58 72 79 89 104 109 117 128 132 136 139 145 149 154 158 162 166 167 172 173 185 186 0
-193 -186 -181 -167 -162 -156 -143 -135 -132 -129 -118 -110 -98 -93 -85 -77 -34 -30 -10 4 8 26 27 38 50 54 79 104 134 145 147 154 158 170 198 199 0
-199 -197 -175 -154 -152 -143 -112 -79 -39 -22 -14 -2 6 8 44 47 49 64 130 137 142 144 150 162 166 174 182 0
-196 -194 -172 -168 -124 -123 -105 -101 -82 -81 -16 3 42 61 73 88 91 111 135 159 164 167 182 0
-174 -171 -165 -163 -160 -159 -148 -137 -95 -93 -74 -53 -44 -42 -36 -24 -14 -12 5 7 11 15 17 23 63 66 84 99 102 104 110 120 124 133 139 142 185 188 191 0
-196 -193 -168 -144 -118 -117 -108 -59 -58 -33 -8 -7 -6 -2 16 19 22 23 50 63 76 77 82 98 100 102 103 124 156 177 0
-200 -173 -166 -146 -138 -135 -131 -125 -124 -123 -107 -103 -94 -85 -56 -38 -31 -14 -9 7 11 15 19 28 40 41 55 57 75 83 90 104 116 118 136 164 165 171 174 197 199 0
-200 -198 -191 -177 -172 -167 -157 -154 -145 -136 -135 -133 -109 -106 -101 -84 -79 -70 -68 -63 -52 -51 -50 -40 -38 -33 -32 -17 -6 9 10 67 71 75 88 89 99 105 118 125 134 0
-163 -127 -115 -97 -70 -63 -50 -40 -38 -23 -19 35 44 82 151 154 171 172 178 179 199 0
-199 -193 -175 -174 -158 -115 -79 -71 -67 -60 -34 -28 22 25 36 45 55 68 83 133 147 159 165 0
-166 -145 -142 -116 -84 -59 -24 38 102 103 185 0
-191 -187 -161 -152 -129 -116 -77 -59 12 23 42 46 73 92 94 99 100 119 122 131 141 145 163 164 172 195 198 0
-177 -170 -159 -144 -143 -141 -137 -122 -119 -89 -67 -55 -42 -37 6 12 20 61 62 92 103 106 163 183 0
-188 -183 -175 -170 -167 -164 -143 -138 -133 -127 -119 -104 -99 -92 -66 -49 -46 -35 -23 2 9 15 31 40 41 51 67 70 78 79 89 95 97 106 108 129 132 150 154 158 160 161 162 181 185 190 194 0
-192 -179 -171 -156 -155 -148 -139 -126 -116 -104 -98 -67 -66 -63 -56 -51 -48 -47 -39 -23 -14 -13 -12 -11 2 3 20 41 43 53 65 69 86 89 93 97 123 125 133 150 159 177 199 0
-194 -193 -187 -183 -124 -119 -115 -109 -102 -100 -90 -77 -47 -46 -38 -31 -20 -19 2 18 30 33 45 82 92 93 95 105 106 108 116 138 153 159 166 169 189 190 198 0
-198 -192 -178 -173 -160 -158 -152 -151 -145 -144 -135 -131 -129 -122 -118 -117 -100 -92 -90 -82 -80 -74 -52 -51 -48 -47 -32 -22 -21 -9 -6 14 15 37 46 50 54 64 86 95 96 103 106 126 140 174 181 194 197 199 0
-123 -104 -63 -59 -3 151 168 179 187 0
-197 -179 -165 -120 -96 -90 -78 -55 34 40 57 58 84 123 132 142 175 176 0
-170 -155 -144 -119 -92 -59 -47 -25 -9 44 67 78 87 98 123 133 140 154 172 196 0
-192 -186 -167 -159 -156 -139 -129 -117 -71 -16 -15 -10 30 37 157 158 179 0
-190 -179 -169 -152 -138 -133 -116 -100 -99 -91 -90 -51 -43 -41 -33 -22 -18 7 11 17 26 40 47 67 86 97 113 131 137 188 200 0
-189 -188 -179 -178 -176 -167 -145 -134 -112 -108 -79 -72 -41 -21 -14 -7 33 43 45 52 68 81 111 114 122 123 157 161 165 180 183 192 198 0
-185 -172 -134 -123 -115 -113 -53 -41 1 32 38 42 107 108 112 120 159 168 181 0
-199 -188 -171 -170 -169 -163 -142 -120 -112 -109 -102 -83 -73 -71 -68 -64 -63 -44 -40 -38 -33 -14 7 20 28 49 54 126 139 144 149 154 160 166 172 174 193 197 0
-81 -34 -32 -3 22 46 0
-180 -109 -92 -77 -60 -43 -28 -19 -2 58 68 95 156 163 0
-193 -189 -184 -168 -165 -163 -153 -144 -143 -139 -127 -123 -122 -117 -106 -101 -88 -84 -77 -68 -63 -54 -34 -27 -24 3 4 12 13 14 30 32 42 60 66 70 86 87 116 125 136 156 175 195 0
-20 10 25 34 39 56 88 102 169 186 197 0
-121 68 110 0
-190 -181 -173 -149 -141 -139 -125 -118 -114 -91 -66 -42 -20 1 9 10 60 87 96 112 142 150 152 158 159 162 165 171 182 200 0
-193 -176 -173 -162 -151 -136 -122 -99 -86 -84 -50 -48 -7 4 14 27 32 56 68 78 100 109 117 126 144 148 150 160 178 0
-195 -189 -174 -162 -152 -139 -135 -130 -127 -111 -108 -105 -98 -73 -70 -68 -61 -18 -12 -2 -1 11 19 24 46 71 82 88 124 126 138 142 147 148 166 183 0
-191 -186 -181 -150 -130 -128 -118 -116 -97 -91 -61 -45 -41 -25 -17 -4 6 21 33 54 57 63 79 92 126 141 145 147 148 153 162 167 174 175 180 0
-185 -184 -167 -123 -116 -112 -108 -104 -99 -85 -81 -76 -62 -61 -55 -53 -44 -40 -39 -31 -27 -20 -19 -18 -17 -12 -3 7 14 15 25 42 54 66 87 95 105 146 181 189 190 0
-154 -111 -88 -73 -64 -63 -46 -31 -5 20 39 47 83 89 90 118 120 128 133 134 149 156 159 195 0
-197 -193 -191 -179 -167 -162 -160 -153 -149 -126 -125 -124 -118 -116 -106 -92 -86 -82 -39 -35 -28 -17 -6 -5 18 26 29 43 44 58 59 61 62 66 70 73 75 77 80 81 97 100 102 132 148 168 187 188 190 200 0
-199 -198 -193 -184 -176 -174 -162 -156 -150 -120 -100 -86 -76 -70 -62 -44 -41 -6 49 58 68 72 81 88 96 105 113 129 130 144 154 160 164 192 0
-194 -191 -189 -171 -164 -112 -100 -80 -68 -48 -21 -14 6 29 50 90 94 142 157 161 173 0
-196 -190 -188 -185 -128 -115 -101 -92 -87 -82 -72 -70 -67 -43 -38 -17 -16 -8 26 54 66 91 97 106 109 142 145 171 173 183 199 0
-185 -134 -59 -52 -36 -31 35 65 160 0
-194 -103 -85 -54 -2 51 96 136 154 161 165 168 173 192 0
-167 -93 -78 -62 -40 -15 3 39 95 98 102 112 148 159 176 0
-196 -192 -184 -183 -145 -138 -133 -83 -50 -46 -39 4 20 26 90 99 110 120 126 139 149 190 0
-180 -177 -164 -144 -136 -127 -84 -32 -17 -8 -2 12 13 64 85 99 116 142 145 149 157 160 182 186 192 0
-189 -183 -176 -168 -158 -155 -151 -140 -119 -114 -110 -98 -85 -80 -66 -61 -60 -59 -31 -28 -24 -19 -1 5 9 11 14 21 40 45 67 70 75 102 117 145 163 164 165 174 187 192 200 0
-117 -96 -47 -38 -26 -12 34 65 113 147 164 199 0
-167 -162 -159 -157 -149 -139 -135 -116 -82 -71 -31 -24 -16 25 28 44 49 66 70 72 74 92 120 126 182 188 0
-185 -177 -174 -162 -138 -39 -35 -26 -24 -21 8 31 41 49 91 94 113 163 181 0
-195 -176 -160 -149 -74 14 39 60 90 103 145 197 0
-193 -179 -154 -152 -151 -145 -131 -127 -125 -124 -117 -107 -99 -89 -88 -86 -66 -62 -56 -55 -50 -47 -45 -30 -19 -16 -14 -11 -4 10 21 31 32 37 39 72 75 76 82 92 94 116 122 136 164 172 181 187 190 0
-180 -116 -100 -56 23 87 94 141 175 185 189 194 0
-187 -176 -164 -157 -100 -94 -91 -85 -68 -62 -50 -42 -41 -37 -36 -33 -21 -18 -15 -9 -7 -4 6 17 23 30 31 47 49 51 61 66 70 72 75 90 96 97 108 110 142 147 154 167 188 195 200 0
-187 -137 -132 -126 -98 -95 -88 -83 -74 -24 -10 -4 37 49 57 62 78 81 112 138 149 156 186 0
-151 -141 -90 -45 -31 23 64 121 153 0
-198 -191 -180 -165 -75 -38 -33 -23 -19 72 131 138 146 160 161 182 183 184 195 0
-63 0
-184 -182 -179 -178 -151 -145 -136 -119 -105 -97 -87 -79 -65 -40 -32 -31 -29 -16 -12 9 17 20 26 59 85 89 91 103 135 150 167 181 189 197 199 0
-200 -197 -191 -184 -174 -172 -164 -162 -130 -119 -93 -89 -87 -75 -67 -54 -50 -45 -27 -19 -8 -4 22 28 65 69 71 77 90 92 136 138 158 178 194 0
-190 -135 -106 -105 -90 5 14 99 112 115 119 127 143 175 179 185 0
-165 -164 -151 -31 -9 47 72 0
-179 -175 -151 -100 -24 -18 99 106 0
-195 -180 -159 -153 -146 -129 -123 -110 -97 -94 -90 -63 -61 -47 -31 -26 7 17 50 53 85 86 91 95 99 101 104 109 118 150 161 164 165 179 181 193 200 0
-199 -192 -187 -172 -165 -149 -113 -104 -102 -86 -9 3 50 97 105 108 109 119 123 130 135 157 162 186 190 0
-195 -193 -192 -190 -182 -153 -141 -139 -102 -87 -83 -67 -54 -39 -28 -26 -9 11 17 22 69 71 72 75 89 94 95 104 108 114 115 122 124 128 168 175 0
-190 -174 -150 -138 -118 -115 -82 -79 -60 -57 -32 -30 -25 -13 -5 12 31 40 44 47 49 74 76 95 105 106 107 114 122 123 126 133 139 147 158 159 166 171 187 0
-168 -157 -13 25 42 59 80 156 187 0
-197 -191 -181 -180 -175 -163 -160 -158 -139 -137 -128 -121 -115 -104 -94 -82 -61 -55 -45 -44 -39 -36 -35 -33 -30 -26 -24 -23 -14 -1 22 31 56 80 83 103 105 116 132 141 184 200 0
-190 -189 -172 -169 -165 -134 -124 -123 -115 -110 -97 -93 -91 -73 -59 -58 -53 -52 -47 -45 -37 -34 -22 -20 -16 -15 -8 12 21 23 29 31 82 84 90 101 104 107 112 116 128 136 157 167 186 192 200 0
-161 -72 100 123 129 0
-181 -179 -129 -128 -111 -109 -71 -63 -60 -58 -51 -49 -46 -41 -25 20 29 40 42 57 61 66 69 78 85 87 103 119 124 142 169 177 185 0
-193 -154 -151 -143 -140 -139 -129 -117 -110 -103 -98 -85 -83 -78 -67 -62 -49 -33 -30 -4 20 27 40 50 70 77 95 113 115 122 127 150 181 183 187 200 0
-197 -170 -136 -96 -94 -79 -77 -54 -29 -12 -4 1 3 9 32 45 52 60 90 106 123 139 142 147 149 156 159 169 183 0
-190 -124 -117 -108 -88 -82 -80 -64 -62 -57 -55 -46 -30 -12 -10 37 40 60 81 91 113 121 142 183 187 191 0
-190 -186 -177 -147 -124 -119 -100 -96 -92 -91 -75 -10 -4 12 63 79 103 104 150 155 163 0
-194 -192 -191 -155 -140 -126 -124 -115 -83 -61 -57 -50 -43 -28 -27 -21 -20 -4 6 7 10 13 17 42 88 110 112 127 131 159 180 185 187 189 197 0
-157 -114 -111 -94 -1 99 0
-190 -174 -165 -155 -150 -131 -122 -114 -101 -74 -52 -44 -31 -26 -14 -8 15 18 30 35 38 51 58 64 69 70 72 73 75 77 79 82 86 89 90 92 100 102 113 117 123 130 136 139 141 145 153 159 0
-200 -197 -159 -137 -115 -114 -111 -100 -96 -94 -78 -75 -70 -65 -50 -49 -13 -7 15 19 39 46 57 62 72 88 95 101 104 108 136 144 149 160 165 177 0
-188 -166 -153 -147 -139 -132 -128 -121 -115 -112 -110 -105 -95 -90 -77 -74 -68 -60 -56 -46 -39 -26 -14 15 16 21 28 40 72 92 106 107 109 124 130 143 145 156 157 164 167 174 193 198 0
-196 -153 -152 -143 -117 -113 -106 -98 -24 -20 33 45 48 56 104 110 144 157 187 0
-200 -198 -187 -170 -136 -132 -121 -98 -93 -84 -83 -78 -64 -51 -32 -20 29 42 48 58 66 81 112 126 128 135 145 146 149 0
-20 -9 19 40 86 172 0
-185 -172 -136 -114 -104 -101 -91 -72 -61 -58 -27 -11 -1 6 12 14 18 29 33 51 111 139 157 168 200 0
-164 -157 -152 -150 -148 -141 -138 -137 -116 -106 -100 -84 -66 -37 -30 -21 -9 -4 -2 7 10 16 28 42 49 55 57 69 72 73 88 97 108 115 120 143 171 177 178 180 185 0
-198 -185 -182 -168 -144 -142 -136 -131 -130 -123 -116 -97 -96 -77 -63 -55 -46 -40 -38 -31 -29 -25 -12 -8 5 28 37 47 49 66 95 99 100 109 112 114 117 121 122 128 135 143 147 149 169 171 186 193 0
-200 -195 -194 -192 -187 -163 -153 -147 -133 -132 -125 -119 -105 -99 -86 -69 -68 -66 -57 -22 -15 -8 -2 14 31 72 114 116 118 128 140 143 145 152 160 164 168 169 172 173 184 0
-92 12 97 117 0
-44 0
-196 -189 -172 -170 -167 -152 -150 -148 -147 -143 -127 -125 -118 -113 -106 -105 -101 -96 -87 -81 -79 -61 -37 -32 -27 4 29 45 50 52 65 75 77 85 98 114 130 138 139 145 155 156 174 179 183 184 187 190 192 194 0
-200 -196 -195 -193 -172 -161 -149 -146 -142 -139 -113 -100 -99 -85 -83 -65 -31 -29 -6 2 8 39 42 44 53 64 71 76 88 95 97 111 115 124 128 138 141 144 148 166 184 192 0
-172 -163 -159 -158 -157 -140 -126 -117 -114 -110 -106 -104 -103 -102 -52 -48 -47 -31 -9 4 25 35 39 50 58 61 65 79 90 150 151 162 193 194 0
-173 -171 -167 -158 -156 -155 -149 -146 -119 -110 -106 -104 -91 -86 -82 -78 -66 -56 -48 -45 -29 -22 -16 -3 1 17 49 57 65 67 87 93 103 109 113 115 118 130 135 136 160 172 179 180 182 193 195 196 200 0
-108 -100 -55 -50 -34 -21 -1 41 49 66 75 95 117 131 200 0
-158 -132 -101 -91 -74 -69 -30 -29 1 43 52 53 56 89 92 111 134 149 160 200 0
-190 -189 -188 -185 -181 -176 -173 -171 -150 -149 -130 -107 -100 -98 -78 -72 -65 -61 -49 -31 -30 -14 -13 -6 16 25 28 47 53 58 68 76 77 88 91 95 124 127 158 159 172 192 195 0
-198 -196 -194 -183 -180 -172 -145 -137 -120 -104 -101 -94 -76 -64 -43 -34 -26 -6 1 29 39 44 47 63 74 83 88 89 90 109 132 142 165 0
-189 -177 -162 -138 -122 -104 -93 -69 -64 -24 -10 36 66 76 83 88 101 110 155 159 167 171 182 0
-193 -176 -151 -114 -111 -107 -81 -80 -73 -68 -61 -60 -48 -42 -39 -10 43 46 87 128 134 139 145 162 177 190 0
-199 -186 -183 -168 -155 -139 -134 -126 -122 -121 -115 -113 -95 -91 -82 -81 -79 -78 -77 -68 -57 -41 -29 -19 -16 -6 -2 49 51 61 72 88 92 102 109 119 125 133 145 169 176 189 0
-184 115 0
-187 -184 -168 -163 -162 -157 -151 -150 -139 -136 -130 -127 -125 -113 -106 -105 -93 -89 -79 -72 -69 -66 -65 -37 -16 -14 -4 -3 1 2 13 17 22 24 30 41 54 62 70 73 75 78 121 140 144 145 148 169 193 200 0
-165 -142 44 62 87 0
-193 -181 -179 -176 -163 -153 -150 -146 -142 -141 -134 -132 -121 -83 -79 -51 -47 -45 -41 -39 -38 -37 -31 -27 -25 -9 11 23 46 56 59 69 93 101 106 108 114 131 133 139 149 158 182 188 197 0
-179 -173 -170 -164 -138 -137 -132 -127 -119 -117 -100 -99 -82 -73 -68 -39 -34 3 20 27 28 50 103 120 123 141 142 143 159 160 161 182 199 0
-181 -170 -149 -135 -124 -98 -60 -39 -37 -30 5 17 21 78 91 102 116 148 153 155 190 0
-193 -172 -109 -95 -72 -46 -39 -38 -27 -3 78 131 174 0
-166 -146 -133 -131 -128 -125 -69 -32 18 23 42 48 71 100 130 138 173 0
-189 -182 -154 -135 -86 -81 -72 -48 -25 -24 3 52 83 124 169 197 0
-184 -133 -113 -109 -108 -98 -94 -76 -43 -41 -18 15 16 17 19 20 36 82 101 103 107 110 114 121 145 146 156 171 191 0
-199 -192 -171 -169 -123 -93 -82 -62 -52 -47 -41 -19 -6 10 11 24 32 42 50 61 88 101 125 129 141 145 146 161 167 184 196 0
-195 -140 -6 5 42 55 63 94 154 0
-188 -166 -157 -132 -117 -115 -112 -110 -109 -104 -62 -48 -33 -27 8 9 61 85 87 95 98 114 124 168 172 179 182 189 190 194 200 0
-162 -157 -127 -77 -22 47 99 107 116 159 188 0
-117 -103 -90 -84 -65 -60 -52 -11 35 48 50 86 97 100 127 143 150 175 194 0
-198 -193 -190 -155 -154 -150 -146 -142 -135 -133 -118 -114 -110 -71 -23 -19 -10 9 22 31 44 53 58 73 78 79 81 82 96 98 124 126 129 130 141 152 174 182 0
-189 -146 -38 -10 0
-196 -179 -169 -141 -138 -109 -104 -102 -99 -78 -71 -61 -24 -19 -10 5 6 7 12 29 35 51 55 72 79 97 98 103 122 124 128 129 137 143 171 175 180 181 0
-180 -147 -146 -122 -120 -118 -117 -105 -101 -91 -84 -79 -78 -57 -30 -20 9 14 41 54 70 82 88 99 104 121 125 128 148 154 164 170 194 0
-120 143 0
-126 -27 0
-199 -198 -170 -169 -160 -158 -148 -128 -127 -120 -116 -113 -104 -98 -86 -68 -57 -53 -44 -34 -19 -17 -11 -7 -6 -1 5 21 25 46 51 64 83 91 100 107 108 110 112 141 150 153 159 179 188 195 196 0
-199 -183 -176 -174 -172 -136 -133 -127 -110 -108 -102 -99 -81 -77 -66 -10 -9 -8 1 4 5 20 24 27 28 36 41 47 57 67 78 92 93 104 109 124 125 143 150 151 153 162 175 180 187 192 197 200 0
-182 -174 -157 -139 -127 -125 -116 -114 -105 -97 -85 -78 -77 -51 -47 -22 -17 -9 1 11 12 52 54 58 63 65 72 76 91 117 128 171 199 0
-193 -186 -168 -162 -158 -120 -88 -83 -61 -60 -41 -11 42 62 72 78 109 113 124 132 154 174 190 200 0
-53 155 0
-137 -126 -99 -91 -81 -67 -30 -21 12 79 85 90 106 142 158 187 0
-180 -163 -157 -113 -106 -100 -83 -63 -30 -10 13 20 21 22 54 95 128 133 154 156 165 184 195 0
-195 -73 -66 141 0
-196 -185 -181 -165 -161 -156 -155 -145 -144 -117 -99 -76 -43 -42 -14 26 68 82 116 118 131 162 177 179 195 0
-163 -58 -25 -14 56 77 92 114 183 0
-187 -183 -168 -157 -153 -145 -142 -119 -84 -73 -24 -8 1 6 17 22 31 45 49 60 96 125 130 144 170 188 0
-193 -189 -187 -181 -177 -174 -168 -142 -127 -117 -108 -106 -102 -96 -58 -57 -45 -30 -27 -21 -1 26 38 43 50 60 61 70 86 92 97 116 126 131 144 148 157 166 167 182 183 0
-99 -78 -64 -41 -14 44 45 157 168 177 186 0
-183 -112 -90 -84 -72 -66 -45 -22 -20 -18 2 34 48 50 63 80 142 167 0
-115 -92 -50 -33 -28 -24 -7 11 74 77 164 0
-192 -189 -188 -167 -162 -158 -156 -151 -145 -132 -122 -98 -91 -84 -82 -69 -68 -39 -33 -30 -25 16 22 26 31 41 48 50 51 62 65 71 78 81 92 99 101 103 106 110 114 117 134 135 159 160 163 175 179 199 0
-188 -179 -137 -118 -103 -89 -88 -80 -73 -68 -48 -43 -21 -14 -3 2 12 18 27 36 41 60 62 74 95 143 147 148 151 171 177 178 0
-156 -138 -86 -82 -78 -72 -37 52 65 81 119 147 182 0
-174 -153 -152 -130 -120 -114 -96 -95 -92 -58 -38 -29 -24 -21 -7 4 6 22 25 34 67 75 88 111 118 151 157 160 167 191 197 0
-174 -172 -159 -139 -95 -68 22 32 48 61 84 90 0
-196 -133 -131 -107 -86 -54 -48 -37 -17 -4 22 33 38 40 70 80 121 144 154 158 169 170 191 0
-181 11 0
-144 -117 -5 17 18 27 156 184 0
-188 -82 -32 141 161 0
-200 -197 -169 -152 -116 -102 -78 -76 -32 -23 -22 28 54 181 186 195 0
-197 -188 -185 -183 -178 -176 -168 -158 -138 -136 -130 -125 -117 -116 -113 -104 -89 -56 -40 -26 -24 -14 38 41 63 66 71 91 114 123 124 155 163 186 191 0
-184 -164 -142 -137 -135 -127 -122 -115 -97 -83 -68 -55 -40 -19 -12 4 6 13 33 39 54 58 64 70 75 79 100 108 147 153 162 181 191 200 0
-188 -184 -182 -169 -168 -110 -104 -88 -75 -62 -25 -17 -12 -3 15 18 21 29 40 42 45 53 58 85 93 125 131 138 161 170 171 174 186 191 195 200 0
-176 -135 -122 -121 -111 -94 -92 -62 -6 -4 5 19 21 31 58 77 106 123 138 151 168 169 170 173 184 0
-197 -196 -189 -188 -186 -173 -172 -161 -141 -140 -121 -115 -106 -96 -95 -94 -93 -88 -79 -78 -73 -69 -67 -63 -62 -20 4 16 18 23 25 76 89 98 108 109 112 113 118 128 130 139 152 158 168 171 174 185 193 198 0
-194 -185 -182 -178 -177 -165 -153 -141 -135 -128 -119 -115 -113 -109 -107 -104 -93 -88 -79 -63 -52 -41 -33 -21 -19 -5 1 9 26 27 32 56 60 68 71 92 108 110 126 160 162 167 180 186 200 0
-196 -190 -116 -114 -57 -49 45 73 178 0
-92 56 136 0
-196 -176 -167 -165 -154 -141 -115 -107 -84 -78 -71 -61 -56 -42 -30 -18 32 36 46 105 113 114 125 127 148 152 153 184 190 191 0
38 0
-197 -195 -194 -193 -186 -176 -166 -164 -157 -146 -140 -134 -116 -111 -108 -105 -86 -73 -71 -67 -64 -61 -56 -51 -44 -29 -3 23 30 33 49 72 81 89 95 104 109 131 142 152 156 163 165 173 187 198 0
-189 -162 -143 -137 -130 -125 -95 -79 -56 -45 -36 -20 -12 -5 4 10 27 51 60 69 71 115 117 131 159 167 169 171 187 194 0
-81 -13 63 71 118 126 158 171 195 0
-197 -188 -178 -176 -172 -167 -166 -154 -151 -150 -149 -134 -109 -102 -99 -98 -63 -58 -56 -47 -41 -33 -32 -31 -30 -21 -16 -10 -7 6 9 13 17 18 22 46 65 72 75 107 114 119 132 138 157 164 170 189 199 0
-200 -190 -176 -175 -172 -170 -165 -157 -141 -133 -130 -124 -121 -109 -105 -93 -77 -75 -74 -55 -50 -45 -32 -27 -16 -4 8 9 15 18 26 39 41 57 61 73 80 98 106 112 120 135 138 139 140 143 154 171 178 180 0
-200 -196 -190 -165 -137 -122 -111 -79 -58 -53 -50 -41 -34 -30 -21 -10 -4 6 28 66 67 72 73 77 89 95 104 114 116 124 127 147 149 155 168 170 191 199 0
-177 -172 -161 -160 -156 -136 -126 -122 -121 -119 -110 -107 -100 -91 -83 -73 -60 -42 -21 -2 1 8 9 14 15 38 44 67 69 71 96 102 108 113 129 163 168 171 183 191 195 0
-59 -38 15 97 151 153 170 200 0
-196 -176 -175 -154 -128 -103 -102 -90 -80 -79 -46 16 36 43 100 110 112 116 158 166 181 195 199 200 0
-184 -166 -149 -132 -131 -99 -91 -85 -82 -64 -40 -23 -17 -16 2 22 27 53 65 68 73 147 181 0
-197 -194 -190 -188 -187 -186 -174 -167 -166 -160 -148 -138 -136 -125 -107 -98 -95 -91 -74 -73 -72 -64 -53 -46 -45 -31 -22 -20 24 29 71 103 105 109 128 150 151 155 162 0
-198 -180 -175 -163 -162 -158 -124 -98 -97 -96 -95 -86 -85 -82 -71 -48 -20 -11 32 40 41 57 61 67 74 92 107 111 135 155 194 197 200 0
-196 -192 -184 -165 -139 -124 -123 -120 -117 -112 -92 -90 -87 -80 -71 -58 -46 -39 -28 -17 -1 3 7 14 26 31 35 36 48 53 57 67 73 76 77 96 98 114 121 137 154 155 156 177 180 0
-198 -191 -186 -175 -172 -163 -151 -141 -131 -124 -99 -98 -94 -63 -62 -54 -51 -50 -46 -33 -31 -12 -8 -4 23 26 27 43 53 71 76 77 100 125 127 150 153 156 169 176 178 194 0
-114 -105 -13 79 179 0
-199 -185 -163 -159 -154 -147 -137 -132 -128 -125 -109 -106 -100 -95 -57 -43 -20 12 16 17 26 28 32 33 41 50 56 65 67 68 69 73 83 103 113 121 130 134 141 152 166 181 183 200 0
-192 -152 -147 -135 -101 -89 -83 -64 -16 -2 92 108 110 139 166 167 174 180 0
-198 -186 -177 -159 -145 -139 -52 -47 -19 39 41 119 166 0
-185 -173 -161 -149 -122 -117 -115 -96 -88 -76 -75 -54 -53 -43 -41 -36 -19 6 32 45 49 68 70 86 89 90 106 110 144 160 163 181 183 184 186 190 0
-199 -187 -177 -174 -172 -167 -161 -155 -149 -142 -134 -122 -116 -114 -97 -75 -71 -67 -48 -41 -21 -16 -12 -11 -10 -3 1 18 25 33 35 61 81 86 91 112 126 130 131 151 158 160 162 169 186 193 194 0
-166 -164 -146 -121 -107 -105 -82 -31 1 25 42 67 80 94 97 108 116 118 135 139 149 195 197 0
-173 -139 45 71 87 112 193 0
-197 -185 -184 -161 -151 -138 -133 -129 -122 -118 -116 -113 -110 -108 -96 -94 -60 -58 -52 -50 -43 -41 -39 -36 -16 -2 20 28 83 127 128 132 135 148 153 194 0
-196 -189 -184 -171 -170 -161 -149 -142 -137 -96 -80 -72 -63 -60 -52 -42 -27 -25 -16 -13 -12 2 6 15 33 35 41 66 77 86 95 98 111 119 121 122 152 187 0
-148 -136 -32 -17 -15 3 8 36 78 92 100 0
-200 -189 -180 -153 -141 -128 -121 -118 -90 -75 -59 -48 -47 -29 -20 -7 13 16 18 22 25 27 33 38 44 45 50 62 63 64 66 80 81 93 97 98 107 119 127 140 145 155 169 171 0
-188 -185 -175 -168 -166 -163 -160 -154 -152 -144 -136 -122 -120 -116 -106 -100 -81 -79 -60 -44 -19 -9 8 29 42 45 52 61 65 78 85 98 110 118 130 132 133 143 158 164 176 186 187 193 199 0
-134 -92 -18 57 0
-195 -191 -164 -151 -129 -94 -93 -64 -57 -39 -38 -37 -11 -10 -9 12 30 70 95 97 102 113 114 119 137 141 167 180 200 0
26 0
-164 -109 -106 -57 -22 -16 50 0
-200 -195 -171 -157 -150 -109 -107 -92 -84 -73 -66 -41 -2 52 74 188 0
-131 -119 -117 -116 -103 -86 -75 -73 -60 -49 -36 -4 8 13 25 42 43 62 64 79 80 108 112 129 133 146 156 157 180 197 199 0
-197 -195 -177 -175 -174 -172 -162 -160 -137 -127 -105 -83 -51 -44 -33 -29 -12 -11 -10 -5 -2 1 15 36 40 47 55 62 68 71 73 79 88 90 97 98 106 108 123 131 136 140 149 151 169 178 183 193 199 0
-185 -166 -160 -151 -147 -145 -138 -103 -94 -90 -44 -31 -23 -15 -7 -1 16 32 37 50 55 57 62 66 74 75 78 82 104 110 115 118 120 144 176 194 0
-185 -168 -108 -94 -72 -65 -60 -33 -29 -6 13 30 45 49 50 71 83 84 85 111 122 194 0
-200 -196 -193 -140 -113 -99 -95 -84 -79 -71 -64 -59 -39 4 5 8 15 55 75 96 101 125 143 153 156 157 161 163 164 166 167 168 178 0
-185 -184 -143 -130 -112 -99 -97 -74 -71 -52 -22 -17 -13 -8 16 20 21 28 38 46 85 89 110 115 126 134 144 150 163 187 0
-101 -96 -90 -85 -75 -58 -22 -17 -13 -10 39 116 131 146 158 171 193 0
-195 -191 -189 -166 -159 -142 -139 -134 -127 -108 -107 -106 -101 -98 -95 -73 -71 -68 -66 -63 -47 -46 3 13 17 44 51 83 151 157 158 184 0
-195 -185 -143 -129 -105 -84 3 0
-157 -118 -101 -96 -53 -39 -32 -19 -4 17 24 29 36 55 73 107 109 125 137 138 140 149 156 162 163 174 183 194 0
-195 -178 -174 -162 -151 -140 -136 -106 -98 -82 -79 -77 -60 -53 -50 -45 -42 -18 -17 -11 29 41 68 70 91 93 96 102 118 120 132 137 138 141 143 146 147 149 150 169 170 173 177 189 192 0
-181 -168 -126 -104 -68 -65 -42 -39 -20 13 14 45 47 77 145 0
-169 -153 -116 -114 -43 -36 30 0
-179 -177 -169 -159 -155 -136 -130 -125 -120 -104 -100 -89 -66 -62 -60 -39 -8 -1 3 7 9 16 17 19 23 30 34 36 41 53 56 70 79 86 87 90 112 135 142 145 148 184 185 0
-184 -153 -150 -145 -143 -125 -122 -93 -77 -68 -60 -57 -52 -49 -48 -43 -30 3 7 11 14 41 80 131 139 144 152 160 163 172 200 0
-188 -164 -148 -146 -136 -130 -129 -124 -120 -98 -93 -69 -40 -28 -24 -23 -18 -17 -13 -6 -4 33 45 46 65 77 81 100 115 137 142 158 160 168 178 181 186 0
-194 -168 -160 -148 -137 -130 -113 -96 -95 -91 -85 -82 -57 -47 -45 -43 -33 -15 18 28 51 52 70 100 119 149 162 176 0
-194 -172 -161 -158 -126 -124 -112 -98 -74 -60 -51 -49 -46 -37 -35 -5 7 17 24 26 44 58 59 61 69 70 72 114 115 116 118 135 136 146 151 157 189 197 0
-181 -166 -160 -47 -41 -17 34 75 138 142 174 179 184 0
-109 -97 -63 -40 -30 -20 -18 -16 33 80 87 90 95 147 149 155 181 0
-189 -154 -139 -113 -109 -57 -44 -43 -11 -4 13 59 87 107 115 173 174 182 191 192 0
-177 -167 -150 -144 -139 -133 -131 -119 -109 -100 -98 -89 -81 -79 -76 -67 -54 -42 -32 -26 -25 -16 5 15 33 36 52 75 80 87 90 92 93 101 103 116 130 160 172 180 0
-165 -154 -117 -57 -19 -9 2 34 188 0
-188 -183 -178 -159 -132 -120 -51 -41 -38 -32 1 5 13 114 151 186 0
-198 -196 -79 -45 -30 19 0
-160 -142 -115 17 75 138 143 0
-198 -194 -190 -144 -98 -76 -70 -9 10 11 21 36 41 50 53 69 75 79 105 133 142 146 147 177 180 0
-188 -173 -172 -165 -156 -136 -131 -130 -129 -120 -100 -74 -55 -49 -40 25 32 48 52 53 94 118 133 137 147 150 169 170 198 200 0
-169 -155 -128 -92 -90 -80 -48 -27 -16 10 34 37 112 122 146 153 159 193 0
-191 -184 -182 -181 -173 -150 -145 -142 -137 -102 -92 -81 -68 -42 -27 -17 -10 -1 50 52 59 99 108 109 120 139 162 170 176 186 192 0
-194 -173 -170 -169 -163 -159 -158 -156 -155 -152 -144 -123 -118 -117 -115 -112 -110 -108 -95 -76 -73 -59 -51 -47 -45 -38 -32 -24 -19 2 3 6 23 35 40 52 66 77 94 97 102 133 134 141 146 161 172 190 192 197 0
-200 -180 -46 -38 7 26 55 185 198 0
-182 -177 -166 -154 -132 -115 -109 -105 -99 -92 -68 -54 -33 -32 -30 -28 -21 -19 -16 -12 15 17 45 60 71 78 93 96 106 116 118 122 135 146 157 180 0
-193 -188 -162 -156 -155 -146 -144 -141 -139 -104 -97 -95 -88 -87 -68 -61 -40 -38 -37 -21 -11 -10 -6 -2 -1 8 9 16 23 39 42 49 59 65 69 73 81 93 102 106 125 131 137 147 179 185 197 0
17 23 98 187 0
-84 -39 49 81 128 138 172 0
-190 -173 -168 -161 -144 -139 -137 -122 -121 -116 -110 -97 -68 -57 -44 -35 -32 -28 -24 -23 -22 2 14 20 42 73 80 86 89 90 98 123 125 135 138 147 151 154 157 163 175 177 183 184 188 196 0
-193 -186 -164 -155 -146 -144 -120 -91 -87 -86 -59 -58 -52 -32 -31 -30 4 20 29 34 44 53 72 93 98 111 113 116 121 129 142 162 0
-199 -188 -174 -171 -168 -156 -155 -154 -136 -135 -128 -119 -117 -103 -98 -74 -71 -65 -60 -52 -43 -35 -23 -21 -9 -6 -1 2 5 11 38 45 46 48 96 104 110 120 126 130 131 166 175 178 179 181 195 196 0
-200 -194 -190 -183 -181 -174 -170 -163 -162 -160 -156 -152 -143 -129 -125 -124 -119 -113 -107 -106 -93 -78 -39 -32 -30 -6 9 10 15 20 31 38 45 65 72 79 86 89 96 130 139 140 147 153 159 164 166 188 193 0
-195 -190 -183 -176 -172 -165 -154 -142 -116 -98 -82 -72 -65 -60 -57 -48 -46 -32 -25 -11 -10 -8 22 26 36 37 38 42 68 80 97 102 106 110 118 128 139 145 148 159 161 164 167 173 184 185 197 199 0
-183 -171 -150 -128 -123 -118 -107 -74 -72 -68 -28 48 49 55 83 87 109 112 113 114 115 116 127 140 154 155 156 190 198 0
-176 -175 -169 -167 -166 -165 -152 -150 -124 -123 -119 -109 -102 -100 -90 -69 -65 -62 -53 -52 -48 -29 -25 9 28 37 40 46 54 63 64 66 82 83 113 114 117 122 134 140 164 179 186 188 0
-196 -157 -120 -112 -90 -89 -88 11 30 37 59 76 78 96 104 107 134 181 0
-187 -182 -179 -171 -167 -158 -149 -137 -130 -128 -108 -99 -95 -90 -88 -87 -83 -81 -74 -61 -57 -51 -37 -10 -9 28 32 35 43 44 52 62 73 75 76 77 105 109 115 116 119 120 123 153 155 170 181 184 193 194 0
-193 -80 -77 -64 -50 22 42 47 59 73 93 114 148 0
-193 -186 -167 -162 -133 -122 -112 -107 -101 -96 -88 -68 -64 -53 -48 -28 -21 -15 18 20 74 98 100 104 111 120 147 152 155 156 165 183 0
-197 -171 -168 -165 -163 -161 -157 -155 -143 -142 -137 -134 -124 -121 -108 -104 -100 -70 -45 -42 -40 -35 -32 -23 -18 -10 6 14 20 49 57 58 62 63 84 98 102 110 118 146 147 151 175 192 193 0
-190 -177 6 27 87 91 154 0
-166 -122 -114 -24 -18 -14 30 52 53 56 76 0
-200 -195 -184 -176 -175 -173 -161 -159 -158 -151 -139 -130 -117 -113 -101 -94 -68 -67 -62 -54 -51 -32 -27 -23 -15 7 18 19 20 26 33 34 61 63 84 91 108 136 140 141 152 155 157 162 163 180 196 0
-199 -183 -144 -89 -14 114 122 137 159 0
-182 -175 -166 -160 -152 -138 -134 -119 -76 -75 -74 -57 -49 -31 -30 -19 -14 3 17 22 38 40 48 108 121 148 169 181 186 193 0
-181 -136 -104 -81 -79 -55 -54 -22 -4 38 56 121 139 188 0
-183 -176 -135 -116 -112 -101 -74 -62 -57 -48 -11 -2 -1 19 22 34 40 56 60 76 90 118 121 130 158 196 0
-193 -191 -187 -185 -174 -171 -141 -136 -115 -111 -106 -105 -93 -88 -83 -76 -65 -58 -46 -45 -35 -34 -29 -26 -25 -17 -13 -7 22 27 44 49 53 54 60 61 68 81 90 95 120 142 150 154 161 167 178 188 0
-151 -46 -43 -39 -38 -16 4 8 50 91 111 144 153 155 160 0
108 124 180 0
-198 -193 -191 -184 -177 -165 -162 -154 -150 -136 -121 -115 -112 -93 -77 -69 -67 -60 -56 -52 -43 -16 -5 19 58 82 117 126 139 158 161 172 176 187 0
-173 -165 -162 -141 -134 -127 -126 -110 -91 -83 -80 -74 -66 -64 -54 -47 -44 -43 -36 -31 3 19 23 39 70 73 82 96 102 105 109 112 128 145 159 161 168 169 175 184 0
-188 -142 -138 -114 -103 -73 -56 -28 -8 -6 3 18 41 60 81 144 157 198 0
-199 -186 -181 -150 -147 -143 -139 -106 -103 -97 -90 -86 -84 -80 -53 -48 -43 -42 -38 -37 -25 -19 -18 -12 -6 1 4 11 15 35 59 61 65 66 76 104 113 121 128 141 146 151 157 161 164 167 170 179 182 196 0
-198 -173 -164 -161 -160 -152 -150 -138 -107 -101 -96 -91 -76 -64 -58 -55 -54 -47 -42 -32 -26 -17 -1 5 6 22 29 31 34 43 59 99 105 109 116 130 133 134 139 143 144 154 156 159 167 168 177 181 200 0
-79 -72 -12 -9 -3 18 59 73 121 140 0
-194 -187 -180 -179 -142 -133 -120 -110 -105 -63 -59 -37 -23 1 31 45 56 77 80 88 96 97 99 114 200 0
-193 -181 -180 -160 -150 -142 -96 -91 -86 -52 -48 -40 -1 5 6 14 38 67 80 133 134 182 0
-197 -194 -163 10 36 49 95 102 138 150 151 169 0
-199 -192 -183 -182 -180 -147 -138 -132 -88 -55 -46 -39 -31 -24 -20 -17 -16 2 6 33 38 54 72 81 87 90 100 127 128 166 171 178 0
-199 -178 -177 -173 -167 -163 -162 -160 -152 -129 -116 -101 -99 -97 -90 -87 -73 -71 -65 -59 -56 -48 -47 -45 -42 -16 2 6 12 29 57 66 67 69 70 80 94 96 106 150 159 200 0
-199 -183 -165 -149 -135 -132 -100 -94 -45 -21 6 19 43 44 59 65 87 145 0
-187 -173 -163 -130 -128 -107 -98 -88 -86 -81 -73 -72 -69 -61 -55 -54 -53 -47 -38 -34 -24 -12 -4 -3 20 22 39 41 56 71 92 103 113 133 155 165 182 185 0
-180 -174 -168 -164 -142 -126 -125 -94 -80 -79 -76 -63 -56 -51 -41 -15 -14 -6 -4 1 22 34 37 49 52 58 61 74 97 121 134 151 165 167 171 185 190 196 0
-188 -178 -149 -147 -141 -137 -133 -127 -114 -89 -85 -82 -75 -70 -13 -2 6 14 16 19 29 43 51 84 106 107 113 125 134 139 145 150 156 175 180 0
-191 -186 -153 -149 -132 -107 -68 -58 -57 -3 -1 43 45 46 81 117 178 200 0
-198 -193 -165 -137 -128 -99 -87 -77 -60 -48 -41 -40 -35 -18 -15 13 34 36 38 43 45 69 71 85 89 92 122 126 136 139 144 146 150 154 155 157 159 170 181 192 197 199 0
-200 -178 -132 -126 -125 -121 -110 -98 -93 -86 -74 -66 -47 -40 -33 -31 -19 -16 -9 -2 42 53 58 70 83 92 100 108 122 127 135 136 146 153 166 172 174 188 190 191 0
-175 -165 -157 -129 -111 -73 -57 -35 -21 29 38 68 72 94 110 114 125 132 159 0
-193 -151 -139 -133 -126 -94 -93 -89 -88 -84 -80 -71 -67 -56 -53 -47 -41 -2 -1 12 14 16 52 57 59 62 72 79 90 104 106 116 118 158 178 183 0
-198 -187 -178 -168 -165 -161 -156 -155 -153 -130 -121 -95 -93 -90 -87 -81 -80 -71 -59 -58 -50 -31 -5 8 12 14 22 23 34 35 45 69 98 118 158 173 184 189 0
-198 -190 -175 -159 -157 -147 -138 -131 -116 -111 -106 -102 -83 -80 -77 -52 -51 -47 -26 -25 -15 -7 5 20 24 27 44 55 59 76 141 143 149 152 162 0
-167 -161 -138 -133 -128 -116 -114 -110 -103 -98 -80 -73 -61 -54 -47 -37 -22 -17 -2 10 15 27 34 42 56 93 97 101 119 122 126 137 148 152 153 162 163 171 175 176 189 197 0
-193 -175 -168 -166 -165 -137 -126 -113 -103 -102 -84 -68 -62 -42 -21 -16 -10 -5 8 9 14 26 29 33 59 77 78 99 108 124 141 148 161 186 187 0
-199 -194 -188 -180 -174 -173 -112 -64 -62 -56 -46 -36 -25 2 5 9 26 31 48 57 69 74 116 122 152 159 160 183 185 0
-194 -185 -184 -181 -179 -176 -159 -142 -140 -139 -107 -99 -79 -72 -65 -30 -4 10 11 17 31 34 42 45 46 47 63 64 71 75 82 91 93 95 98 105 117 119 121 123 134 137 143 146 154 163 182 188 193 200 0
-193 -186 -174 -173 -150 -149 -123 -116 -94 -80 -72 -61 -58 -47 -40 -24 -7 -2 9 17 21 33 36 42 59 63 78 79 86 88 107 108 109 112 120 124 132 133 146 163 0
-163 -127 -125 -107 19 48 0
-189 -169 -162 -147 -126 -106 -97 -95 -67 -66 -50 -38 -37 -33 -20 -12 6 9 21 24 29 35 45 70 81 84 94 99 100 131 135 137 138 144 157 172 191 0
113 0
-198 -185 -146 -133 -128 -109 -105 -92 -61 -57 -31 -25 -23 18 21 26 27 38 54 62 70 74 76 77 79 85 98 135 145 174 196 0
-196 -182 -156 -155 -145 -131 -117 -103 -95 -85 -61 -22 -11 -9 7 19 26 39 45 71 76 92 97 101 121 141 143 146 165 185 200 0
-187 -110 -79 -46 -44 -38 -34 -26 -23 -8 -1 2 14 17 22 35 53 85 94 100 125 127 141 169 178 182 0
-198 -187 -179 -166 -162 -156 -135 -131 -129 -123 -88 -69 -60 -59 -58 -44 -33 -29 -25 -19 -15 -11 4 7 47 50 57 61 77 82 107 108 110 120 126 130 138 142 157 169 186 190 0
-199 -172 -162 -161 -152 -95 -79 -26 -21 -16 8 91 102 118 119 154 0
-178 -152 -135 -134 -128 -120 -119 -90 -72 -62 -56 -55 -32 -18 -2 14 17 36 37 44 63 84 92 103 107 113 127 129 145 147 150 153 161 163 182 190 0
-190 -180 -169 -157 -152 -148 -145 -137 -121 -119 -75 -59 -56 -42 -33 -20 -18 2 6 10 14 21 27 43 48 51 63 66 68 102 107 112 120 122 124 130 133 153 154 158 161 183 184 186 191 192 200 0
-199 -192 -188 -186 -162 -154 -144 -124 -111 -100 -64 -59 -53 -45 -43 -13 -2 10 57 115 133 138 140 150 193 0
-75 -73 -48 -30 -2 81 121 158 162 170 194 0
-186 -149 -146 -145 -141 -139 -126 -72 -67 -62 -30 -13 106 109 112 177 196 200 0
-89 -87 -78 -57 -16 -12 113 138 195 0
-177 -113 -111 -97 -96 -42 -40 -12 30 43 44 79 88 100 123 127 190 0
-164 -155 -147 -146 -142 -81 -76 -74 -71 -60 -57 -52 -36 -35 -31 -15 -13 -8 7 17 20 51 54 69 73 80 96 103 107 111 120 130 143 156 194 0
-183 -181 -180 -177 -157 -142 -130 -106 -98 -72 -45 -38 -36 -35 -34 -27 -21 -17 -6 -2 18 19 30 31 50 57 79 113 124 128 134 141 148 162 187 192 196 0
-196 -168 -163 -156 -149 -137 -131 -119 -108 -100 -80 -78 -66 -62 -55 -46 -25 -21 -20 -2 4 13 15 22 45 49 56 57 58 60 82 96 99 104 115 140 150 157 158 199 0
-199 -184 -174 -172 -168 -158 -155 -123 -99 -97 -86 -80 -73 -71 -58 -52 -42 -40 -12 -11 -2 7 41 44 50 51 55 57 76 77 93 100 101 103 104 108 116 119 131 136 142 148 151 157 159 162 169 176 187 0
-146 -145 -143 -140 -75 -42 52 82 193 0
-26 0
-194 -178 -155 -137 -82 59 90 123 133 162 171 181 0
-197 -196 -176 -97 -91 -57 -23 -20 -19 7 51 56 62 81 86 102 115 141 166 174 193 0
-192 -160 -152 -140 -129 -95 -82 -72 -62 -35 -19 -6 13 37 46 59 69 90 127 128 133 136 138 151 167 175 195 196 0
-196 -187 -181 -179 -119 -116 -112 -107 -83 -76 -72 -70 -44 -38 -32 -16 -12 -7 33 34 35 45 46 60 66 67 78 108 138 139 180 194 0
-195 -194 -188 -168 -160 -156 -143 -128 -120 -102 -95 -70 -63 -57 -53 -44 -39 -36 -34 -32 -12 -6 -5 9 10 20 22 27 60 66 72 89 113 121 134 135 138 145 148 151 171 173 182 189 191 199 0
-192 -178 -172 -127 -99 -30 -2 11 16 26 31 54 57 110 111 117 118 163 0
-189 -184 -177 -167 -162 -158 -151 -125 -122 -118 -87 -74 -66 -53 -52 -27 -23 -15 -11 -10 -9 3 8 21 63 79 80 82 86 91 97 101 103 106 111 127 131 145 161 169 176 180 182 192 194 196 0
-196 -188 -186 -183 -172 -167 -166 -142 -136 -121 -84 -81 -66 -64 -60 -50 -48 -45 -31 -21 -17 10 19 24 29 47 52 54 73 78 100 108 113 123 137 144 151 152 154 155 160 165 168 177 189 0
-149 -83 -75 7 12 20 35 59 74 78 79 102 118 123 127 0
-161 -134 -132 -81 -72 -68 -56 -48 -27 -2 -1 3 12 44 59 78 97 111 115 142 149 176 177 181 0
-168 -162 -160 -124 -121 -112 -42 -37 -35 -32 -30 -21 6 19 25 41 132 153 156 197 198 0
-186 -177 -169 -141 -131 -125 -119 -114 -110 -101 -97 -93 -79 -72 -67 -3 46 50 71 113 123 124 137 144 147 153 159 173 176 190 192 0
-199 -187 -181 -151 -139 -126 -118 -116 -98 -93 -89 -87 -86 -70 -60 -54 -45 -31 -10 9 12 13 14 19 22 55 57 59 65 81 102 110 111 112 113 115 120 125 154 171 173 175 185 189 193 0
78 0
-196 -179 -165 -128 -126 -108 -105 -50 -46 -41 24 40 43 48 80 84 123 136 141 148 169 174 182 192 199 0
-197 -171 -145 -129 -128 -20 136 144 149 0
-169 -153 -146 -120 -100 -97 -95 -88 -50 -42 11 65 175 195 0
-186 -183 -179 -168 -158 -153 -147 -146 -137 -136 -122 -117 -88 -80 -73 -68 -66 -64 -56 -43 -23 -21 15 24 33 39 40 49 61 69 115 129 140 155 159 185 190 0
-197 -185 -180 -172 -156 -143 -140 -127 -118 -117 -116 -109 -107 -103 -80 -78 -71 -70 -64 -58 -55 -53 -50 -21 -20 -11 -10 -1 4 31 35 36 61 62 77 82 93 111 121 134 138 141 151 166 181 190 192 0
-168 -158 -156 -123 -88 -40 15 30 52 117 0
-197 -172 -157 -133 -128 -112 -109 -100 -99 -95 -80 -63 -32 -20 -10 -4 -3 -2 -1 21 29 35 36 39 67 74 77 81 84 90 94 120 122 127 142 167 170 173 174 181 184 0
-195 -194 -171 -169 -160 -155 -152 -144 -129 -113 -112 -103 -80 -79 -76 -59 -58 -57 -55 -54 -45 -39 -35 -33 -32 -22 -20 -18 -17 -10 -6 1 11 44 48 51 64 68 74 81 87 108 133 153 161 166 179 189 190 0
-197 -193 -176 -170 -167 -161 -134 -131 -127 -121 -119 -102 -100 -94 -81 -78 -77 -69 -54 -53 -46 -40 -36 -34 -28 -22 -8 -4 3 9 31 35 57 73 88 89 103 105 106 109 116 126 136 137 169 198 0
-161 -149 -138 -131 -123 -104 -94 -84 -77 -70 -67 -63 -59 -56 -48 -28 -25 -21 -15 -5 10 22 36 44 47 50 73 75 79 80 83 85 107 108 109 113 116 132 133 143 158 160 162 175 176 179 184 0
-194 -187 -184 -182 -156 -141 -135 -130 -107 -105 -94 -89 -71 -58 -45 -31 -29 -18 -16 -15 -14 -4 6 11 13 25 32 43 47 49 53 57 62 74 101 102 108 111 113 118 136 140 147 150 159 160 164 179 188 192 0
-141 -35 -21 1 4 9 42 64 114 121 173 0
-195 -170 -124 -51 -43 -39 10 174 189 191 0
-183 -179 -148 -137 -116 -107 -94 -92 -91 -69 -6 16 37 76 86 97 152 0
-156 -77 9 0
-189 -176 -156 -152 -133 -130 -118 -73 -24 31 83 106 0
-175 -166 -148 -96 -70 -2 -1 45 60 82 84 112 118 131 144 172 177 192 0
