CNF 400 400
-396 -380 -376 -370 -367 -365 -364 -361 -337 -323 -315 -288 -280 -277 -266 -238 -224 -223 -220 -213 -203 -201 -196 -195 -172 -170 -166 -160 -146 -144 -134 -131 -129 -119 -118 -114 -77 -75 -68 -64 -62 -56 -49 -46 -43 -39 -19 -1 15 16 25 28 29 47 55 60 73 74 76 78 102 103 111 120 121 127 130 133 139 189 197 199 210 219 221 236 253 284 292 294 295 304 318 319 349 377 385 388 392 399 0
-392 -389 -387 -386 -376 -358 -356 -352 -339 -306 -305 -303 -292 -266 -262 -248 -247 -245 -240 -229 -224 -220 -216 -205 -194 -190 -182 -179 -175 -154 -153 -129 -115 -103 -102 -86 -71 -70 -49 -46 -44 -43 -31 -25 20 36 37 42 48 50 54 56 57 64 89 95 105 112 120 125 132 134 135 137 138 141 166 184 186 211 217 218 226 233 260 265 273 284 287 302 314 328 330 338 361 364 383 396 0
-393 -377 -360 -341 -331 -324 -315 -282 -274 -269 -246 -189 -187 -185 -181 -179 -121 -119 -111 -58 -24 -6 7 9 13 14 21 25 49 53 90 93 108 128 135 146 149 161 208 223 226 232 244 253 285 297 299 319 326 0
-400 -394 -392 -391 -384 -381 -376 -344 -318 -311 -298 -290 -257 -252 -241 -225 -210 -207 -202 -196 -186 -138 -134 -129 -122 -119 -117 -114 -90 -89 -72 -71 -66 -65 -64 -58 -22 -19 11 12 16 24 61 77 78 84 87 96 104 123 131 139 150 159 165 167 175 190 195 199 200 229 232 242 254 255 265 273 274 279 283 286 289 303 306 319 320 324 339 343 377 399 0
-398 -392 -385 -383 -378 -373 -367 -366 -363 -338 -335 -327 -325 -321 -315 -309 -294 -268 -256 -243 -239 -229 -227 -218 -215 -209 -206 -198 -195 -181 -171 -149 -125 -91 -82 -81 -69 -61 -51 -47 -39 -27 -23 10 14 16 17 19 28 38 79 98 114 117 122 127 128 151 179 185 197 278 305 306 324 337 347 361 374 386 399 0
-387 -380 -377 -374 -369 -359 -358 -353 -346 -340 -335 -312 -295 -278 -274 -252 -237 -235 -229 -225 -197 -193 -177 -172 -152 -146 -133 -101 -99 -89 -86 -65 -63 -61 -53 -51 -34 -11 -3 9 16 18 32 33 38 43 44 46 58 104 107 116 126 143 168 174 182 184 188 196 198 205 209 223 224 233 234 241 248 249 287 313 320 323 328 329 347 352 360 383 385 395 0
-344 -330 -324 -293 -204 -158 -82 -62 -43 24 38 46 56 64 68 122 129 144 146 151 155 157 163 189 195 220 227 239 245 255 259 275 311 315 318 329 367 373 387 0
-390 -319 -267 -225 -165 -164 -152 -143 -87 -26 6 22 41 84 93 309 386 388 0
-375 -370 -369 -353 -338 -323 -274 -269 -249 -228 -218 -203 -187 -185 -180 -179 -152 -136 -132 -112 -107 -79 -58 -56 -43 18 21 85 96 146 163 174 184 206 219 238 266 276 301 327 335 387 390 397 0
-396 -388 -355 -304 -274 -241 -225 -217 -151 -121 -115 -103 -101 -89 -61 -56 -51 -15 40 130 140 149 155 166 212 224 244 305 308 322 345 347 354 373 0
-399 -336 -330 -254 -241 -218 -202 -171 -151 -74 -72 -40 11 87 95 103 114 122 142 143 206 243 346 381 397 398 0
-394 -386 -360 -348 -339 -328 -323 -321 -320 -314 -305 -304 -303 -297 -289 -265 -253 -228 -225 -221 -214 -205 -204 -183 -164 -160 -158 -150 -123 -114 -104 -62 -43 -42 -41 -35 -30 -19 -14 -3 1 11 12 13 27 37 53 54 56 67 70 85 96 97 101 105 124 127 134 139 145 161 169 173 176 179 184 187 190 216 218 219 247 251 259 269 270 274 292 293 315 317 326 341 349 352 375 378 379 397 0
-397 -320 -294 -290 -269 -263 -259 -222 -207 -201 -199 -190 -172 -166 -160 -144 -124 -88 -42 -33 -32 -14 1 7 16 25 28 69 102 138 165 202 212 232 267 334 340 348 371 388 396 0
-369 -341 -330 -280 -266 -255 -204 -174 -172 -79 -77 -74 -36 21 116 138 143 167 224 352 360 381 0
-394 -392 -375 -370 -368 -361 -360 -329 -312 -298 -283 -280 -276 -260 -254 -241 -239 -236 -220 -189 -136 -129 -115 -103 -94 -84 -78 -68 -52 -50 -21 -15 2 9 14 59 70 95 104 110 112 125 132 134 140 150 160 177 180 185 193 197 206 207 212 229 263 295 297 317 322 338 339 352 363 364 366 380 382 398 0
-309 -229 93 0
-162 -52 77 205 340 341 0
-394 -377 -376 -374 -345 -335 -320 -311 -305 -292 -265 -263 -253 -244 -231 -203 -198 -178 -167 -161 -138 -126 -108 -94 -93 -78 -63 -60 -46 -45 -31 -14 5 19 53 57 79 97 100 105 123 125 129 134 159 174 181 187 189 193 209 234 238 240 251 273 275 281 282 285 338 361 380 397 398 0
-386 -372 -359 -348 -347 -324 -323 -322 -308 -302 -291 -286 -269 -267 -265 -263 -262 -258 -257 -244 -233 -229 -227 -222 -208 -203 -178 -175 -165 -159 -135 -134 -132 -117 -116 -111 -98 -82 -78 -76 -47 -45 -41 -39 -30 -9 12 18 19 23 32 56 61 74 85 88 103 109 110 120 121 140 147 148 161 172 173 186 195 197 199 202 205 211 219 221 228 234 253 254 260 273 295 304 310 314 315 334 351 353 376 378 381 382 385 0
-383 -372 -354 -351 -341 -328 -287 -275 -271 -268 -227 -196 -195 -175 -171 -167 -158 -142 -133 -118 -116 -112 -103 -59 -57 -30 -27 -3 34 65 77 81 104 129 143 162 172 177 180 182 183 216 245 258 262 265 278 290 291 302 313 329 337 345 346 387 0
-391 -365 -332 -326 -284 -275 -216 -215 -196 -181 -166 -149 16 35 82 88 109 137 147 154 159 229 296 325 363 385 392 395 0
-389 -369 -363 -318 -289 -264 -257 -256 -239 -235 -204 -196 -184 -145 -143 -134 -114 -106 -101 -54 17 28 29 33 45 74 76 87 102 133 156 159 171 188 208 221 282 309 331 362 0
-183 0
-394 -387 -359 -322 -321 -301 -283 -218 -77 -67 -66 -52 -13 -11 -8 47 167 171 234 260 267 308 341 347 0
-392 -368 -337 -326 -289 -281 -270 -239 -238 -229 -206 -202 -195 -190 -137 -136 -100 -99 -68 -50 1 56 57 71 75 79 92 107 108 116 121 153 167 171 208 226 243 250 251 258 297 301 313 344 357 365 0
-382 -369 -368 -366 -363 -361 -360 -357 -327 -325 -316 -313 -305 -304 -295 -288 -287 -286 -285 -254 -243 -236 -227 -205 -138 -135 -128 -126 -123 -107 -103 -97 -79 -76 -40 -27 -16 -4 -3 -1 12 35 41 50 55 64 73 78 89 92 94 100 109 131 133 178 202 204 211 215 218 233 239 272 279 293 294 297 308 312 324 326 339 350 359 367 0
-394 -388 -332 -324 -317 -312 -310 -308 -269 -257 -244 -237 -233 -225 -220 -207 -203 -197 -189 -164 -147 -143 -138 -137 -131 -124 -112 -110 -105 -101 -92 -87 -80 -49 -44 -43 -26 -9 29 30 34 41 54 61 76 88 117 140 158 163 166 177 187 201 212 247 259 272 277 284 287 301 302 304 306 316 318 335 340 341 375 377 390 393 0
-396 -392 -369 -353 -344 -342 -333 -323 -318 -316 -295 -284 -262 -244 -236 -220 -215 -184 -181 -171 -167 -89 -88 -69 -67 -63 -30 -27 -16 -10 11 21 31 51 52 54 73 78 87 91 125 149 169 172 188 256 289 303 310 320 330 340 352 360 0
-398 -377 -354 -353 -335 -324 -272 -252 -245 -228 -203 -182 -177 -163 -126 -103 -95 -77 -49 -44 -31 2 5 8 17 38 50 54 101 109 159 165 174 180 194 222 223 235 240 244 246 259 260 281 307 323 325 331 339 362 380 0
-380 -331 -205 -44 41 50 138 190 197 392 0
-383 -382 -376 -365 -360 -359 -353 -352 -346 -337 -334 -331 -322 -312 -309 -306 -287 -277 -251 -248 -223 -222 -198 -196 -193 -184 -180 -172 -164 -161 -146 -135 -117 -116 -115 -101 -99 -83 -74 -48 -43 -24 -17 -14 -6 -1 20 37 40 49 69 81 86 90 96 107 108 114 120 123 126 130 132 141 143 148 158 167 173 204 214 230 232 233 236 238 239 253 261 265 272 280 285 286 295 302 311 326 329 333 338 342 343 367 369 384 385 391 393 396 0
-310 -283 -271 -227 -202 -198 -181 -172 -169 -158 -126 -80 -65 -39 16 32 47 86 144 178 196 209 239 259 316 323 328 386 0
-398 -392 -375 -365 -351 -348 -343 -313 -312 -307 -297 -265 -263 -243 -229 -222 -212 -193 -184 -173 -143 -139 -136 -128 -119 -115 -99 -94 4 5 21 38 48 70 73 80 81 91 93 97 107 110 113 121 135 142 154 156 165 172 195 203 205 240 245 248 250 253 256 271 280 281 291 303 304 316 324 329 337 340 341 372 376 381 389 400 0
-323 -253 -140 -64 -35 262 270 277 0
-394 -385 -383 -376 -363 -360 -346 -324 -317 -311 -299 -295 -284 -256 -251 -239 -236 -234 -209 -206 -204 -200 -197 -189 -185 -172 -162 -138 -137 -132 -131 -113 -110 -106 -91 -59 -48 -39 -33 -20 -15 -11 2 18 19 22 24 36 37 54 58 64 76 83 85 97 101 115 120 133 140 141 143 144 157 163 178 182 195 199 201 211 217 223 227 245 247 252 257 260 266 288 300 308 313 330 331 333 341 345 351 362 369 374 397 0
-343 -324 -320 -301 -283 -257 -236 -231 -225 -224 -168 -157 -150 -148 -124 -80 -47 -26 -21 -6 2 3 5 24 28 38 40 44 46 68 81 83 85 95 100 105 110 125 130 131 134 156 167 187 210 223 238 241 247 268 287 317 322 338 342 350 363 369 373 0
-398 -392 -370 -368 -352 -340 -334 -327 -325 -304 -303 -298 -286 -282 -269 -253 -230 -229 -220 -217 -202 -194 -193 -188 -179 -177 -174 -171 -168 -151 -146 -145 -143 -142 -139 -111 -104 -85 -44 -32 -25 -22 -15 -1 4 5 8 33 38 55 63 78 83 96 97 100 110 119 125 134 147 157 161 173 185 189 196 215 218 219 236 245 249 256 262 271 274 293 299 300 309 310 313 315 324 335 336 341 342 386 0
-386 -370 -360 -350 -344 -336 -321 -305 -297 -295 -292 -283 -278 -274 -255 -254 -246 -242 -239 -230 -219 -209 -206 -203 -194 -189 -179 -173 -164 -157 -146 -145 -141 -115 -114 -98 -81 -79 -61 -57 -51 -41 -29 -27 -16 2 13 25 32 36 39 67 88 99 106 109 123 137 138 149 150 156 161 165 175 180 198 207 213 225 231 250 253 256 260 272 281 287 291 293 300 326 327 330 331 335 338 364 371 373 387 391 392 0
-398 -395 -375 -370 -368 -367 -353 -345 -333 -326 -308 -307 -282 -280 -275 -273 -251 -220 -219 -192 -183 -165 -163 -150 -145 -140 -138 -107 -93 -85 -64 -49 -37 -33 -31 -25 -19 -12 3 24 32 34 36 40 43 55 56 62 66 69 75 87 105 118 139 143 153 160 171 177 181 186 194 209 212 232 234 243 261 267 269 274 325 329 335 336 341 360 363 381 397 400 0
-366 -361 -355 -343 -317 -251 -223 -162 -150 -140 -127 -48 -43 -37 19 21 41 63 75 94 114 117 128 129 130 169 183 200 212 234 333 353 392 0
-395 -377 -369 -337 -330 -322 -319 -285 -278 -272 -259 -254 -247 -204 -193 -150 -148 -138 -67 -58 -56 -51 -48 -41 -33 -31 -23 -17 -6 24 47 54 80 88 110 112 133 170 174 199 201 217 218 221 223 229 236 249 253 263 269 284 293 332 366 368 380 387 391 394 396 0
-143 -15 242 0
-382 -352 -333 -329 -328 -318 -316 -284 -277 -255 -250 -236 -233 -206 -183 -177 -171 -164 -154 -130 -111 -91 -88 -70 -38 -25 -23 -17 -16 27 32 39 42 45 55 76 95 104 121 145 149 150 172 186 205 215 229 260 265 293 306 313 330 342 375 385 390 395 0
-395 -394 -393 -389 -382 -367 -365 -340 -320 -308 -302 -296 -295 -281 -258 -257 -245 -240 -175 -160 -148 -113 -76 -70 -48 -42 -41 -38 -28 -25 -17 1 36 50 53 67 75 87 97 98 107 112 125 131 157 159 172 190 193 211 231 254 268 289 307 315 328 361 363 366 373 397 0
-396 -374 -369 -364 -347 -343 -326 -319 -307 -304 -285 -255 -243 -235 -222 -189 -171 -170 -158 -156 -153 -151 -143 -139 -137 -130 -99 -91 -82 -65 -64 -47 -36 -30 9 12 52 72 78 81 94 100 106 118 140 149 166 181 186 195 208 212 227 238 240 241 261 272 275 287 288 300 302 310 334 348 349 353 360 373 400 0
-398 -372 -370 -369 -360 -358 -354 -333 -327 -323 -306 -305 -300 -292 -275 -271 -266 -255 -254 -237 -229 -226 -216 -205 -204 -168 -166 -135 -118 -105 -104 -99 -91 -64 -56 -55 -52 -37 -29 -25 -21 -20 -19 -12 17 22 28 35 53 59 68 78 88 108 125 138 142 147 151 193 195 198 206 208 221 225 228 230 244 259 295 302 304 309 346 362 376 385 391 0
-379 -364 -356 -347 -318 -291 -255 -223 -213 -211 -205 -203 -192 -188 -180 -179 -160 -155 -154 -153 -146 -141 -138 -133 -108 -107 -104 -97 -93 -92 -83 -73 -47 -43 -41 -37 -17 5 9 11 15 16 48 61 70 86 94 96 99 105 113 126 129 143 147 202 207 231 235 246 249 256 258 259 261 265 267 285 288 302 306 321 330 341 352 354 369 381 385 0
-394 -368 -361 -359 -349 -324 -322 -309 -308 -287 -286 -269 -268 -246 -245 -236 -214 -202 -191 -162 -121 -105 -104 -64 -39 -32 -19 -18 -15 4 6 33 52 58 109 112 114 157 170 206 207 208 218 238 244 271 274 304 314 328 329 340 345 365 385 0
-400 -378 -296 -180 -136 -102 48 107 119 120 130 147 213 236 241 246 259 280 286 313 319 332 372 381 0
-377 -359 -356 -342 -331 -302 -301 -299 -297 -277 -265 -230 -226 -213 -199 -197 -196 -187 -176 -170 -134 -127 -123 -119 -92 -83 -80 -58 -56 -20 -4 1 10 11 22 37 46 66 70 72 77 89 95 98 122 128 147 171 179 180 220 235 244 260 262 285 296 300 306 307 325 330 332 340 350 365 380 393 394 0
-355 -350 -331 -321 -302 -256 -244 -239 -231 -225 -215 -175 -162 -159 -143 -106 -70 -66 -47 -41 -37 -6 13 39 82 107 116 122 156 167 182 192 198 224 273 288 341 368 0
-400 -382 -344 -343 -309 -300 -298 -282 -277 -271 -268 -267 -256 -254 -222 -213 -209 -201 -195 -191 -167 -125 -113 -82 -79 -77 -71 -37 -26 -25 -19 -16 -15 -9 7 29 32 44 45 53 60 76 88 102 103 107 111 114 126 128 139 150 189 218 223 255 259 291 297 306 312 337 342 355 360 383 397 0
-324 -305 -294 -263 -227 -196 -177 -166 -162 -149 -146 -145 -73 -67 -38 12 18 98 124 169 214 248 336 344 355 363 364 371 381 386 0
-395 -385 -383 -320 -312 -307 -299 -296 -295 -289 -249 -234 -226 -221 -213 -195 -187 -182 -181 -176 -170 -142 -110 -109 -94 -86 -67 -53 -52 -50 -20 -16 -14 -13 -12 2 4 8 37 38 56 80 107 112 113 114 127 128 131 133 151 153 160 177 183 189 229 236 238 274 286 287 297 333 337 353 367 375 0
-400 -393 -392 -385 -384 -377 -373 -370 -363 -358 -352 -351 -341 -340 -337 -334 -331 -319 -315 -314 -310 -308 -307 -284 -283 -282 -281 -279 -266 -263 -262 -257 -255 -254 -253 -250 -236 -234 -231 -230 -222 -219 -218 -186 -175 -171 -155 -153 -144 -109 -99 -81 -33 -30 -27 -3 -1 2 6 15 19 28 32 37 41 45 54 70 77 84 93 104 107 113 131 136 150 170 179 183 184 185 200 203 229 237 242 272 285 287 297 298 354 368 375 383 0
-398 -394 -383 -373 -365 -356 -344 -331 -326 -324 -317 -293 -283 -270 -267 -260 -258 -245 -244 -230 -220 -209 -199 -184 -170 -156 -145 -144 -132 -128 -120 -109 -99 -95 -87 -63 -59 -30 -2 12 20 26 29 34 36 47 61 70 93 97 104 117 172 174 180 197 201 216 222 231 234 250 255 263 265 274 288 290 302 303 307 309 312 315 320 339 343 386 392 396 0
-391 -360 -332 -305 -291 -280 -279 -252 -243 -192 -152 -124 -120 -110 -101 -66 -45 -29 2 25 42 43 49 83 100 103 107 111 132 145 175 203 304 313 333 357 382 394 0
-302 -205 -102 51 89 104 195 218 232 323 0
-397 -390 -389 -388 -386 -375 -366 -355 -353 -350 -347 -342 -336 -335 -323 -320 -313 -297 -293 -288 -284 -283 -282 -274 -271 -262 -257 -254 -248 -246 -230 -227 -216 -210 -206 -203 -193 -188 -182 -173 -164 -157 -140 -133 -123 -115 -112 -97 -83 -82 -79 -77 -68 -61 -56 -36 -33 -19 -13 -8 15 24 28 52 64 70 71 73 74 78 89 90 108 117 127 132 142 148 153 160 186 189 195 208 217 221 224 252 256 258 259 295 301 305 310 314 333 371 372 0
-397 -396 -395 -392 -388 -384 -369 -358 -356 -355 -330 -329 -320 -314 -288 -277 -276 -273 -263 -247 -245 -237 -208 -201 -193 -171 -168 -164 -161 -160 -156 -150 -138 -137 -134 -128 -116 -115 -101 -91 -86 -83 -81 -73 -72 -67 -50 -33 -32 -18 -9 -5 14 20 31 34 37 43 52 57 58 65 77 79 139 152 157 158 159 177 181 191 198 206 207 219 223 242 243 244 249 265 268 269 271 274 282 302 305 321 333 337 339 342 347 360 364 370 386 0
-390 -388 -375 -365 -362 -339 -320 -318 -316 -314 -310 -300 -275 -265 -263 -257 -212 -194 -136 -123 -120 -118 -95 -82 -77 -74 -70 -27 -23 -20 -19 -14 -4 -3 6 35 44 104 111 124 131 149 158 168 183 217 256 262 271 280 301 357 369 382 0
-359 -335 -334 -281 -275 -248 -161 -117 -61 -35 -10 265 344 0
-338 -336 -290 -288 -285 -283 -281 -273 -257 -250 -237 -234 -227 -221 -205 -185 -183 -152 -127 -58 -54 -53 -49 -31 -30 -7 14 21 23 25 27 41 43 50 56 68 77 79 91 122 126 128 130 140 158 165 170 174 176 223 263 287 291 295 300 319 328 339 342 346 351 365 379 381 390 392 393 0
-395 -285 -176 -51 183 308 344 364 0
-391 -368 -362 -354 -340 -328 -310 -308 -296 -275 -266 -260 -233 -224 -220 -209 -205 -178 -158 -154 -145 -144 -142 -136 -134 -131 -128 -126 -124 -120 -113 -93 -91 -89 -86 -79 -75 -72 -60 -52 -50 -47 -39 -36 -25 -16 -11 10 26 30 31 45 63 64 68 73 80 88 106 109 130 184 192 200 244 251 256 264 268 272 300 306 319 329 330 331 334 341 343 344 346 357 360 380 398 0
-389 -388 -360 -357 -356 -338 -336 -333 -287 -281 -273 -259 -253 -241 -237 -223 -213 -202 -200 -174 -172 -170 -125 -120 -95 -88 -59 -57 -54 -42 -20 -1 6 43 48 61 70 83 92 101 112 114 116 126 154 155 157 165 179 180 183 207 218 220 226 267 286 304 328 339 343 347 348 352 380 0
-362 -351 -343 -336 -334 -311 -303 -300 -295 -282 -280 -279 -277 -264 -239 -232 -223 -195 -169 -161 -154 -151 -144 -142 -138 -125 -120 -117 -115 -85 -71 -68 -57 -55 -44 -32 -30 -12 -6 -4 2 9 18 20 21 39 40 60 61 82 104 121 137 149 158 163 175 180 187 189 209 219 269 272 281 287 291 296 299 306 316 320 330 335 342 349 353 361 393 0
-391 -387 -386 -374 -359 -348 -328 -310 -309 -289 -288 -276 -274 -267 -252 -251 -245 -241 -222 -205 -196 -192 -188 -176 -175 -171 -153 -147 -135 -103 -82 -73 -71 -66 -60 -8 -5 6 10 11 18 32 42 47 50 51 85 87 97 114 116 121 128 137 139 141 144 151 159 166 168 178 181 184 185 186 191 210 217 223 227 233 243 247 259 266 283 301 312 322 323 325 333 342 351 365 376 393 400 0
-400 -389 -386 -381 -376 -360 -359 -347 -317 -316 -312 -284 -274 -256 -255 -197 -181 -178 -177 -173 -152 -151 -147 -141 -139 -132 -105 -94 -84 -83 -79 -78 -75 -50 -48 -19 -16 -11 -2 8 14 24 96 106 110 113 145 156 157 170 174 205 215 220 222 227 232 233 242 245 246 247 248 266 295 308 322 326 334 336 340 355 356 361 362 373 391 0
-229 71 78 156 0
-388 -325 -314 -308 -302 -297 -291 -286 -278 -228 -226 -217 -215 -185 -177 -171 -170 -158 -146 -135 -134 -122 -107 -80 -73 -72 -69 -66 -46 -45 -22 -18 -17 -6 -3 -2 4 19 21 43 86 97 103 131 141 144 145 154 155 159 191 197 201 220 268 269 273 276 289 312 313 322 345 376 393 400 0
-362 -350 -330 -261 -141 -133 -125 -107 -106 -70 31 82 83 89 98 279 386 0
-313 -310 -298 -287 -285 -201 -179 -148 -135 -133 -116 -35 -34 -7 58 127 151 157 204 256 277 306 332 343 371 391 0
-364 -362 -353 -351 -349 -346 -344 -270 -266 -218 -213 -204 -191 -184 -170 -161 -147 -145 -144 -136 -131 -117 -105 -96 -71 -64 -62 -52 -28 -26 -22 -16 -4 5 20 42 44 46 69 81 84 104 114 159 183 201 214 236 237 247 255 259 273 290 319 320 366 368 374 376 380 382 0
-369 -348 -252 -237 -205 -172 -131 -50 -48 13 32 166 241 268 306 321 0
-391 -379 -373 -367 -360 -335 -305 -296 -245 -243 -220 -213 -206 -203 -193 -171 -166 -153 -126 -101 -95 -91 -86 -76 -69 -66 -57 -53 -3 8 24 45 56 58 63 67 128 130 134 148 150 156 164 173 179 184 191 196 223 225 226 259 278 298 301 308 371 377 0
-383 -382 -365 -291 -267 -266 -226 -188 -183 -169 -107 -105 -90 -85 -71 -68 -60 -51 -28 14 62 81 101 118 191 230 255 265 289 299 334 349 354 0
-376 -372 -370 -358 -330 -328 -325 -320 -311 -310 -288 -285 -264 -263 -260 -254 -245 -233 -204 -203 -177 -167 -157 -134 -113 -105 -86 -82 -51 -31 -16 -10 -5 6 19 37 40 41 66 70 72 76 106 111 168 170 175 176 193 194 198 200 201 202 217 222 226 236 237 238 275 277 312 315 319 333 335 338 364 366 367 371 373 397 400 0
-355 -331 -330 -323 -315 -289 -234 -184 -172 -169 -157 -150 -145 -138 -136 -110 -95 -88 -77 -69 -55 -43 -8 -5 40 60 97 116 123 155 183 198 224 236 284 287 306 311 324 327 348 368 397 0
-376 -327 -319 -305 -294 -253 -235 -233 -219 -216 -213 -212 -191 -187 -147 -146 -128 -115 -112 -92 -83 -68 -9 36 52 67 70 73 81 168 186 201 204 263 292 298 316 385 391 0
-399 -351 -350 -348 -330 -328 -322 -310 -272 -270 -254 -228 -226 -221 -215 -207 -166 -154 -150 -101 -96 -72 -42 3 6 21 23 145 175 206 218 293 320 336 341 344 367 370 375 382 0
-249 -18 0
-362 -342 -319 -272 -191 -164 -162 -2 57 58 59 77 85 88 89 271 279 280 290 298 325 346 363 386 397 0
-395 -391 -377 -371 -366 -364 -362 -349 -342 -335 -329 -318 -317 -302 -301 -299 -295 -275 -265 -254 -252 -216 -212 -209 -206 -203 -185 -159 -152 -150 -123 -120 -118 -110 -101 -91 -81 -62 -51 -49 -43 -41 -36 -2 3 22 24 35 45 57 98 112 114 125 132 141 149 161 172 182 218 249 261 266 279 282 291 303 313 323 345 346 352 384 388 396 399 400 0
-400 -394 -388 -357 -351 -339 -291 -274 -267 -254 -252 -247 -241 -224 -223 -213 -206 -193 -190 -187 -176 -137 -124 -84 -80 -78 -68 -54 -50 -35 23 29 48 66 72 88 142 173 188 195 219 233 236 263 277 297 338 368 389 0
74 345 0
-391 -384 -376 -314 -254 -252 -235 -182 -99 -66 -48 -38 -36 -18 6 85 153 183 230 258 290 308 311 358 395 397 0
-388 -369 -337 -325 -321 -294 -284 -270 -269 -265 -222 -209 -103 -83 -73 -26 -24 -15 -11 2 17 29 33 142 146 152 158 163 178 180 181 185 224 237 243 282 292 391 0
-228 -148 0
-373 -372 -370 -365 -360 -348 -330 -311 -298 -292 -290 -279 -262 -259 -257 -227 -206 -201 -193 -188 -184 -183 -182 -180 -172 -169 -157 -151 -147 -134 -123 -122 -119 -103 -91 -72 -57 -44 -41 -33 -20 -5 3 10 11 12 29 31 37 47 59 63 80 84 86 87 97 112 114 121 129 133 156 161 175 189 198 208 209 224 226 231 232 244 251 254 265 266 276 277 295 315 317 336 340 349 352 354 361 368 387 396 398 0
-397 -380 -339 -294 -288 -182 -154 -43 -13 72 79 93 103 107 118 127 173 210 290 345 359 374 388 389 0
-330 -324 -301 -290 -248 -192 -80 -77 -76 -71 8 16 28 84 163 213 306 311 361 0
-399 -374 -373 -366 -364 -363 -354 -352 -348 -323 -291 -287 -283 -248 -243 -234 -221 -220 -219 -208 -205 -203 -197 -188 -171 -157 -156 -145 -142 -140 -138 -135 -79 -67 -63 -29 -14 -13 -10 1 11 12 19 26 34 41 46 72 124 141 167 168 181 201 204 211 213 223 233 251 260 266 277 278 284 303 304 306 307 309 310 316 328 375 379 384 393 398 0
-316 -303 -179 54 56 131 323 0
-384 -376 -374 -351 -345 -344 -320 -309 -307 -303 -298 -277 -275 -268 -267 -262 -237 -226 -224 -222 -213 -209 -205 -204 -194 -190 -175 -147 -140 -134 -93 -87 -84 -74 -73 -56 -52 -22 -11 -8 -7 17 20 31 33 46 49 61 62 66 71 78 100 128 132 161 164 176 177 207 241 242 249 253 259 264 266 271 293 299 300 310 316 317 318 322 325 328 329 331 333 355 371 380 397 0
-372 -359 -352 -328 -300 -284 -274 -271 -268 -258 -249 -235 -217 -214 -184 -183 -176 -172 -151 -124 -95 -92 -91 -82 -36 -15 8 41 46 71 88 104 111 115 132 134 169 171 177 182 190 191 205 209 231 245 261 273 278 279 286 306 327 338 340 376 387 0
-392 -375 -365 -299 -265 -247 -234 -211 -45 -27 15 26 69 210 222 224 333 389 0
-389 -356 -319 -314 -307 -303 -297 -281 -265 -262 -248 -215 -181 -158 -156 -136 -114 -102 -89 -69 26 32 33 38 49 55 65 80 92 111 143 152 170 174 213 226 242 271 277 279 306 346 361 381 385 0
-399 -385 -378 -346 -339 -328 -326 -313 -304 -297 -291 -284 -275 -263 -250 -248 -219 -201 -194 -181 -155 -136 -129 -90 -58 -53 -38 -36 -13 -2 19 46 68 101 124 157 171 202 204 215 228 229 247 249 269 278 288 302 319 324 327 331 360 362 372 377 383 389 0
-391 -386 -384 -366 -363 -360 -348 -336 -334 -330 -315 -313 -308 -307 -304 -280 -248 -241 -236 -235 -222 -198 -187 -183 -182 -179 -170 -165 -164 -162 -149 -140 -134 -127 -125 -120 -104 -99 -94 -84 -83 -82 -79 -76 -63 -60 -57 -46 -28 -17 -8 -7 -4 24 37 53 72 81 86 100 103 106 126 138 144 145 153 190 192 204 205 211 219 225 227 237 257 262 264 265 287 289 291 292 295 297 319 320 326 341 349 369 375 0
-399 -386 -378 -373 -368 -365 -344 -338 -333 -331 -317 -313 -294 -293 -273 -266 -263 -258 -248 -226 -223 -221 -196 -191 -182 -178 -160 -155 -137 -131 -124 -123 -120 -116 -114 -87 -79 -78 -70 -62 -56 -46 -22 -16 -1 20 21 38 44 50 52 71 83 85 96 97 106 109 128 136 161 179 181 186 198 200 201 210 219 225 231 250 253 292 296 329 364 366 372 391 0
-393 -387 -383 -347 -340 -335 -326 -320 -280 -257 -252 -243 -240 -230 -218 -211 -194 -172 -161 -138 -126 -124 -102 -91 -88 -57 -51 -36 -29 -20 -17 -5 -4 18 34 38 45 55 63 84 99 100 113 149 185 203 205 208 209 229 237 241 263 270 295 310 311 324 327 338 355 366 377 0
-369 -333 -323 -282 -248 -217 -163 -140 -78 -58 -54 -9 -1 35 69 73 81 109 115 124 161 174 180 203 235 247 260 267 336 359 375 378 0
-392 -384 -375 -373 -369 -363 -350 -328 -294 -285 -284 -280 -278 -270 -263 -209 -187 -183 -162 -161 -160 -143 -142 -130 -94 -77 -69 -68 -61 -55 -54 -14 -12 -10 -8 15 16 20 23 43 44 59 62 66 97 102 124 133 157 172 175 184 191 196 203 205 213 242 253 254 258 272 293 297 319 356 358 393 397 0
-399 -382 -377 -372 -367 -360 -348 -342 -321 -314 -288 -286 -282 -281 -274 -273 -270 -263 -262 -239 -226 -225 -220 -207 -201 -167 -134 -128 -119 -114 -101 -99 -85 -80 -77 -73 -70 -65 -59 -51 -43 -30 -15 -12 5 19 36 41 63 66 83 98 100 112 113 121 124 130 135 140 149 150 153 178 182 190 194 217 233 240 251 258 259 268 275 278 299 310 315 317 318 323 324 327 329 335 337 340 341 351 352 358 359 361 364 380 389 390 0
-329 -323 -280 -272 -246 -238 -211 -192 -175 -172 -170 -166 -131 -129 -125 -99 -69 -63 -60 -55 -37 -35 -23 -17 -10 -3 26 43 62 80 94 100 109 110 116 127 153 154 157 165 193 209 213 214 224 226 229 247 262 264 268 288 294 306 344 352 355 364 367 375 383 388 389 0
-315 -289 -258 -208 -178 -169 29 138 300 0
-389 -373 -365 -358 -349 -340 -303 -282 -268 -142 -110 -109 -106 -75 -17 -14 -10 98 114 118 144 257 329 350 372 390 0
-384 -364 -358 -310 -297 -294 -287 -281 -278 -269 -261 -257 -251 -222 -214 -190 -169 -167 -160 -155 -144 -124 -112 -55 -46 -37 -26 -20 -5 4 13 42 47 59 102 103 145 157 172 182 185 197 198 204 208 236 258 271 273 304 314 315 317 320 322 328 337 338 361 366 392 0
-393 -381 -372 -363 -353 -315 -294 -293 -230 -206 -199 -196 -195 -180 -167 -140 -135 -133 -118 -117 -113 -79 -77 -49 -35 -23 -9 -8 19 68 72 85 88 141 192 200 235 259 266 283 289 312 335 358 360 362 367 0
-344 -86 -15 85 165 168 223 237 321 0
-395 -393 -372 -347 -337 -321 -317 -312 -307 -259 -250 -230 -228 -187 -133 -129 -127 -122 -108 -100 -81 -76 -64 -54 -44 -30 -25 -21 -16 -8 -5 9 10 38 43 60 67 94 120 157 173 181 194 204 205 218 241 262 263 268 272 279 283 297 308 313 325 366 383 0
-400 -397 -394 -383 -370 -352 -332 -284 -283 -280 -267 -265 -251 -240 -239 -238 -237 -235 -220 -196 -184 -149 -135 -123 -80 -65 -57 -44 -34 -8 -3 48 56 71 77 95 102 114 120 158 180 188 191 195 232 261 302 304 331 0
81 285 0
-184 294 0
-387 -369 -330 -323 -233 -188 -163 -14 11 43 123 245 274 277 290 340 357 383 0
-129 367 0
-388 -377 -346 -320 -312 -304 -289 -288 -286 -283 -265 -237 -232 -177 -171 -167 -165 -161 -153 -131 -125 -104 -94 -88 -82 -49 -31 -29 -4 3 6 21 23 55 62 122 157 190 193 209 213 224 230 256 260 294 302 327 334 349 378 386 390 397 398 0
-392 -346 -343 -313 -288 -281 -279 -274 -262 -260 -248 -224 -205 -194 -174 -131 -116 -111 -73 -65 -61 -40 -38 -37 -36 -30 -29 -25 -22 -18 -16 -13 27 33 34 42 47 52 57 60 62 83 85 90 93 109 120 127 161 170 186 189 215 223 229 230 269 278 287 297 307 312 319 330 332 344 360 371 377 390 0
-334 -277 -101 344 0
-378 -357 -352 -338 -324 -306 -303 -302 -297 -286 -278 -263 -241 -240 -235 -170 -163 -161 -146 -145 -96 -82 -71 -64 -58 -34 -33 -4 5 9 27 29 50 51 59 68 90 100 101 109 116 125 133 141 153 157 173 211 230 243 247 253 260 267 277 281 287 293 295 305 314 334 354 364 365 374 0
-399 -370 -363 -354 -348 -335 -333 -310 -297 -279 -272 -268 -235 -227 -222 -213 -204 -166 -161 -155 -146 -145 -140 -126 -119 -102 -82 -76 -74 -73 -67 -56 -41 -15 -14 -11 6 7 16 20 44 46 47 62 78 86 92 96 105 109 118 130 142 176 178 187 196 200 208 214 216 224 233 266 271 277 306 319 338 349 351 372 381 395 0
-343 -294 -286 -226 -197 -173 -130 -113 -48 -26 -8 9 38 50 99 125 203 219 251 312 372 374 0
-392 -391 -381 -369 -335 -310 -306 -292 -288 -279 -261 -258 -241 -232 -193 -177 -161 -159 -151 -146 -127 -126 -104 -101 -100 -91 -90 -85 -82 -67 -66 -37 -34 1 26 42 75 96 118 180 202 219 239 249 284 301 330 341 353 354 367 371 385 400 0
-376 -368 -362 -347 -339 -330 -325 -296 -291 -280 -278 -251 -244 -239 -234 -232 -231 -217 -203 -180 -178 -175 -75 -31 6 8 37 39 72 98 107 160 162 173 198 219 246 277 309 326 334 384 395 0
-391 -364 -352 -341 -314 -305 -291 -288 -285 -276 -274 -263 -248 -244 -242 -240 -217 -214 -191 -172 -137 -118 -109 -73 -49 -21 -14 -9 -7 3 35 41 42 47 55 68 77 94 101 102 111 114 116 127 140 146 155 175 181 182 192 194 197 211 238 245 254 265 277 282 283 284 311 324 346 353 374 378 383 390 397 0
-381 -375 -360 -342 -320 -309 -304 -296 -290 -288 -272 -260 -253 -246 -235 -218 -190 -185 -184 -165 -163 -155 -137 -130 -128 -118 -113 -108 -103 -99 -84 -80 -76 -73 -68 -59 -57 -52 -18 -17 -6 -1 7 34 55 69 75 77 78 109 116 127 146 151 164 170 178 186 192 200 202 209 220 223 229 233 241 274 280 299 323 340 344 347 349 354 366 385 386 399 0
-388 -369 -328 -234 -143 -137 61 181 186 188 244 0
-397 -384 -355 -352 -336 -297 -260 -237 -227 -221 -220 -196 -182 -178 -170 -168 -159 -158 -157 -145 -139 -137 -132 -125 -117 -115 -107 -100 -96 -74 -71 -68 -62 -60 -54 -35 -34 -31 -28 6 7 9 15 18 21 23 26 53 79 80 101 103 110 118 119 120 127 142 144 149 175 183 188 200 210 217 230 252 264 265 280 284 291 294 302 305 330 334 346 347 357 360 381 391 0
-372 -362 -357 -342 -328 -307 -287 -282 -275 -235 -224 -214 -207 -194 -175 -169 -99 -70 -65 -55 -54 -29 -2 10 28 89 103 124 127 138 141 148 152 157 161 187 188 239 241 276 298 388 0
-391 -374 -370 -369 -364 -348 -332 -260 -251 -229 -226 -209 -206 -160 -121 -109 -105 -98 -93 -85 -81 -71 -70 -65 -45 -35 -2 4 22 49 53 69 112 113 116 138 168 195 212 214 216 230 243 257 275 277 287 301 305 310 327 331 349 354 357 368 0
-394 -385 -376 -373 -370 -367 -360 -355 -352 -346 -339 -322 -321 -306 -298 -288 -279 -266 -223 -197 -196 -193 -188 -187 -157 -154 -128 -123 -108 -90 -61 -34 -12 -6 -4 13 20 45 107 113 141 169 178 195 201 212 229 239 240 277 281 284 304 311 314 333 338 343 358 363 364 377 382 386 391 0
-397 -369 -174 -32 111 169 198 342 358 363 0
-253 -182 -172 -165 -139 56 201 241 309 317 350 362 0
-391 -382 -343 -342 -335 -334 -331 -326 -322 -315 -307 -306 -301 -300 -294 -267 -240 -234 -233 -215 -207 -205 -201 -200 -194 -184 -180 -168 -161 -159 -149 -147 -141 -135 -126 -115 -94 -80 -63 -59 -52 -51 -38 -31 -28 -24 -18 -17 -13 -8 35 47 55 64 68 77 79 103 124 137 143 153 179 209 224 225 232 239 247 249 257 276 279 295 296 303 324 333 349 353 362 379 393 0
-395 -383 -370 -367 -357 -343 -331 -329 -327 -322 -316 -315 -313 -308 -298 -292 -291 -284 -274 -270 -267 -265 -261 -259 -253 -216 -204 -196 -189 -167 -166 -154 -152 -139 -136 -133 -129 -126 -112 -111 -102 -97 -96 -93 -82 -80 -67 -64 -51 -34 -33 10 22 39 45 54 56 65 74 77 78 91 114 116 127 131 145 172 178 187 194 200 219 222 225 248 249 252 264 266 268 290 297 301 309 310 314 324 328 330 347 350 365 371 397 398 0
-371 -365 -324 -300 -290 -282 -274 -267 -266 -256 -223 -219 -202 -167 -155 -135 -130 -128 -126 -107 -99 -90 -88 -84 -70 -67 -64 -63 -60 -54 -51 -45 -44 -42 -37 -17 -4 15 30 48 59 83 89 101 102 114 162 188 205 212 253 264 265 278 279 286 309 312 322 344 347 366 367 0
-389 -237 -192 -91 -73 -10 28 35 39 49 144 157 164 170 210 227 312 367 385 0
-386 -379 -362 -357 -356 -313 -298 -289 -271 -258 -256 -230 -206 -194 -193 -142 -112 -62 -23 7 18 21 33 34 46 65 85 94 109 122 126 170 199 202 241 253 281 321 342 343 390 0
-335 -251 -98 379 0
-393 -355 -343 -338 -325 -319 -300 -296 -295 -282 -280 -277 -274 -269 -266 -263 -258 -255 -247 -232 -214 -205 -194 -187 -176 -138 -128 -124 -116 -103 -92 -85 -70 -18 -16 -7 -4 6 23 24 30 51 80 112 122 125 157 158 168 171 215 240 243 251 254 272 284 297 303 323 331 348 359 360 369 375 382 383 0
-310 -293 -284 -270 -264 -255 -176 -171 -142 -88 -86 -34 -29 -25 -20 -3 41 101 212 214 218 250 266 268 306 324 0
-390 -387 -381 -369 -367 -365 -358 -352 -347 -345 -341 -338 -329 -321 -315 -302 -284 -275 -272 -270 -259 -258 -255 -250 -249 -210 -203 -194 -189 -144 -141 -137 -135 -133 -123 -109 -100 -93 -77 -73 -71 -69 -48 -46 -31 -21 -18 1 3 14 25 32 36 51 60 61 66 68 80 102 106 107 124 125 126 157 159 162 177 178 182 197 198 209 252 253 266 267 276 281 294 295 297 298 346 366 368 374 380 394 0
-267 -93 -43 -39 34 72 124 147 193 289 0
-362 -352 -324 -321 -288 -285 -265 -261 -256 -235 -227 -215 -212 -192 -185 -158 -151 -142 -131 -81 -74 -64 -61 -46 -37 -33 -24 -9 -5 14 21 26 34 44 58 59 82 86 87 97 139 143 161 169 208 241 257 266 269 271 276 283 297 318 319 326 336 343 346 350 364 369 389 393 397 0
-393 -380 -378 -358 -345 -326 -315 -309 -303 -298 -291 -290 -283 -271 -253 -247 -244 -203 -183 -182 -181 -174 -170 -152 -146 -120 -117 -105 -95 -93 -71 -60 -56 -52 -49 -39 -34 -22 -19 -11 1 7 14 31 36 46 53 57 64 78 85 99 100 102 107 125 126 132 144 147 162 167 168 172 201 217 245 275 278 281 285 289 319 327 332 336 342 348 353 366 369 384 395 0
-399 -398 -361 -358 -352 -338 -319 -314 -289 -285 -263 -258 -255 -244 -240 -230 -221 -217 -206 -186 -142 -128 -118 -93 -92 -74 -65 -57 -54 -15 -5 2 11 42 67 70 119 147 156 173 183 188 203 214 216 232 234 257 270 275 276 283 296 299 317 322 334 335 365 366 0
-200 188 240 288 0
-398 -388 -386 -366 -353 -347 -345 -318 -314 -305 -304 -298 -297 -291 -287 -276 -271 -268 -266 -265 -264 -250 -241 -219 -214 -212 -166 -160 -148 -147 -136 -124 -116 -114 -110 -102 -90 -75 -63 -62 -43 -34 -29 -18 -15 -14 6 8 41 46 49 51 60 74 80 96 104 107 112 128 130 131 159 180 181 187 207 211 215 225 230 234 262 263 282 285 303 324 325 331 335 343 350 363 364 379 389 393 0
-400 -394 -390 -389 -381 -374 -369 -359 -300 -296 -294 -293 -264 -250 -231 -216 -212 -194 -193 -190 -184 -170 -167 -165 -157 -145 -126 -112 -110 -102 -78 -27 -24 -18 -17 11 30 44 48 67 70 73 97 99 104 116 118 124 128 149 151 159 163 175 185 187 205 208 213 222 225 232 237 240 242 247 266 267 284 306 308 319 321 361 363 373 382 386 0
-398 -272 -149 -138 -119 -73 57 64 156 308 347 0
-341 -328 -279 -245 -241 -190 -94 -91 -40 -21 61 73 83 89 141 145 150 165 326 396 0
-376 -368 -312 -297 -246 -218 -203 -179 -158 -120 -113 -85 -69 -26 3 15 83 84 95 103 138 146 186 194 195 219 232 243 258 270 293 0
-397 -390 -383 -379 -376 -373 -340 -335 -330 -279 -278 -276 -225 -221 -195 -194 -184 -163 -152 -150 -144 -130 -126 -104 -101 -100 -47 -40 -39 -34 -28 -1 6 7 8 22 41 52 68 78 98 105 108 146 151 156 164 177 183 207 215 239 284 286 292 306 311 333 363 372 374 0
-381 -354 -349 -329 -320 -314 -277 -276 -254 -247 -246 -223 -182 -179 -177 -168 -155 -154 -140 -83 -75 -55 -46 -17 11 74 100 141 142 180 190 194 198 216 231 271 273 301 323 327 330 361 374 385 391 392 397 0
-394 -358 -337 -206 -159 -148 11 73 133 135 165 192 294 0
-341 -327 -325 -314 -312 -289 -253 -245 -236 -226 -219 -207 -201 -190 -184 -171 -130 -102 -97 -94 -92 -83 -81 -73 -57 -51 -44 -26 -18 1 16 22 41 74 76 100 135 150 188 193 196 198 208 216 244 254 283 286 302 318 353 358 359 366 384 396 397 0
-400 -386 -385 -364 -363 -362 -353 -347 -330 -327 -314 -313 -312 -309 -303 -287 -282 -270 -267 -237 -229 -224 -222 -213 -201 -195 -194 -188 -182 -143 -136 -135 -131 -125 -117 -89 -80 -68 -62 -28 -19 -2 11 18 23 24 26 29 33 41 51 58 64 99 121 137 140 144 168 181 184 197 199 217 220 221 225 262 264 271 280 286 289 294 300 302 305 319 325 328 335 358 359 376 0
-325 -238 -187 -170 -74 -41 142 159 173 392 0
-391 -379 -370 -366 -365 -352 -344 -332 -327 -325 -318 -311 -309 -292 -287 -245 -237 -205 -202 -169 -152 -134 -119 -114 -113 -103 -93 -72 -65 -59 -51 -42 -34 -26 -10 1 2 13 17 21 25 28 46 50 56 71 78 85 105 118 120 121 128 168 170 176 179 200 206 209 213 215 238 241 253 256 263 273 282 290 301 310 314 333 335 343 345 346 349 356 359 360 367 377 381 387 0
-389 -373 -357 -347 -344 -343 -326 -320 -316 -308 -292 -279 -232 -228 -224 -205 -199 -191 -185 -178 -161 -148 -137 -131 -125 -113 -109 -91 -86 -84 -81 -78 -76 -64 -55 -48 -38 -31 -28 -24 -15 13 14 25 30 32 49 50 69 70 72 77 99 103 141 187 200 206 230 236 239 289 290 295 303 307 319 328 345 400 0
-389 -361 -344 -335 -288 -284 -259 -238 -230 -222 -221 -194 -189 -179 -164 -150 -148 -137 -124 -80 -78 -59 -29 -19 -16 3 21 37 54 56 67 90 92 111 112 115 136 154 169 172 177 184 217 275 298 376 379 380 399 0
-396 -151 -110 40 120 145 173 240 286 331 372 0
-394 -370 -356 -355 -337 -333 -314 -277 -193 -163 -151 -133 -132 -110 -96 -87 -58 -45 -30 -17 -2 61 65 73 104 117 126 131 161 183 187 192 198 221 226 259 270 276 322 372 0
-398 -384 -380 -378 -347 -346 -322 -316 -315 -308 -304 -303 -294 -288 -286 -285 -283 -274 -265 -254 -245 -240 -239 -230 -221 -219 -217 -199 -187 -185 -173 -160 -154 -137 -118 -101 -73 -53 -51 -41 -37 -32 -17 2 9 11 18 29 31 35 40 63 65 68 70 88 96 98 102 110 135 138 159 164 172 193 201 210 218 234 236 237 250 263 272 299 302 306 319 334 335 339 344 345 364 373 374 379 400 0
-375 -355 -340 -336 -326 -318 -297 -295 -282 -276 -224 -212 -211 -193 -164 -161 -157 -129 -122 -111 -83 -82 -58 -49 -4 25 28 33 46 59 72 79 88 89 91 140 144 160 183 201 235 240 253 269 288 343 346 353 358 384 396 0
-391 -374 -372 -336 -308 -294 -266 -255 -235 -228 -204 -193 -189 -187 -170 -162 -154 -135 -118 -103 -102 -94 -72 -65 -63 -53 -37 -29 -28 9 12 20 32 43 50 54 57 69 84 101 107 127 134 144 148 157 164 173 176 183 201 212 226 229 248 256 268 290 302 315 325 329 349 394 398 0
-380 -373 -369 -359 -357 -348 -338 -329 -327 -324 -309 -308 -306 -303 -296 -281 -276 -266 -227 -219 -218 -217 -216 -212 -196 -194 -186 -172 -162 -153 -151 -143 -132 -126 -118 -109 -108 -89 -87 -69 -59 -54 -37 -32 -27 -19 -12 7 26 41 44 49 56 57 58 62 75 80 81 92 101 114 121 123 149 157 167 170 177 187 202 208 221 222 223 254 257 264 277 285 286 292 307 316 323 336 344 347 353 355 356 358 379 381 386 389 396 0
-298 -230 -152 -94 95 156 166 0
-372 -352 -309 -235 -215 -201 -171 -159 -121 -103 -58 -36 -35 -9 71 102 111 147 187 223 228 307 326 330 332 345 356 364 393 398 399 0
-398 -388 -376 -367 -358 -343 -312 -269 -225 -224 -220 -205 -179 -172 -167 -166 -133 -122 -83 -57 -32 -21 -4 36 38 49 69 74 96 119 131 152 156 163 204 209 238 242 252 268 270 275 276 286 292 299 341 355 357 361 371 377 0
-395 -362 -340 -336 -320 -299 -294 -292 -254 -214 -206 -205 -171 -167 -152 -149 -127 -104 -72 -71 -5 21 41 63 89 99 103 123 128 169 179 181 188 192 200 201 211 242 255 256 270 276 277 282 291 349 363 378 383 387 0
-399 -398 -393 -379 -360 -350 -345 -340 -335 -320 -298 -291 -283 -270 -258 -241 -234 -232 -229 -218 -187 -185 -179 -175 -169 -166 -155 -152 -151 -150 -144 -134 -121 -113 -94 -90 -85 -80 -75 -47 -46 -44 -32 -19 -14 -4 1 10 20 31 35 36 37 50 62 64 77 83 86 89 110 114 120 125 129 136 141 142 148 184 186 192 193 195 204 206 211 223 224 227 242 244 245 253 262 266 271 292 326 333 339 342 346 362 377 381 388 396 0
-400 -383 -378 -377 -375 -371 -360 -352 -348 -341 -338 -337 -331 -322 -295 -292 -261 -206 -201 -175 -160 -151 -149 -143 -116 -114 -113 -111 -87 -85 -79 -78 -72 -65 -54 -52 -48 -41 -39 -22 -2 7 9 14 16 18 53 55 61 67 83 90 104 122 128 140 164 165 192 199 221 222 236 243 285 291 296 311 313 314 316 323 326 327 342 349 372 381 384 394 398 0
-400 -390 -387 -356 -226 -95 -89 -43 29 48 72 102 110 129 172 174 183 194 206 0
-380 -379 -364 -358 -333 -329 -327 -320 -317 -301 -293 -289 -283 -271 -256 -252 -249 -245 -226 -220 -209 -203 -201 -196 -194 -180 -143 -137 -124 -111 -105 -100 -79 -69 -53 -48 -37 -29 20 21 31 32 40 50 59 62 64 88 92 103 104 116 118 119 125 133 157 160 161 164 165 167 171 181 192 193 213 215 236 237 253 262 268 280 290 296 304 308 309 321 330 336 341 345 353 365 392 0
-364 -358 -351 -348 -326 -304 -299 -297 -291 -286 -273 -255 -235 -229 -227 -225 -224 -203 -173 -171 -170 -168 -167 -166 -150 -124 -118 -116 -110 -104 -99 -89 -65 -55 -27 -15 -11 -10 7 19 21 24 39 42 43 49 62 64 66 69 82 95 111 114 128 131 134 138 139 142 156 158 174 175 177 191 193 217 240 248 261 283 313 315 323 332 342 349 354 360 371 381 382 385 386 391 399 0
-398 -394 -389 -385 -381 -376 -367 -359 -353 -346 -340 -337 -325 -304 -272 -267 -262 -254 -251 -240 -217 -204 -193 -190 -183 -181 -178 -177 -174 -173 -171 -164 -163 -153 -148 -144 -129 -128 -122 -116 -105 -71 -70 -69 -59 -55 -53 -48 -45 -21 -15 -11 -6 -5 2 8 9 16 60 114 132 134 138 139 149 150 169 182 185 194 195 227 234 237 238 284 287 291 300 301 319 322 324 332 333 336 344 351 356 366 371 383 397 0
-394 -387 -366 -365 -359 -346 -274 -268 -253 -241 -234 -227 -218 -206 -203 -170 -112 -101 -81 -68 -65 -61 -46 -45 -31 -30 -11 27 66 82 107 131 148 164 166 173 174 177 181 189 205 209 236 264 280 289 298 300 303 312 314 330 333 372 393 395 0
-398 -383 -371 -369 -367 -359 -326 -307 -303 -296 -291 -290 -283 -258 -256 -252 -234 -230 -228 -213 -211 -203 -197 -193 -179 -176 -174 -160 -151 -147 -130 -128 -123 -82 -78 -74 -71 -70 -53 -31 -26 -24 -13 3 8 9 14 18 19 27 37 45 49 66 67 68 97 102 104 105 113 118 136 142 149 153 154 163 164 166 191 196 209 219 226 242 251 269 287 292 299 321 322 329 333 338 340 347 349 355 368 372 374 377 394 400 0
-335 -274 -207 -158 -149 -147 -114 -99 -28 -22 -5 91 106 195 301 347 374 0
-395 -390 -368 -356 -349 -337 -311 -295 -280 -256 -193 -173 -167 -158 -141 -140 -115 -105 -103 -100 -94 -53 -51 -40 -23 -12 -5 1 36 55 56 70 72 79 85 96 104 116 120 122 130 135 138 148 164 174 182 215 223 235 245 276 298 307 315 320 321 363 371 0
-400 -393 -391 -379 -365 -364 -331 -329 -327 -326 -322 -316 -297 -283 -267 -262 -255 -240 -232 -231 -227 -222 -209 -190 -181 -171 -170 -155 -149 -136 -123 -87 -84 -66 -62 -51 -50 -42 -29 -22 -20 -15 -6 3 5 25 26 35 41 45 49 53 59 60 85 94 99 101 121 126 138 163 173 177 192 196 198 211 218 245 249 266 268 271 272 277 291 295 298 299 305 315 319 324 325 332 348 353 359 392 398 0
-391 -367 -365 -361 -355 -342 -289 -281 -278 -277 -272 -264 -243 -227 -223 -222 -207 -181 -179 -162 -104 -99 -92 -74 -67 -39 -12 -8 -2 43 44 64 73 76 105 123 124 129 135 146 173 183 250 274 284 296 320 322 341 345 358 373 0
-391 -373 -347 -326 -313 -284 -280 -260 -231 -215 -209 -199 -193 -191 -177 -174 -169 -144 -138 -130 -116 -114 -113 -103 -102 -75 -57 -51 -48 -44 -39 -37 -33 -19 -17 -10 -1 7 11 18 20 24 62 66 68 71 82 94 127 129 135 136 149 152 182 198 203 205 223 224 230 233 237 239 248 253 257 263 264 275 296 300 304 322 341 343 375 376 398 0
-398 -379 -347 -334 -318 -317 -312 -309 -291 -287 -271 -269 -259 -256 -245 -234 -232 -224 -219 -188 -179 -172 -167 -165 -164 -150 -139 -95 -88 -86 -82 -68 -63 -57 -53 -42 -39 -36 -35 -29 -13 -9 -5 -4 20 26 28 43 44 64 70 78 90 112 120 129 131 146 159 160 161 166 168 190 191 239 246 275 279 288 294 298 301 303 310 311 315 325 326 327 336 341 346 356 358 364 368 369 373 375 387 388 389 393 394 0
-385 -380 -368 -365 -349 -342 -341 -332 -313 -301 -286 -281 -277 -274 -258 -249 -226 -205 -203 -200 -196 -187 -182 -164 -162 -158 -155 -153 -125 -118 -116 -104 -102 -75 -74 -67 -64 -55 -54 -45 -42 -37 -13 -3 5 21 32 33 41 73 85 98 115 132 138 168 188 214 219 236 241 242 245 280 292 302 304 312 315 322 363 367 388 0
-397 -392 -388 -384 -381 -376 -369 -363 -351 -343 -341 -339 -338 -324 -315 -311 -272 -259 -222 -201 -200 -187 -186 -182 -160 -143 -141 -138 -132 -131 -128 -127 -113 -103 -101 -99 -97 -59 -56 -46 -34 -29 2 3 8 20 21 22 30 38 41 63 77 79 80 130 134 136 137 156 166 169 178 184 192 193 197 209 211 227 230 233 234 236 262 264 268 269 274 277 280 304 309 322 334 336 348 360 365 374 377 389 393 0
-229 -172 -142 -100 -53 78 94 185 252 361 0
-396 -394 -385 -377 -357 -340 -337 -336 -324 -323 -321 -318 -316 -312 -308 -284 -275 -263 -260 -258 -250 -249 -243 -210 -189 -187 -184 -180 -179 -177 -172 -170 -162 -128 -94 -90 -89 -66 -64 -60 -59 -47 -20 1 15 35 82 91 92 114 119 121 125 127 136 141 142 146 151 161 168 169 185 196 206 215 229 233 239 257 271 279 289 299 303 328 345 373 389 400 0
-394 -359 -321 -314 -296 -245 -244 -228 -224 -210 -201 -197 -194 -183 -182 -176 -149 -140 -138 -117 -110 -107 -97 -82 -47 -19 -13 -10 21 28 31 41 44 45 54 55 85 90 109 157 161 169 190 205 222 225 241 243 254 270 272 273 291 308 313 331 340 350 372 393 0
-398 -383 -379 -377 -360 -351 -335 -321 -318 -314 -313 -309 -297 -275 -272 -269 -252 -226 -221 -205 -190 -185 -183 -167 -153 -135 -133 -114 -106 -88 -78 -66 -62 -57 -47 -41 -38 -13 -9 -5 -4 1 6 21 25 29 32 36 49 54 71 89 91 94 97 111 113 179 195 208 213 227 228 242 246 249 256 265 273 274 277 278 279 280 283 285 292 312 316 320 324 325 334 337 343 357 362 374 0
-384 -382 -380 -340 -333 -331 -328 -326 -323 -318 -306 -288 -238 -105 23 53 54 58 97 183 226 231 235 236 337 343 0
-281 0
-396 -382 -318 -304 -292 -257 -213 -184 -166 -151 -107 -100 -81 -64 -47 -20 3 15 17 62 67 104 136 150 153 163 193 200 219 225 253 364 0
-400 -368 -323 -286 -285 -269 -253 -237 -89 -86 -58 -41 51 82 179 229 364 0
-399 -255 -220 -209 -201 -174 -129 -114 -105 -88 -80 -14 -13 48 100 169 206 282 294 317 0
-396 -382 -379 -347 -339 -338 -315 -250 -234 -223 -221 -212 -183 -176 -173 -153 -135 -134 -82 -66 -34 -30 18 23 31 75 81 94 103 132 145 146 148 188 204 209 226 254 273 279 290 301 342 348 349 350 361 370 0
-399 -391 -384 -364 -357 -351 -347 -342 -338 -321 -310 -308 -305 -303 -288 -273 -266 -262 -261 -259 -253 -241 -236 -217 -214 -209 -206 -196 -187 -176 -165 -162 -150 -146 -119 -117 -106 -105 -103 -96 -85 -82 -73 -68 -67 -63 -48 -33 -31 -30 -22 -19 -9 -6 23 28 36 44 49 77 97 110 122 127 133 134 138 139 157 170 191 194 199 252 274 277 278 286 287 291 295 297 302 307 320 324 332 344 353 359 360 368 371 387 393 0
-369 -338 -322 -281 -260 -225 -147 -115 -81 -66 28 35 88 96 149 159 241 250 332 382 387 391 400 0
-388 -387 -374 -373 -369 -356 -350 -337 -335 -329 -313 -293 -278 -270 -268 -254 -252 -251 -240 -229 -227 -221 -215 -210 -195 -187 -178 -155 -144 -103 -79 -74 -60 -44 -41 -40 -35 -14 -7 -5 -1 3 34 49 65 67 73 76 77 84 88 90 97 98 115 120 138 139 143 145 154 157 167 168 172 173 175 182 185 186 191 206 225 226 237 238 253 279 280 284 285 286 305 348 368 384 0
-341 -338 -325 -318 -312 -304 -269 -255 -254 -249 -244 -219 -215 -214 -195 -183 -164 -161 -121 -84 -66 -65 -52 -49 -48 -32 3 5 16 19 43 70 76 78 100 112 141 143 193 213 218 229 245 263 307 343 345 353 378 390 397 399 0
-399 -309 -287 -281 -266 -265 -176 -172 -162 -157 -154 -144 -143 -139 -128 -94 -77 -46 -29 23 48 51 68 129 134 159 178 193 203 238 239 251 258 271 301 321 337 339 362 387 397 398 0
-337 -333 -316 -314 -312 -309 -308 -307 -277 -255 -237 -235 -225 -220 -207 -195 -176 -175 -153 -145 -119 -109 -102 -82 -74 -38 -22 -9 -8 6 12 53 101 171 180 194 224 246 302 305 349 365 371 376 386 389 0
-284 -220 -178 -175 32 53 204 362 0
-376 -365 -338 -324 -311 -304 -288 -283 -276 -263 -237 -231 -211 -170 -161 -132 -112 -104 -57 -49 -33 1 19 39 43 109 135 208 222 256 259 279 307 314 334 371 372 377 379 0
-382 -381 -378 -355 -352 -328 -324 -262 -258 -244 -229 -222 -205 -140 -131 -41 -28 -10 6 20 38 66 81 87 105 110 136 139 171 190 211 216 239 240 248 286 296 307 326 364 383 387 0
-369 -336 -324 -312 -309 -307 -293 -228 -209 -99 -46 -36 -26 -10 11 18 48 61 106 114 153 259 273 283 305 323 328 339 347 372 376 0
-400 -396 -387 -381 -347 -338 -321 -305 -262 -250 -236 -235 -222 -179 -175 -174 -103 -73 -57 -2 14 20 24 81 85 90 93 101 137 154 162 209 268 308 362 363 374 0
-381 -378 -373 -363 -360 -353 -346 -344 -336 -335 -312 -307 -303 -282 -281 -273 -271 -241 -233 -224 -215 -196 -178 -175 -150 -141 -136 -133 -130 -121 -87 -70 -59 -48 -28 -26 -25 1 11 27 30 34 57 58 66 68 88 94 95 146 153 159 179 187 190 211 230 234 249 262 263 266 268 270 300 308 309 310 319 328 339 361 362 394 398 0
-397 -394 -389 -388 -387 -381 -366 -363 -341 -316 -285 -246 -240 -215 -214 -174 -163 -162 -146 -139 -138 -124 -116 -113 -112 -110 -107 -105 -99 -96 -89 -88 -71 -68 -67 -65 -64 -57 -52 -45 -42 -41 -40 -31 -15 -8 20 24 28 32 36 37 47 66 72 76 87 108 115 123 127 144 148 152 167 172 177 183 195 219 228 252 254 260 261 274 278 295 298 302 321 327 331 332 340 347 348 350 365 373 382 399 0
-373 -355 -327 -302 -270 -229 -206 -195 -171 -169 -163 -161 -149 -148 -131 -116 -95 -81 -30 -13 14 49 84 92 192 203 217 225 243 255 289 292 320 370 385 391 0
-371 -298 -249 -183 -143 -100 103 282 352 0
-376 -363 -355 -312 -240 -216 -111 -90 -81 58 66 101 128 168 213 228 261 270 309 313 362 0
-400 -378 -360 -356 -355 -346 -333 -332 -329 -316 -310 -301 -294 -277 -257 -254 -246 -241 -212 -211 -198 -196 -190 -187 -185 -176 -169 -145 -143 -139 -116 -109 -97 -96 -86 -78 -62 -51 -45 -35 -12 -10 -5 3 16 27 36 41 47 63 68 72 79 83 85 92 93 101 110 119 123 125 126 127 138 144 146 153 158 165 168 181 183 205 207 226 239 245 251 256 258 263 265 275 293 330 331 338 342 368 372 374 375 381 384 385 0
-390 -355 -343 -332 -328 -264 -243 -86 -79 42 53 102 103 125 148 367 371 386 0
-394 -387 -384 -337 -325 -322 -318 -308 -305 -287 -263 -258 -242 -213 -175 -157 -105 -99 -97 -52 -27 -25 119 128 142 149 154 169 171 183 193 195 206 209 217 222 249 351 379 383 0
-394 -377 -374 -357 -323 -313 -296 -268 -260 -252 -250 -231 -226 -225 -208 -188 -166 -159 -147 -143 -135 -134 -133 -125 -114 -97 -83 -65 -44 -26 -13 -12 31 33 56 72 79 109 116 117 120 139 146 160 161 169 187 198 203 230 237 253 257 259 262 276 287 290 293 299 305 321 327 335 340 370 381 390 0
-379 -366 -364 -356 -348 -341 -329 -315 -302 -289 -287 -270 -255 -246 -236 -199 -196 -195 -151 -103 -102 -92 -79 -77 -60 -58 -53 -46 -38 -20 4 15 18 34 44 49 52 55 72 80 82 106 138 143 159 172 186 201 216 217 226 231 237 247 248 260 276 278 297 328 332 339 345 350 355 398 0
-395 -392 -391 -380 -370 -369 -361 -358 -356 -349 -341 -333 -322 -320 -317 -295 -294 -293 -273 -270 -266 -264 -257 -253 -250 -249 -238 -233 -227 -219 -212 -198 -194 -182 -179 -166 -161 -159 -156 -150 -143 -142 -137 -134 -121 -119 -102 -100 -96 -73 -59 -51 -49 -40 -38 -25 -24 -17 2 6 18 29 52 55 57 69 71 86 94 113 120 125 133 163 165 172 174 176 189 190 218 221 224 230 274 300 301 303 321 324 327 347 350 366 371 378 382 386 0
-379 -373 -371 -368 -363 -357 -345 -317 -303 -302 -275 -271 -266 -264 -257 -253 -245 -224 -212 -189 -161 -131 -102 -92 -73 -61 -60 -47 -24 -4 1 5 14 25 38 51 54 64 68 84 87 136 146 165 178 186 196 221 238 242 243 261 265 278 301 308 349 351 359 366 370 0
-395 -388 -384 -377 -366 -360 -350 -342 -340 -338 -310 -308 -300 -284 -273 -270 -205 -192 -182 -181 -162 -151 -145 -123 -99 -97 -59 -45 -33 -27 -4 2 5 6 28 35 43 62 71 91 106 107 118 135 149 153 175 180 199 210 215 234 250 269 286 287 295 321 323 336 348 352 359 390 396 0
-385 -381 -379 -378 -366 -351 -339 -329 -328 -321 -310 -308 -305 -304 -301 -299 -296 -290 -278 -271 -256 -244 -233 -231 -230 -214 -203 -191 -190 -169 -167 -162 -161 -156 -151 -147 -135 -117 -114 -111 -101 -90 -88 -72 -45 -35 -28 -25 -24 -16 -2 8 12 46 47 52 62 67 68 86 92 97 115 118 131 146 176 178 182 224 228 234 246 250 267 295 297 307 325 327 354 355 360 373 384 387 388 0
-374 -347 -344 -313 -304 -205 -179 -173 -147 -127 -90 -75 -74 -29 -15 -7 18 24 34 54 68 76 86 99 136 150 172 190 204 214 253 267 272 276 282 283 289 301 333 337 373 0
-397 -346 -291 -288 -269 -248 -167 -117 -115 -106 -63 -47 -12 15 24 30 36 58 65 89 93 101 134 144 149 199 208 215 238 245 266 0
-398 -362 -309 -272 -235 -112 -65 -58 -47 79 90 99 154 200 220 234 252 264 277 279 293 308 339 360 389 0
-396 -388 -384 -373 -369 -368 -343 -336 -328 -322 -319 -317 -311 -308 -306 -296 -282 -265 -262 -250 -244 -232 -212 -199 -187 -183 -179 -177 -170 -167 -156 -152 -130 -115 -101 -98 -88 -84 -81 -76 -71 -58 -43 -42 -39 -7 11 12 13 22 33 47 61 83 90 95 128 135 137 139 171 174 180 197 198 223 225 233 234 255 267 278 279 289 297 298 299 303 309 313 326 327 333 339 356 361 380 387 0
-398 -387 -382 -348 -343 -342 -340 -324 -309 -306 -298 -297 -279 -243 -241 -235 -230 -226 -216 -211 -192 -190 -169 -152 -131 -118 -104 -101 -84 -62 -44 -43 -9 -6 12 39 49 52 63 69 71 75 76 86 117 126 137 140 145 146 163 167 168 180 181 186 194 204 206 209 229 246 277 319 322 349 358 377 378 379 392 395 399 0
-395 -393 -367 -361 -351 -292 -245 -205 -151 -144 -136 119 252 255 339 0
-394 -370 -366 -356 -355 -347 -346 -329 -317 -303 -284 -283 -279 -272 -271 -270 -267 -261 -254 -249 -243 -237 -213 -209 -179 -177 -175 -171 -156 -149 -146 -141 -138 -135 -109 -106 -95 -55 -52 -45 -38 -35 -34 -28 -20 -9 -1 8 11 17 22 26 31 49 56 75 76 79 80 84 89 111 117 122 129 134 139 153 163 167 172 174 184 189 190 199 205 232 250 266 285 286 296 300 305 310 324 325 352 372 377 381 383 391 396 0
-399 -367 -327 -321 -175 -156 -144 -132 -86 -81 -80 -79 -48 -10 -7 -4 15 21 33 37 56 91 102 113 128 129 150 157 165 173 183 185 208 287 290 319 322 344 357 372 0
-383 -382 -381 -377 -369 -366 -344 -317 -310 -305 -299 -290 -284 -266 -264 -258 -249 -222 -216 -213 -209 -193 -173 -154 -147 -140 -122 -112 -104 -98 -77 -58 -52 -51 -44 -39 -32 -25 -15 -8 -7 4 11 17 35 45 76 78 108 120 124 145 156 158 159 161 168 169 207 217 221 234 237 244 248 253 254 256 267 269 274 287 292 316 336 338 345 351 357 367 370 373 375 376 390 0
-359 -353 -339 -320 -308 -268 -240 -205 -150 -119 -95 -85 -78 -50 -49 -45 -19 -1 14 65 72 83 104 184 193 202 211 218 223 228 230 237 239 275 281 289 292 309 324 329 331 347 389 392 393 0
-397 -394 -391 -376 -356 -339 -336 -333 -322 -316 -303 -300 -270 -256 -255 -248 -245 -235 -233 -232 -225 -217 -210 -200 -199 -184 -182 -173 -167 -157 -153 -148 -145 -135 -110 -73 -59 -52 -43 -42 -36 -19 -15 -13 -10 -3 2 8 21 22 23 27 33 37 48 55 66 67 75 92 98 122 139 143 146 175 180 181 183 187 195 203 205 219 229 243 247 257 262 279 280 290 291 293 298 301 304 308 325 342 355 358 360 363 366 378 393 395 396 0
-374 -329 -323 -306 -287 -284 -238 -225 -162 -158 -58 -50 -40 -28 -17 107 121 150 161 164 246 338 364 369 396 0
-395 -388 -362 -332 -317 -310 -221 -209 -181 -169 -137 -123 -110 -64 -57 -33 -31 5 96 127 131 159 229 246 258 266 271 295 304 334 378 0
-388 -367 -360 -358 -354 -351 -349 -345 -337 -335 -312 -308 -307 -301 -296 -277 -273 -259 -257 -256 -248 -236 -233 -230 -216 -203 -199 -191 -186 -181 -157 -153 -143 -128 -126 -118 -113 -111 -108 -98 -94 -90 -81 -53 -44 -34 -16 -13 -3 7 19 25 26 28 42 63 71 76 101 104 106 115 124 138 152 163 167 196 224 227 232 239 243 252 253 262 278 280 287 291 293 303 313 328 332 344 353 364 380 384 392 393 399 0
-388 -359 -355 -342 -324 -323 -320 -318 -307 -305 -302 -280 -277 -276 -256 -251 -250 -226 -224 -210 -206 -203 -199 -182 -175 -171 -130 -111 -95 -87 -86 -62 -53 -47 -43 -32 -29 -28 -25 -20 -9 12 37 40 46 59 66 69 107 116 118 123 125 153 157 161 173 183 185 193 197 209 230 233 234 237 239 249 259 266 270 284 287 289 291 297 328 339 362 363 364 378 387 0
-384 -382 -375 -365 -343 -329 -320 -312 -292 -290 -289 -281 -268 -230 -219 -216 -164 -130 -117 -99 -54 -53 -52 -48 -14 94 97 103 238 242 248 254 274 282 310 337 369 373 0
-399 -395 -362 -347 -339 -313 -292 -291 -290 -287 -273 -265 -260 -259 -253 -234 -232 -219 -211 -208 -207 -206 -202 -182 -176 -175 -158 -154 -149 -136 -108 -97 -72 -70 -54 -39 -34 -28 -25 1 4 14 19 21 37 42 49 56 62 68 74 75 99 100 102 106 110 111 124 141 153 156 171 174 188 190 223 229 238 240 243 244 257 288 310 312 319 345 348 349 365 373 380 381 387 0
-351 -246 -187 -14 71 0
-396 -390 -363 -359 -357 -273 -210 -163 -143 -92 -30 -9 -3 40 130 142 212 0
-400 -393 -376 -365 -361 -342 -326 -321 -314 -312 -309 -304 -301 -284 -281 -276 -241 -227 -209 -194 -191 -183 -175 -161 -149 -147 -144 -143 -133 -132 -127 -122 -117 -112 -104 -69 -67 -60 -46 -44 -1 4 5 19 22 23 29 36 43 47 53 55 56 57 62 63 68 77 95 114 135 142 148 172 182 188 197 207 208 229 239 261 265 270 283 325 345 370 372 380 386 0
-399 -380 -376 -374 -367 -358 -346 -343 -333 -330 -328 -308 -300 -274 -271 -247 -222 -215 -212 -204 -197 -186 -172 -170 -169 -153 -148 -147 -131 -130 -118 -111 -94 -73 -71 -41 -35 -27 -20 -15 -1 10 14 16 21 42 44 59 64 65 66 75 86 90 108 112 119 141 144 158 207 213 219 248 249 289 296 332 342 344 351 373 0
-380 -379 -372 -349 -333 -329 -307 -301 -293 -290 -287 -277 -263 -252 -245 -238 -234 -228 -217 -215 -214 -212 -168 -161 -121 -77 -73 -45 -29 7 9 10 23 27 36 46 57 80 82 92 122 157 165 167 173 182 190 192 195 222 226 235 241 242 257 269 299 302 303 304 338 347 351 360 366 375 377 391 392 0
-380 -377 -362 -356 -334 -321 -295 -282 -276 -269 -267 -265 -256 -249 -203 -186 -180 -165 -148 -131 -109 -77 -71 -70 -63 -49 -24 -22 -19 -12 1 13 31 83 100 104 107 136 145 157 162 202 217 228 238 254 271 278 300 306 310 340 353 363 369 391 0
-393 -374 -371 -363 -350 -341 -340 -336 -330 -328 -315 -256 -251 -247 -244 -243 -242 -239 -231 -225 -220 -204 -203 -195 -190 -174 -164 -156 -151 -127 -124 -122 -108 -95 -88 -87 -72 -63 -61 -55 -45 -14 -10 -6 21 42 54 56 69 70 74 96 97 100 101 103 104 135 150 152 165 173 194 216 218 221 224 227 233 234 266 271 272 275 288 311 316 353 357 0
138 0
-384 -367 -362 -343 -326 -297 -295 -269 -259 -211 -163 -146 -139 -124 -45 -26 -8 31 54 91 108 191 213 216 234 271 301 304 337 345 0
-389 -316 -309 -235 -224 -171 -51 -37 64 211 298 0
34 229 0
-397 -385 -379 -359 -355 -344 -343 -342 -331 -322 -320 -305 -289 -277 -275 -273 -259 -250 -242 -236 -220 -214 -203 -188 -174 -166 -143 -140 -137 -135 -127 -125 -120 -88 -86 -83 -65 -55 -46 -43 -40 -32 -30 -24 -14 1 13 35 45 96 103 106 115 128 145 148 162 164 183 185 190 191 194 207 210 216 218 229 234 246 254 258 268 272 294 298 314 338 341 348 350 358 360 361 367 399 0
-395 -322 -306 -285 -241 -234 -224 -180 -174 -158 -29 -23 -13 36 208 211 218 254 264 320 356 368 392 0
-392 -390 -361 -349 -344 -338 -330 -321 -319 -318 -314 -297 -284 -277 -270 -265 -244 -242 -203 -202 -194 -189 -185 -180 -169 -165 -137 -133 -129 -117 -65 -56 -43 -41 -29 -23 -14 1 22 45 50 61 87 97 116 123 134 138 145 166 176 179 181 186 187 190 224 233 254 275 280 281 299 308 324 328 342 354 360 362 367 369 396 0
-390 -378 -361 -356 -333 -310 -302 -268 -257 -253 -224 -206 -200 -189 -181 -168 -165 -145 -132 -128 -117 -103 -93 -84 -64 -54 -1 5 8 10 32 41 44 56 94 98 106 118 131 139 152 162 164 174 185 193 205 219 220 234 239 254 271 298 317 322 341 354 355 0
-396 -381 -343 -341 -336 -333 -332 -318 -293 -283 -278 -272 -266 -259 -246 -241 -240 -238 -233 -227 -225 -224 -221 -210 -164 -160 -151 -148 -140 -139 -122 -114 -108 -101 -96 -87 -80 -78 -71 -56 -53 -32 13 23 25 26 39 45 61 92 115 123 130 136 142 143 159 161 175 176 177 194 209 251 258 275 280 294 298 310 312 320 323 337 348 357 358 363 364 365 367 369 397 0
-379 -360 -357 -339 -313 -292 -291 -281 -268 -264 -260 -255 -230 -221 -220 -195 -190 -170 -160 -156 -155 -148 -138 -113 -107 -91 -84 -82 -77 -45 -41 -36 -16 -3 1 15 23 27 56 57 64 69 80 83 86 93 100 105 115 120 122 169 184 203 214 219 247 252 262 284 301 302 309 334 338 342 364 365 392 397 398 0
-354 -340 -308 -283 -273 -267 -261 -260 -257 -255 -190 -163 -162 -160 -139 -128 -124 -102 -90 -58 -42 -35 -34 -19 2 14 17 28 33 44 46 47 63 65 74 75 94 115 137 144 167 193 207 211 212 269 272 278 300 302 304 306 320 330 346 360 361 0
-363 -359 -354 -333 -329 -301 -298 -272 -270 -268 -265 -249 -219 -217 -196 -184 -162 -155 -152 -142 -128 -108 -99 -90 -82 -74 -72 -66 -11 -6 -4 2 12 31 39 54 55 62 119 120 146 150 158 167 179 227 251 278 315 320 325 332 339 349 384 0
-385 -376 -374 -364 -360 -314 -312 -292 -253 -249 -246 -117 -26 30 38 52 124 199 244 295 299 310 311 328 340 0
-346 -264 -141 -118 -8 58 63 68 80 103 123 132 179 262 310 377 392 0
-394 -380 -372 -370 -361 -349 -343 -329 -320 -289 -265 -227 -219 -218 -209 -202 -187 -182 -181 -156 -153 -152 -142 -141 -140 -132 -131 -121 -118 -108 -105 -88 -84 -78 -71 -37 -23 -8 7 11 16 21 26 36 46 49 50 55 57 63 66 73 79 80 94 95 97 104 106 107 110 115 135 138 166 179 197 201 203 205 212 245 252 260 271 272 282 283 288 296 304 305 312 317 319 323 325 335 339 348 353 354 358 359 377 379 397 398 399 0
-379 -305 -299 -298 -297 -226 -145 -26 -20 5 67 81 146 156 184 201 277 294 375 0
-366 -357 -348 -321 -317 -312 -305 -301 -297 -256 -246 -243 -230 -208 -205 -176 -173 -160 -131 -65 -63 -59 -56 -14 8 62 69 80 108 117 146 149 180 207 211 216 249 257 261 273 287 292 298 308 328 359 363 370 0
-383 -380 -354 -353 -346 -333 -327 -313 -306 -305 -296 -291 -271 -239 -224 -208 -197 -192 -180 -175 -155 -144 -137 -129 -124 -107 -100 -95 -81 -74 -65 -59 -50 -38 -34 -13 4 40 67 70 86 102 113 115 121 126 133 150 151 178 196 198 204 219 230 233 255 261 263 275 307 308 316 322 324 330 332 337 338 340 345 349 370 374 375 0
-388 -380 -305 -303 -294 -254 -195 -181 -157 -154 -128 -82 -70 -56 6 38 96 108 133 141 155 185 233 240 289 309 318 333 350 391 0
-397 -388 -381 -374 -354 -352 -336 -327 -321 -293 -292 -279 -242 -234 -218 -217 -213 -207 -187 -182 -178 -174 -147 -144 -113 -112 -109 -97 -94 -91 -90 -73 -71 -63 -42 -24 -12 -3 16 21 22 26 30 31 33 35 46 49 54 60 65 68 80 122 149 155 165 175 179 188 200 206 224 243 251 253 254 256 259 260 264 268 269 271 308 312 356 357 361 368 370 373 385 0
-369 -323 -242 -136 -92 -15 23 76 97 290 319 0
-317 -304 -284 -278 -274 -271 -265 -258 -257 -195 -166 -62 -33 -21 -8 13 24 30 127 153 171 175 177 204 220 234 260 319 326 338 377 390 0
-397 -387 -382 -371 -332 -306 -303 -262 -252 -237 -230 -217 -206 -178 -164 -155 -146 -128 -115 -103 -98 -43 -33 -26 -18 -6 2 44 130 140 149 156 166 169 173 187 188 192 203 232 238 251 253 256 263 266 268 290 313 336 338 343 347 351 358 362 370 396 0
-387 -364 -362 -345 -343 -335 -325 -319 -300 -297 -286 -280 -264 -263 -256 -252 -248 -244 -229 -226 -220 -217 -210 -185 -175 -174 -165 -160 -154 -145 -142 -139 -135 -115 -113 -101 -73 -68 -60 -49 -48 -47 -38 -37 -36 -28 15 40 54 107 125 131 133 138 140 144 148 159 161 162 170 173 177 190 209 212 213 215 218 225 249 254 276 283 285 291 318 320 329 330 336 337 350 351 356 369 370 394 396 0
-126 -63 312 0
-383 -367 -361 -350 -349 -333 -330 -319 -318 -313 -309 -298 -297 -287 -283 -279 -263 -257 -256 -251 -247 -246 -234 -228 -227 -218 -209 -195 -189 -177 -168 -159 -145 -143 -142 -139 -138 -118 -114 -107 -93 -89 -86 -84 -83 -82 -75 -69 -65 -59 -49 -41 -31 -27 -15 -13 16 33 40 55 58 63 79 92 97 106 115 130 148 157 161 170 176 181 186 197 200 223 232 233 237 267 282 288 294 307 308 311 314 322 338 339 343 345 360 372 388 393 0
-382 -367 -337 -192 -169 -167 -134 -131 -79 -37 -15 8 38 47 54 67 96 124 127 165 172 196 297 310 331 379 388 389 0
-398 -395 -394 -381 -378 -373 -369 -367 -363 -356 -346 -319 -305 -304 -300 -297 -274 -273 -271 -270 -263 -258 -244 -243 -228 -225 -218 -192 -186 -184 -179 -173 -168 -160 -156 -153 -145 -137 -121 -119 -112 -110 -105 -98 -93 -88 -80 -56 -54 -46 -43 -34 -15 -11 -9 -4 3 7 18 52 53 68 72 82 84 90 94 101 106 114 116 118 136 151 158 161 182 188 196 211 212 214 216 217 220 224 248 265 266 293 315 332 336 344 349 361 380 0
-384 -363 -362 -348 -302 -255 -231 -226 -199 -195 -162 -152 -135 -128 -120 -72 -41 -34 -29 -23 -8 -2 3 6 20 24 45 76 78 81 114 121 131 181 186 188 192 200 207 222 232 282 301 310 315 321 329 382 393 0
-389 -384 -360 -323 -318 -308 -291 -284 -276 -270 -244 -237 -226 -221 -218 -217 -215 -206 -199 -167 -151 -139 -122 -115 -108 -93 -79 -52 -51 -50 -49 -27 -7 -4 3 6 15 37 75 76 92 96 156 174 175 214 216 225 234 250 258 297 303 310 314 336 342 362 379 386 0
-399 -362 -358 -351 -333 -310 -304 -298 -291 -279 -278 -274 -270 -264 -254 -251 -249 -247 -225 -224 -214 -213 -202 -172 -168 -164 -163 -154 -153 -128 -120 -118 -117 -108 -105 -104 -96 -91 -79 -74 -60 -39 -32 -26 -3 -1 8 20 35 51 54 59 77 134 145 146 157 165 166 171 173 183 186 206 209 211 220 230 267 271 303 322 361 364 370 376 378 382 383 386 394 0
-387 -383 -367 -361 -355 -331 -329 -327 -324 -299 -277 -276 -275 -273 -265 -248 -239 -235 -223 -221 -218 -204 -195 -166 -158 -127 -109 -108 -104 -67 -63 -50 -49 -20 -14 9 10 19 30 31 35 41 42 74 87 91 93 110 116 130 155 161 163 173 174 182 208 214 229 240 253 284 293 300 306 308 332 337 344 346 391 393 396 0
-383 -379 -360 -357 -338 -336 -328 -327 -314 -310 -303 -300 -294 -267 -252 -244 -234 -229 -214 -213 -202 -172 -162 -159 -146 -139 -136 -132 -130 -125 -115 -105 -89 -88 -70 -57 -56 -52 -43 -41 -39 -34 -25 -17 -6 -4 13 16 23 27 29 32 38 45 47 51 66 71 92 96 107 110 137 155 157 163 174 176 196 204 212 225 237 238 239 249 282 283 299 307 308 312 316 318 321 329 335 349 352 361 368 369 376 390 392 398 0
-392 -379 -349 -345 -343 -339 -327 -311 -296 -286 -283 -276 -275 -271 -255 -200 -186 -159 -141 -113 -47 -11 8 21 48 49 53 56 68 69 120 139 143 147 193 221 288 304 314 316 323 328 332 338 352 356 372 393 394 0
-399 -398 -391 -389 -373 -367 -365 -347 -345 -336 -332 -330 -329 -324 -323 -317 -315 -296 -291 -290 -263 -262 -253 -246 -239 -205 -203 -186 -176 -171 -153 -139 -136 -129 -126 -121 -111 -106 -105 -100 -87 -71 -63 -45 -29 2 4 7 15 27 30 31 33 38 42 51 54 67 70 77 81 83 93 102 103 115 119 122 128 132 156 169 180 201 209 223 225 235 245 258 274 275 318 325 340 358 360 361 363 368 376 380 383 385 395 0
86 102 309 341 0
-392 -376 -374 -371 -364 -347 -344 -341 -328 -318 -315 -291 -281 -264 -262 -259 -255 -242 -236 -231 -226 -220 -217 -210 -209 -208 -205 -203 -192 -190 -185 -171 -168 -139 -129 -128 -120 -104 -101 -100 -64 -61 -47 -28 -26 -14 -5 19 27 30 32 37 45 51 53 69 83 87 108 110 112 122 132 135 149 154 155 172 173 176 181 201 204 229 230 234 238 243 246 248 256 258 266 277 289 307 316 329 345 349 356 362 370 379 0
-346 -338 -328 -322 -315 -309 -287 -281 -267 -254 -251 -191 -188 -162 -155 -144 -133 -59 -41 -24 -21 -2 38 44 60 72 75 78 83 139 161 163 167 184 194 195 206 214 249 279 318 326 332 344 368 0
-372 -352 -350 -344 -303 -294 -287 -285 -269 -214 -182 -161 -139 -114 -103 -102 -100 -90 -75 -71 -55 -54 -21 -14 -3 6 19 20 72 73 78 94 101 105 125 133 162 163 168 186 196 215 217 286 300 316 334 340 368 369 384 0
-394 -392 -387 -378 -370 -364 -342 -332 -307 -303 -302 -289 -286 -282 -277 -272 -269 -264 -261 -225 -187 -185 -176 -175 -168 -166 -163 -159 -158 -150 -142 -134 -123 -116 -110 -107 -99 -92 -79 -66 -65 -60 -43 -41 -38 -35 -26 -12 5 11 27 28 45 69 73 78 80 81 84 117 121 127 133 146 155 157 160 164 165 177 186 189 199 211 215 232 236 238 300 337 341 350 352 366 371 373 374 377 380 386 0
-358 -333 -303 -231 -199 -115 -32 -1 43 193 229 0
-400 -392 -380 -378 -377 -369 -360 -343 -328 -327 -323 -316 -310 -307 -306 -288 -286 -283 -279 -271 -264 -263 -260 -257 -256 -240 -238 -235 -230 -195 -190 -181 -175 -173 -170 -125 -124 -112 -61 -45 -38 -27 -22 1 4 9 46 51 68 77 81 85 104 119 129 132 151 178 192 226 231 239 259 262 276 294 297 304 305 326 331 339 355 363 373 389 394 0
-395 -379 -376 -367 -359 -358 -340 -331 -327 -324 -295 -286 -240 -234 -207 -204 -186 -133 -127 -124 -94 -91 -38 -16 11 24 44 50 72 128 144 145 166 175 194 205 214 222 232 282 287 294 305 311 333 353 357 362 364 371 0
-361 -152 -120 100 209 286 311 347 0
-398 -393 -387 -382 -352 -344 -342 -324 -309 -295 -287 -273 -268 -245 -237 -207 -178 -163 -153 -152 -148 -146 -139 -134 -129 -113 -100 -93 -86 -82 -79 -62 -46 -43 -33 -32 -31 1 8 10 19 20 34 37 38 49 69 92 102 107 123 133 138 141 170 181 223 227 242 255 261 272 285 292 326 331 333 392 0
-366 -361 -348 -339 -330 -317 -256 -223 -167 -107 -70 -56 -48 -21 16 20 102 119 201 202 204 233 253 257 264 273 283 302 311 341 389 390 399 0
-393 -389 -382 -347 -341 -333 -327 -321 -317 -313 -290 -274 -264 -260 -248 -243 -231 -179 -172 -154 -139 -108 -91 -60 -53 -3 20 28 32 40 72 88 98 120 140 174 182 192 199 201 227 235 247 249 258 265 281 284 310 345 383 392 400 0
-381 -380 -243 -240 -219 -218 -174 -173 -162 -150 -140 -125 -74 -73 -65 -29 -1 35 38 47 56 92 110 119 129 139 144 161 172 189 198 213 215 235 254 274 276 280 327 336 337 348 353 382 0
-354 -324 -251 -248 -234 -202 -193 -191 -144 -139 -135 -117 -110 -57 -51 16 35 56 67 83 107 130 148 161 162 178 188 195 216 226 232 244 252 254 259 278 310 347 379 382 389 0
-381 -353 -273 -222 -214 -212 -97 -88 -65 89 120 132 156 186 204 223 336 346 0
-385 -355 -326 -319 -301 -253 -247 -235 -225 -223 -222 -207 -197 -195 -125 -95 -62 -40 -32 -3 7 24 48 79 88 96 116 121 140 228 230 353 375 0
-399 -396 -381 -364 -352 -321 -308 -296 -280 -273 -263 -246 -245 -228 -225 -213 -210 -205 -196 -180 -171 -155 -154 -150 -149 -147 -123 -86 -43 -42 -25 -12 -10 -7 -6 5 11 17 34 52 72 92 94 97 105 107 111 113 121 132 164 169 174 177 186 195 198 221 222 248 254 257 268 291 315 318 319 324 328 341 349 379 380 384 385 390 0
-393 -347 -324 -285 -259 -145 -126 -68 -35 -17 22 34 56 57 205 224 313 360 0
-398 -397 -371 -355 -322 -268 -265 -247 -234 -221 -193 -187 -182 -175 -173 -165 -160 -154 -142 -141 -134 -127 -120 -111 -102 -97 -74 -63 -62 -39 -24 -22 -9 8 61 69 85 117 124 138 151 153 157 172 179 190 198 210 226 262 278 282 286 291 305 306 307 314 325 359 361 373 378 382 399 0
-396 -393 -391 -388 -386 -382 -370 -358 -332 -328 -326 -302 -280 -273 -272 -269 -264 -261 -248 -238 -222 -209 -205 -173 -172 -147 -114 -113 -110 -77 -64 -61 -56 -43 -37 -30 -23 -10 -1 2 4 11 28 32 50 52 88 99 140 151 154 156 160 166 177 180 187 198 221 229 235 249 267 271 274 276 287 317 318 325 327 331 340 344 346 355 366 381 0
-396 -389 -388 -385 -289 -288 -280 -278 -270 -260 -218 -210 -208 -202 -179 -176 -156 -144 -139 -111 -100 -97 -93 -78 -75 -34 -21 -18 -14 -4 -3 27 66 94 149 174 177 188 211 244 304 313 325 334 336 343 345 352 355 369 375 390 0
-346 -323 -247 -246 -230 -212 -203 -194 -150 -127 -102 -90 -84 -42 -20 52 60 78 93 101 146 166 227 271 288 337 366 383 0
-396 -395 -382 -373 -371 -370 -358 -350 -347 -335 -323 -313 -307 -303 -298 -292 -290 -284 -278 -276 -274 -271 -262 -259 -254 -251 -250 -225 -219 -217 -207 -192 -170 -165 -158 -146 -122 -117 -114 -64 -63 -60 -57 -53 -46 -45 -34 -28 -27 -20 -17 -15 3 7 30 42 50 67 80 83 85 87 93 98 108 119 130 132 139 151 156 162 186 188 212 226 229 232 256 263 272 280 291 294 296 346 362 369 0
-393 -390 -381 -330 -325 -317 -311 -307 -301 -299 -273 -248 -215 -214 -169 -167 -163 -149 -145 -137 -65 -59 -54 -43 -15 -10 -5 -1 3 36 48 51 61 62 70 73 74 83 97 99 108 113 138 147 152 188 224 260 265 281 286 306 327 332 336 341 366 382 0
-398 -395 -392 -378 -374 -369 -360 -320 -303 -270 -259 -253 -248 -230 -228 -218 -212 -206 -193 -175 -163 -161 -134 -127 -113 -109 -78 -77 -69 -67 -60 -46 -44 -35 -30 -29 -13 3 5 9 18 21 34 38 53 63 72 86 89 91 99 120 125 143 146 152 155 160 164 170 177 187 210 211 213 216 226 238 246 250 267 278 306 324 325 363 383 0
-390 -389 -373 -338 -332 -324 -313 -303 -295 -288 -278 -254 -242 -237 -236 -218 -210 -183 -174 -170 -158 -156 -151 -83 -66 -47 -24 -15 -1 7 8 9 20 23 29 36 60 62 77 99 130 140 155 159 184 188 196 204 227 230 263 273 274 275 287 290 296 314 327 340 342 361 362 379 380 0
-376 -374 -359 -351 -304 -299 -253 -236 -209 -207 -170 -125 -103 -61 19 120 202 266 284 286 307 322 332 358 395 0
-392 -380 -265 -239 -188 -158 -90 -80 -60 113 173 179 285 0
-81 181 0
-378 -372 -369 -367 -356 -349 -348 -334 -330 -328 -326 -321 -300 -284 -268 -252 -240 -195 -194 -172 -143 -138 -135 -129 -128 -124 -119 -100 -64 -53 -26 -16 -3 20 30 33 41 49 52 60 74 76 82 83 105 106 107 121 133 136 142 151 160 176 180 191 201 205 206 214 246 247 267 269 271 315 336 338 355 362 398 0
-397 -378 -371 -368 -361 -331 -317 -277 -273 -264 -252 -246 -193 -192 -180 -169 -161 -155 -135 -113 -87 -59 -54 -30 -9 -6 -5 -3 7 23 38 39 43 61 72 83 85 106 120 124 139 141 156 171 172 188 190 206 215 232 250 265 269 306 322 326 328 334 0
-371 -359 -353 -283 -231 -226 -224 -213 -171 -162 -143 -136 -43 -25 -5 13 17 28 52 116 124 210 229 249 286 306 312 339 343 367 390 0
-372 -364 -358 -348 -346 -342 -325 -323 -296 -289 -277 -270 -260 -256 -249 -226 -223 -209 -193 -192 -138 -136 -123 -121 -110 -108 -101 -97 -88 -87 -83 -73 -72 -44 -41 -34 -31 -30 -19 -6 -4 2 11 16 17 23 29 35 37 45 70 100 102 114 125 129 131 141 148 157 159 160 163 171 172 178 188 210 227 233 244 247 254 257 279 284 293 305 335 338 340 343 352 361 373 381 0
53 0
-386 -283 -260 -207 -166 -162 -121 -103 -65 -42 -33 -19 28 85 132 144 153 159 177 198 216 220 265 325 0
-399 -394 -389 -381 -350 -346 -342 -314 -289 -279 -276 -222 -216 -184 -180 -175 -157 -137 -130 -113 -100 -98 -96 -83 -82 -81 -67 -43 -42 -37 -29 -25 -24 -22 2 7 14 15 26 34 40 74 76 106 118 120 121 122 135 149 163 186 196 206 213 218 220 221 228 234 245 249 257 258 274 306 308 309 315 322 328 330 340 341 344 349 354 359 372 380 400 0
-377 -358 -349 -315 -306 -304 -294 -234 -173 -136 -96 -84 -81 -68 -43 -27 2 34 46 114 118 127 132 168 206 242 245 271 295 308 329 351 0
-329 -270 -187 -71 119 192 0
-391 -389 -380 -379 -378 -373 -369 -368 -352 -346 -341 -340 -329 -326 -293 -292 -283 -257 -231 -229 -217 -215 -205 -203 -184 -183 -178 -171 -166 -137 -128 -125 -119 -103 -88 -85 -82 -81 -74 -48 -17 -15 -9 5 10 22 29 30 37 38 54 57 64 69 70 79 96 99 107 121 123 135 141 162 164 167 176 187 190 192 198 213 251 263 267 272 274 276 282 315 319 330 337 345 347 353 362 0
-364 -345 -339 -333 -297 -292 -241 8 67 84 169 211 349 360 0
-370 -362 -357 -350 -325 -321 -309 -293 -270 -252 -183 -171 -140 -93 -54 -53 -46 -41 -33 -16 40 97 100 115 142 166 167 177 186 210 256 262 300 324 329 345 347 358 375 380 0
-394 -342 -335 -330 -300 -286 -263 -261 -255 -251 -241 -230 -221 -204 -189 -164 -162 -142 -138 -123 -93 -85 -80 -74 -22 -7 -4 9 19 43 61 76 98 106 127 150 182 249 264 269 275 282 314 317 327 352 0
-259 -82 239 0
-400 -382 -359 -350 -291 -288 -276 -268 -238 -235 -189 -181 -172 -166 -126 -112 -108 -73 -61 -52 -51 -48 -34 -24 -22 -1 85 87 90 93 97 99 111 115 121 127 159 192 199 232 243 252 282 325 332 334 367 376 0
-378 -352 -332 -313 -270 -258 -250 -237 -229 -223 -197 -170 -167 -146 -94 -86 -83 -82 -4 -1 44 62 72 90 121 161 176 242 249 262 279 290 297 316 330 374 0
-374 -373 -358 -357 -351 -343 -331 -317 -306 -299 -294 -292 -274 -260 -254 -248 -246 -245 -227 -214 -206 -204 -201 -200 -198 -197 -193 -192 -191 -184 -177 -164 -124 -91 -86 -85 -83 -76 -63 -56 -51 -49 -41 -28 -21 -19 -13 -5 6 26 36 64 116 119 163 205 216 220 258 268 271 275 278 286 288 296 321 348 356 369 393 0
-388 -366 -355 -345 -338 -337 -330 -307 -295 -206 -197 -190 -180 -160 -156 -142 -141 -106 -87 -82 -74 -61 -57 -48 -47 -43 -39 -25 -23 -22 -17 -12 13 34 42 51 95 103 107 122 153 167 185 189 195 196 202 205 207 222 229 238 240 247 254 255 273 276 282 304 325 347 348 375 400 0
-381 -359 -255 -214 -171 -102 -84 -60 -51 -10 25 126 144 151 232 276 290 326 333 341 360 363 398 0
-399 -392 -388 -385 -370 -368 -356 -336 -318 -312 -308 -304 -301 -297 -290 -289 -273 -257 -250 -233 -227 -192 -189 -166 -154 -152 -148 -120 -116 -114 -104 -94 -89 -85 -79 -58 -49 -46 -36 -9 -1 10 11 14 32 41 59 60 68 93 107 126 135 137 149 165 172 186 196 200 201 203 217 229 244 248 262 270 271 277 279 285 294 296 303 306 321 325 335 361 363 366 382 393 0
-393 -385 -373 -353 -349 -342 -341 -332 -331 -324 -315 -311 -303 -296 -293 -284 -279 -266 -262 -242 -235 -230 -222 -217 -214 -209 -195 -186 -174 -166 -148 -141 -127 -126 -109 -105 -98 -84 -68 -54 -53 -46 -24 -22 -18 -16 -13 -8 -7 -4 3 35 37 40 41 63 79 86 88 110 113 121 128 134 138 143 147 156 157 159 162 165 181 187 202 249 275 283 288 290 310 314 319 321 323 330 347 354 355 357 360 367 369 376 388 390 395 0
-396 -390 -387 -379 -375 -370 -368 -350 -335 -324 -323 -304 -294 -283 -282 -271 -270 -263 -250 -241 -238 -230 -227 -214 -205 -201 -182 -175 -173 -167 -165 -163 -158 -154 -148 -138 -120 -114 -105 -98 -92 -79 -66 -57 -47 -46 -29 -25 -14 -11 -7 -5 -1 13 36 42 51 53 54 78 89 100 108 133 137 145 156 160 169 172 185 187 190 196 204 206 213 225 247 253 255 261 264 277 284 305 309 313 333 347 360 361 371 391 398 400 0
-362 -315 -243 -237 -214 -208 -170 -159 -133 -128 -98 -74 -50 -13 38 63 70 75 155 156 193 244 281 293 310 320 331 393 0
-397 -342 -333 -321 -316 -150 -146 -110 -25 48 78 119 232 270 354 0
-202 -186 -118 -91 -67 -64 -63 20 245 272 286 295 372 381 0
-400 -395 -391 -384 -382 -304 -292 -282 -279 -263 -251 -224 -205 -197 -195 -171 -158 -154 -136 -133 -77 -71 -69 -67 -45 -17 -15 -2 7 16 29 35 37 42 44 106 109 110 113 120 125 134 135 191 194 196 200 210 232 260 262 271 277 305 322 329 339 0
-395 -325 -219 -136 -98 -40 51 63 79 90 122 142 240 296 0
-394 -385 -380 -366 -363 -356 -344 -335 -322 -317 -307 -302 -300 -276 -269 -265 -260 -231 -194 -185 -172 -158 -151 -149 -148 -138 -129 -126 -124 -108 -106 -102 -101 -84 -80 -79 -77 -70 -69 -54 -43 -33 -26 -24 8 9 19 20 36 40 47 81 85 88 89 94 104 110 134 136 140 142 156 159 164 174 183 184 186 208 230 233 235 236 246 251 262 267 270 273 286 297 301 326 331 332 336 338 371 372 393 397 400 0
-380 -345 -299 -286 -59 -3 13 88 151 157 315 324 326 333 0
-386 -378 -332 -325 -318 -307 -298 -291 -287 -278 -272 -240 -193 -192 -187 -134 -125 -123 -120 -86 -60 -57 -5 11 31 32 33 37 51 68 69 96 98 106 128 153 160 201 224 248 257 261 267 269 321 346 357 363 369 371 377 379 387 390 0
-361 -355 -349 -325 -322 -307 -287 -263 -237 -193 -180 -174 -164 -159 -141 -126 -95 -79 -58 -26 -23 -18 -3 1 20 45 49 54 66 125 130 151 229 256 266 274 285 311 335 336 347 384 0
-374 -371 -368 -366 -365 -333 -326 -324 -307 -305 -304 -296 -291 -289 -275 -273 -263 -252 -229 -227 -214 -213 -203 -161 -153 -127 -125 -117 -111 -110 -104 -88 -75 -43 -37 -8 4 24 30 36 42 51 57 62 83 84 86 87 90 98 118 123 126 132 134 169 183 186 188 189 200 201 218 224 226 241 247 248 250 253 256 260 265 270 272 278 284 288 297 303 306 315 332 335 336 344 346 353 360 367 369 390 391 392 393 0
-392 -353 -332 -331 -321 -300 -291 -288 -282 -267 -263 -249 -244 -241 -238 -220 -219 -214 -208 -204 -194 -180 -162 -146 -122 -119 -115 -108 -102 -94 -93 -86 -81 -77 -68 -54 -48 -44 -26 -23 2 10 25 28 42 58 62 67 78 80 104 109 117 142 155 189 190 192 202 218 229 235 239 248 260 265 269 289 308 324 342 348 365 370 380 386 0
-380 -372 -370 -367 -278 -223 -210 -186 -180 -168 -147 -86 -76 -72 -32 -18 -14 17 94 165 198 205 262 304 306 309 354 0
-388 -387 -382 -380 -368 -331 -317 -308 -302 -299 -261 -235 -222 -217 -205 -200 -199 -180 -176 -166 -157 -132 -76 -63 -26 -23 -3 7 9 21 25 29 44 47 50 58 59 65 66 73 81 90 105 141 142 169 191 208 211 214 218 234 253 275 291 318 320 324 325 366 0
-398 -381 -375 -372 -355 -332 -328 -325 -313 -295 -279 -267 -250 -245 -234 -226 -208 -193 -182 -175 -169 -155 -122 -121 -110 -105 -94 -92 -91 -86 -75 -58 -57 -54 -39 -34 -33 -25 -21 -13 30 32 38 43 50 101 107 111 119 144 145 153 172 176 177 190 210 239 252 271 282 284 292 298 303 319 326 339 344 399 0
-292 -185 -56 80 169 171 173 376 380 0
-396 -395 -383 -382 -343 -327 -313 -309 -283 -273 -262 -252 -242 -237 -235 -208 -189 -159 -149 -134 -115 -112 -101 -88 -44 -43 -27 -25 -24 -20 -11 -10 -8 3 69 74 75 97 106 111 113 123 151 153 168 175 182 183 198 203 213 218 225 227 228 232 259 267 270 279 280 288 301 305 308 339 341 385 388 389 0
-388 -378 -377 -361 -345 -311 -300 -255 -238 -223 -218 -216 -211 -209 -201 -197 -186 -179 -173 -128 -127 -102 -90 -77 -71 -69 -66 -46 -40 -38 -35 -17 -11 5 14 36 58 70 135 143 145 153 158 166 170 171 184 217 235 236 241 244 250 264 266 304 319 348 358 365 382 385 398 0
-395 -390 -389 -388 -375 -374 -373 -359 -348 -345 -337 -335 -320 -319 -314 -300 -289 -256 -242 -226 -223 -214 -205 -198 -186 -181 -157 -149 -136 -121 -120 -113 -106 -102 -96 -90 -80 -75 -58 -57 -56 -55 -48 -45 -41 -33 -19 -16 -15 -3 7 9 20 29 36 39 53 62 77 85 87 89 93 95 115 131 139 141 146 153 154 159 162 164 172 189 192 221 225 230 236 253 263 273 283 287 292 321 326 329 344 379 380 383 384 394 0
-388 -384 -374 -369 -365 -330 -322 -306 -305 -251 -247 -221 -209 -195 -187 -177 -169 -165 -159 -150 -145 -138 -129 -112 -102 -63 -30 -28 -17 27 48 58 64 93 94 109 117 118 179 228 229 230 237 286 296 300 316 321 366 381 0
-396 -391 -381 -371 -370 -354 -351 -347 -339 -324 -314 -266 -256 -248 -235 -232 -230 -217 -213 -205 -192 -185 -161 -150 -144 -143 -137 -123 -110 -102 -100 -95 -94 -92 -80 -65 -58 -51 -44 -35 -13 -6 -5 -4 -2 7 15 20 33 47 48 50 61 64 71 88 89 98 99 128 142 151 157 183 195 204 219 220 234 249 250 254 255 264 272 286 297 299 321 327 328 334 340 350 356 360 372 378 386 0
-393 -372 -357 -351 -339 -329 -320 -316 -299 -287 -279 -277 -267 -262 -237 -220 -161 -155 -145 -144 -140 -134 -131 -125 -110 -94 -90 -83 -82 -63 -49 -43 -36 -27 -24 -20 -7 38 39 60 66 68 84 96 102 105 118 136 157 158 173 192 219 228 240 248 254 271 275 278 281 290 301 303 328 340 343 347 350 371 373 378 380 385 0
-396 -381 -369 -338 -331 -323 -314 -302 -297 -287 -274 -267 -258 -250 -242 -224 -216 -213 -203 -167 -166 -149 -148 -140 -138 -132 -128 -99 -96 -77 -73 -66 -65 -45 -42 -37 -30 -21 -2 5 33 40 44 48 61 64 67 75 79 82 87 90 91 92 111 119 134 137 150 178 179 188 191 196 202 207 210 228 235 236 240 244 252 256 263 277 293 305 317 330 340 341 346 353 379 382 398 0
-386 -380 -376 -358 -346 -341 -334 -288 -287 -280 -253 -249 -228 -225 -194 -192 -183 -167 -163 -143 -142 -128 -124 -110 -109 -104 -95 -88 -80 -64 -40 -39 16 18 19 20 21 67 89 92 99 102 103 106 122 134 154 171 173 175 193 200 204 210 211 214 223 277 283 285 293 297 300 312 319 323 328 331 373 375 397 399 0
-369 -365 -346 -319 -291 -186 -183 -156 -153 39 54 131 193 0
-399 -346 -334 -300 -286 -281 -231 -229 -182 -113 -104 -76 -35 -8 31 88 145 147 170 208 247 266 280 320 388 0
-393 -375 -353 -339 -336 -329 -322 -316 -295 -283 -280 -278 -261 -223 -216 -209 -178 -166 -154 -140 -139 -136 -128 -113 -112 -88 -83 -71 -69 -38 -34 -33 8 22 26 32 42 43 49 59 72 76 80 90 119 120 138 149 153 184 185 191 202 232 243 254 256 259 263 273 286 305 307 323 333 344 348 362 376 388 0
-375 -370 -354 -350 -347 -323 -322 -318 -281 -264 -261 -260 -258 -238 -224 -221 -216 -202 -184 -127 -119 -113 -111 -101 -100 -98 -84 -72 -70 -68 -61 -35 -33 -12 -8 6 38 59 87 88 95 97 99 116 118 121 132 137 143 145 147 160 164 170 174 177 196 198 209 214 215 242 265 268 288 303 313 335 339 358 361 363 373 395 397 0
-389 -386 -361 -358 -357 -347 -346 -335 -330 -326 -314 -308 -294 -280 -266 -240 -218 -194 -185 -180 -139 -118 -113 -108 -87 -81 -80 -71 -61 -58 -17 -16 -12 -1 66 105 106 119 126 130 138 161 202 219 228 272 296 327 337 354 370 372 383 0
-394 -389 -333 -328 -313 -265 -256 -250 -236 -209 -188 -182 -162 -137 -115 -112 -89 -88 -87 -62 -46 -45 -42 -39 -14 -2 -1 22 34 41 44 64 70 82 120 122 159 166 223 231 241 247 248 270 279 281 296 300 314 337 338 342 345 398 0
-399 -374 -371 -354 -327 -250 -224 -218 -204 -194 -182 -141 -116 -79 -67 -66 -37 -21 -3 58 108 118 140 158 191 221 260 368 0
-397 -385 -372 -366 -343 -341 -338 -335 -324 -316 -311 -304 -302 -284 -278 -264 -262 -255 -248 -244 -242 -241 -216 -214 -195 -188 -182 -157 -155 -151 -149 -146 -144 -137 -127 -126 -115 -99 -97 -96 -95 -86 -79 -44 -35 -5 -4 10 21 39 50 53 62 70 71 88 93 105 145 150 156 161 172 178 185 194 201 215 229 230 239 269 270 279 294 298 303 308 327 336 353 360 364 369 371 382 393 399 0
-390 -382 -353 -334 -269 -249 -236 -207 -184 -181 -171 -169 -119 -114 -106 -90 -79 -75 -47 -35 -32 -12 -9 4 43 78 94 136 137 138 159 162 230 251 264 0
-399 -394 -383 -360 -356 -351 -349 -309 -307 -306 -298 -291 -280 -252 -244 -235 -221 -196 -149 -144 -132 -125 -91 -86 -85 -77 -66 -61 -59 -57 -42 -34 -31 -21 -17 -16 -13 -6 5 19 32 38 58 62 72 73 82 88 96 97 98 106 119 130 131 139 146 155 172 174 175 180 183 189 193 205 224 227 238 248 255 264 275 278 288 293 296 305 311 313 316 324 372 378 379 385 393 0
-397 -391 -385 -370 -361 -301 -289 -221 -180 -165 -158 -154 -152 -126 -123 -122 -91 -69 -47 -38 -18 -15 -1 12 32 35 42 49 55 62 64 76 80 84 88 95 96 102 105 112 119 124 145 155 207 258 266 283 305 333 338 372 373 378 0
-399 -398 -393 -365 -358 -357 -347 -337 -327 -322 -301 -262 -261 -260 -258 -257 -256 -246 -245 -234 -228 -195 -186 -168 -148 -138 -124 -112 -89 -86 -84 -76 -71 -68 -62 -56 -46 -44 -41 -36 -24 -21 -5 15 27 37 50 51 54 66 69 77 85 87 117 122 126 136 139 149 155 165 166 206 225 232 242 250 251 265 267 294 306 309 316 320 345 360 361 367 377 381 382 391 396 0
-386 -378 -355 -346 -344 -337 -334 -314 -309 -290 -287 -285 -277 -275 -273 -272 -258 -252 -242 -234 -233 -213 -205 -202 -196 -195 -187 -177 -166 -159 -149 -141 -137 -116 -111 -108 -105 -97 -96 -81 -68 -60 -53 -49 -47 -44 -38 -36 -14 2 15 19 20 34 43 55 61 79 94 112 117 118 139 198 211 232 244 254 255 265 278 288 295 296 311 313 320 324 336 341 353 360 365 366 370 372 385 391 397 400 0
-399 -395 -385 -377 -366 -365 -362 -359 -357 -354 -353 -333 -328 -320 -318 -310 -304 -296 -292 -288 -281 -278 -256 -253 -246 -239 -194 -191 -186 -176 -152 -147 -140 -130 -118 -107 -106 -105 -101 -97 -95 -89 -86 -82 -78 -77 -63 -58 -57 -44 -35 -30 -12 -11 -6 -1 15 19 27 34 40 45 46 52 72 83 92 115 123 131 155 160 172 177 193 199 213 218 220 225 235 269 284 287 293 299 301 312 315 322 329 337 338 341 369 373 383 386 388 398 0
-389 -371 -360 -335 -318 -298 -283 -279 -266 -261 -253 -246 -222 -190 -180 -135 -134 -133 -115 -100 -89 -56 -28 -17 -7 -6 83 88 98 121 125 129 136 141 164 166 171 177 182 195 198 211 217 227 268 269 293 301 331 355 363 387 0
-394 -380 -321 -310 -281 -272 -270 -252 -227 -220 -199 -180 -169 -159 -152 -147 -120 -90 -80 -74 -70 -63 -54 -48 -41 -38 -25 2 7 19 27 39 50 55 73 141 143 161 166 179 202 214 219 225 238 241 266 271 298 301 320 329 333 342 353 354 372 395 0
-400 -367 -352 -332 -311 -293 -272 -254 -197 -186 -166 -150 -132 -87 -76 -27 -16 12 17 30 52 79 93 171 199 221 225 247 249 250 266 386 387 0
-400 -397 -396 -392 -385 -384 -370 -355 -351 -340 -337 -328 -325 -323 -306 -280 -271 -266 -257 -250 -243 -239 -235 -226 -203 -195 -188 -175 -168 -159 -140 -85 -71 -70 -57 -48 -41 -34 -32 -30 -21 -16 -14 -10 -9 13 35 45 50 75 79 102 109 113 120 121 123 125 128 130 134 136 158 172 196 201 229 234 238 241 252 260 269 277 288 291 302 305 307 316 326 333 341 345 347 348 354 362 364 367 369 373 386 0
-397 -273 -122 -46 242 307 0
-400 -399 -396 -388 -387 -380 -378 -372 -340 -332 -325 -319 -318 -312 -288 -275 -268 -263 -254 -251 -248 -244 -233 -231 -218 -213 -200 -184 -168 -159 -154 -153 -142 -140 -139 -134 -123 -120 -119 -109 -69 -64 -62 -49 -40 -39 -33 -28 7 9 15 19 30 53 58 71 72 78 79 87 98 114 124 128 138 149 152 157 158 164 171 179 186 189 203 216 223 236 245 273 278 287 310 316 333 347 350 356 362 376 383 386 390 0
-396 -393 -383 -367 -361 -360 -333 -323 -316 -292 -282 -260 -251 -238 -237 -212 -196 -195 -162 -157 -151 -143 -140 -139 -127 -93 -89 -76 -49 -40 -1 10 12 27 29 31 36 77 94 100 112 130 164 173 183 192 218 226 236 239 250 253 255 259 301 309 328 330 337 355 357 369 376 377 0
-386 -370 -315 -286 -274 -261 -258 -253 -242 -228 -227 -225 -217 -208 -161 -144 -143 -135 -100 -75 -61 -39 -38 -16 10 11 12 19 22 29 45 46 52 58 69 82 91 92 93 97 118 122 130 131 133 163 169 183 204 240 243 302 303 306 391 392 395 398 0
-398 -393 -383 -379 -369 -353 -341 -306 -288 -281 -273 -258 -253 -230 -212 -208 -207 -205 -199 -194 -167 -165 -157 -156 -149 -147 -140 -132 -127 -124 -115 -112 -98 -77 -70 -67 -65 -48 -40 -37 -34 -14 -10 -3 2 5 15 33 38 39 42 43 52 56 87 94 104 137 158 160 166 172 183 191 209 226 235 236 244 245 246 262 269 276 278 283 298 309 313 321 325 326 347 349 354 395 0
-381 -356 -349 -338 -337 -334 -310 -275 -259 -236 -218 -204 -191 -187 -168 -163 -162 -157 -140 -134 -129 -122 -118 -114 -96 -92 -80 -78 -71 -67 -62 -55 -54 -51 -29 -26 -20 14 41 42 45 59 63 70 81 101 104 105 121 123 127 137 164 165 170 220 231 243 260 276 311 325 340 343 350 358 368 371 374 0
-395 -387 -382 -340 -322 -285 -263 -256 -237 -213 -202 -194 -174 -170 -166 -165 -148 -135 -128 -105 -99 -89 -72 -62 -56 -26 -20 -11 1 8 23 36 49 53 85 90 91 110 112 114 115 139 175 176 177 186 189 208 214 231 265 276 289 290 302 312 314 327 329 332 341 377 388 391 393 0
-399 -388 -381 -367 -348 -324 -323 -313 -267 -260 -244 -242 -235 -222 -183 -174 -164 -141 -138 -130 -79 -74 -45 -18 15 21 27 57 59 60 66 67 69 81 84 134 142 148 149 199 210 236 251 262 271 292 308 327 366 0
-372 -370 -336 -304 -250 -234 -218 -170 -118 -106 -103 -90 -89 -64 -5 -4 9 11 54 70 76 81 104 154 167 209 255 282 290 293 299 351 383 0
-385 -346 -332 -324 -317 -287 -236 -232 -211 -203 -178 -174 -165 -160 -155 -154 -144 -109 -106 -95 -91 -79 -52 -36 -21 -8 -2 9 11 16 19 43 48 51 101 112 113 114 119 127 132 141 152 179 192 204 249 255 323 327 355 358 382 400 0
-343 -308 -290 -284 -282 -207 -179 -171 -147 -137 -133 -132 -119 -113 -105 -96 -68 -67 -36 -15 30 40 45 48 51 76 88 91 112 123 148 151 158 173 193 210 280 300 305 315 326 332 333 344 349 365 378 392 0
-392 -385 -366 -326 -324 -318 -275 -270 -245 -236 -225 -216 -182 -162 -131 -99 -47 -40 8 16 75 116 125 159 164 195 203 265 283 295 297 304 336 369 394 0
-387 -385 -378 -370 -358 -351 -331 -323 -320 -313 -312 -307 -297 -282 -275 -259 -251 -246 -245 -237 -206 -203 -182 -179 -176 -169 -157 -142 -124 -113 -107 -102 -79 -78 -75 -74 -45 -34 -30 -29 -27 -15 -4 -2 6 10 11 13 18 20 22 35 36 39 40 48 52 55 61 72 77 106 111 122 126 129 134 145 175 194 201 220 224 230 250 265 270 285 303 310 326 330 337 344 363 375 377 380 384 397 0
-394 -388 -385 -380 -352 -346 -333 -326 -312 -309 -305 -304 -302 -297 -268 -258 -246 -245 -241 -232 -228 -225 -222 -212 -210 -197 -168 -162 -161 -160 -150 -149 -136 -118 -112 -107 -103 -101 -99 -88 -65 -60 -54 -38 -35 -26 -16 -15 6 21 30 36 45 49 52 53 68 69 74 79 91 106 111 114 119 124 131 142 159 163 165 175 176 187 199 200 213 215 218 224 227 230 239 243 250 252 263 296 313 315 319 320 356 360 370 373 399 0
-400 -353 -343 -330 -306 -303 -299 -274 -271 -264 -262 -251 -250 -242 -239 -238 -237 -236 -235 -230 -229 -224 -218 -217 -197 -187 -180 -176 -165 -152 -145 -123 -121 -103 -102 -88 -75 -60 -56 -51 -47 -23 -3 6 8 44 55 61 70 77 80 93 112 118 122 125 127 153 162 164 178 188 190 192 193 195 205 215 219 223 227 232 233 243 263 291 294 297 327 333 345 347 380 383 385 0
-395 -394 -383 -378 -367 -364 -363 -353 -350 -349 -346 -335 -331 -329 -313 -305 -295 -290 -287 -283 -279 -276 -271 -265 -259 -252 -246 -233 -231 -224 -204 -200 -194 -191 -182 -153 -150 -138 -136 -123 -109 -75 -65 -62 -41 -31 -27 -23 -10 21 54 60 64 77 94 101 105 112 114 116 122 124 128 130 133 149 156 159 160 162 174 179 181 186 195 214 216 239 244 248 256 272 289 292 298 306 309 317 325 342 352 354 359 365 371 372 387 0
-395 -382 -371 -362 -335 -326 -319 -301 -286 -276 -255 -251 -244 -224 -216 -193 -192 -185 -138 -134 -132 -117 -97 -93 -76 -74 -71 -52 -34 -13 -8 -6 7 11 12 18 39 49 59 69 75 77 100 107 121 126 140 145 147 173 189 207 215 243 246 269 280 309 311 318 324 337 341 354 390 391 0
-399 -390 -381 -372 -371 -357 -352 -349 -339 -330 -321 -314 -307 -293 -291 -272 -270 -265 -258 -248 -242 -229 -228 -218 -207 -186 -173 -162 -131 -121 -120 -111 -100 -96 -71 -57 -48 -45 -30 -27 -18 -14 2 11 17 24 31 32 34 42 66 68 92 102 114 115 135 165 167 171 212 231 237 254 261 281 294 295 304 305 306 309 310 312 317 318 322 325 332 337 350 358 360 374 375 383 386 392 0
-368 -340 -313 -302 -297 -288 -273 -249 -246 -223 -209 -193 -143 -133 -126 -104 -49 -41 -10 44 74 90 92 96 105 107 112 123 132 171 180 187 196 203 210 229 237 244 259 276 283 303 335 348 365 373 379 380 0
-400 -395 -377 -368 -351 -339 -331 -319 -299 -294 -293 -280 -278 -273 -272 -264 -260 -257 -239 -233 -222 -206 -192 -189 -179 -172 -157 -150 -147 -141 -131 -110 -106 -96 -87 -83 -82 -33 -30 -21 -13 11 24 43 46 49 51 52 78 85 115 127 128 129 138 158 162 164 170 198 199 204 223 227 230 237 238 240 249 295 316 317 325 329 335 352 356 359 379 381 383 0
-347 -333 -332 -329 -325 -311 -308 -302 -287 -254 -240 -235 -196 -184 -170 -167 -135 -134 -133 -119 -95 -91 -90 -86 -61 -43 -32 -18 -12 -9 -1 4 6 8 14 25 27 38 39 51 62 63 64 66 88 94 96 101 129 146 159 164 171 180 193 198 211 215 225 229 234 246 253 267 271 276 284 300 306 327 328 340 356 372 375 380 396 0
-299 -263 -218 -139 -131 -54 7 40 138 191 273 0
-399 -370 -213 -202 -147 -126 -115 -114 -12 100 108 160 164 368 393 0
-392 -375 -367 -364 -328 -318 -301 -294 -275 -265 -251 -240 -236 -214 -212 -209 -205 -182 -151 -148 -143 -125 -88 -74 -51 -30 -23 -22 -20 -5 32 37 39 42 45 52 58 78 92 102 105 114 117 118 166 169 176 181 184 190 206 208 228 262 273 274 284 290 291 306 346 361 0
-398 -395 -392 -381 -376 -360 -356 -308 -302 -296 -269 -228 -224 -173 -168 -149 -134 -124 -113 -93 -89 -84 -58 -35 -31 7 14 80 82 110 123 127 128 142 146 148 157 159 180 182 185 210 212 220 225 227 233 234 240 245 251 267 268 271 275 283 343 349 366 379 0
-383 -366 -335 -272 -270 -269 -256 -253 -229 -203 -156 -144 -139 -132 -110 -92 -67 -54 -13 -5 4 24 52 78 87 90 135 160 217 221 324 329 332 374 395 397 0
