0.646206 0.506984 0.605538 0.686241
0.497204 0.774863 0.0186192 0.986325
0.337395 0.770206 0.35586 0.520231
0.210505 0.758084 0.397042 0.852199
0.122949 0.0271225 0.164229 0.97994
0.755917 0.249867 0.666147 0.62009
0.957594 0.463116 0.192917 0.682826
0.437496 0.961944 0.810897 0.751255
0.402761 0.0837026 0.468928 0.416436
0.00777892 0.899965 0.858566 0.487548
0.0666252 0.345174 0.670171 0.214426
0.0471536 0.27713 0.103258 0.0672131
0.887577 0.170102 0.304253 0.267487
0.653225 0.643494 0.41997 0.9704
0.364143 0.610819 0.10661 0.612887
0.333944 0.801639 0.572763 0.917508
0.529239 0.736704 0.885341 0.0416917
0.958333 0.537018 0.636669 0.743907
0.374053 0.024958 0.882192 0.30684
0.252937 0.421207 0.302088 0.98545
