40
0.601137 0.0177985 0.793687 0.651729
0.497425 0.552219 0.885495 0.206004
0.581832 0.800752 0.760412 0.288002
0.748048 0.447216 0.384844 0.113894
0.876391 0.0876728 0.186725 0.578687
0.386577 0.303814 0.241871 0.728377
0.893855 0.706193 0.0771214 0.228232
0.731831 0.135959 0.890382 0.0801023
0.890072 0.332968 0.153758 0.684068
0.327256 0.387497 0.885187 0.0392532
0.759493 0.909088 0.18825 0.645599
0.15178 0.507541 0.356304 0.573093
0.271406 0.0281706 0.595213 0.543028
0.0653168 0.657983 0.331985 0.837085
0.489209 0.959172 0.364176 0.409106
0.938626 0.22104 0.0951314 0.254558
0.288142 0.828699 0.554008 0.248889
0.0847933 0.615398 0.216196 0.439195
0.977539 0.844286 0.524486 0.404446
0.423818 0.129319 0.351827 0.880789
0.784125 0.695223 0.157489 0.94704
0.898581 0.849442 0.353206 0.489475
0.97194 0.38779 0.808614 0.717382
0.152635 0.910567 0.608829 0.903745
0.602032 0.440777 0.739265 0.162837
0.359907 0.686825 0.0561749 0.955462
0.46145 0.337446 0.531111 0.580661
0.829979 0.885268 0.466765 0.882938
0.113729 0.614104 0.580491 0.624255
0.65108 0.01231 0.463546 0.933697
0.175905 0.62302 0.4001 0.27216
0.171766 0.32854 0.533586 0.00892911
0.228313 0.773798 0.769317 0.272852
0.406152 0.588221 0.460623 0.825492
0.874673 0.867603 0.925667 0.991735
0.0166866 0.704652 0.75287 0.392432
0.267059 0.130416 0.318756 0.333362
0.0544618 0.918139 0.142726 0.782302
0.551755 0.230367 0.541158 0.542825
0.347597 0.723521 0.558907 0.0747449
