30
0.68465 0.207084 0.817322 0.504731
0.730109 0.89134 0.0665176 0.104245
0.118215 0.247306 0.758936 0.461879
0.000255371 0.00638908 0.0782291 0.71417
0.911284 0.440401 0.111068 0.493911
0.172486 0.59426 0.431006 0.805426
0.241961 0.46182 0.210454 0.368167
0.0412538 0.465213 0.523376 0.536523
0.444943 0.725903 0.672297 0.340698
0.200693 0.175052 0.617243 0.738814
0.0903485 0.318908 0.422357 0.376179
0.994498 0.0906039 0.325297 0.500586
0.241791 0.905782 0.531005 0.436365
0.330179 0.414277 0.500042 0.962012
0.247019 0.57214 0.876097 0.710496
0.740171 0.288273 0.0373527 0.399473
0.448464 0.185114 0.0141765 0.70965
0.00759814 0.649158 0.360165 0.631419
0.283109 0.0979466 0.968066 0.782523
0.729728 0.277607 0.188551 0.293363
0.681567 0.971519 0.183389 0.719556
0.393927 0.0117458 0.385796 0.683431
0.661365 0.640946 0.583886 0.261892
0.330888 0.401536 0.929219 0.621238
0.574815 0.779352 0.586649 0.943396
0.729337 0.582414 0.42851 0.946814
0.689938 0.0124463 0.68036 0.396575
0.588466 0.419667 0.290053 0.868911
0.156873 0.270033 0.391186 0.473442
0.038874 0.5508 0.281779 0.776982
