50
0.199897 0.531605 0.357952 0.941991
0.470519 0.355418 0.990294 0.374625
0.892199 0.345461 0.181783 0.81625
0.544247 0.406164 0.640379 0.118425
0.680556 0.552101 0.00895352 0.482589
0.742638 0.811814 0.761734 0.0909345
0.371051 0.754984 0.966396 0.375378
0.976122 0.716367 0.458775 0.0341311
0.191351 0.176019 0.247973 0.816727
0.0545162 0.661871 0.531437 0.238266
0.831645 0.946715 0.00733129 0.71322
0.130299 0.375891 0.352879 0.64771
0.452767 0.810855 0.927992 0.361833
0.0651045 0.195405 0.622669 0.689726
0.623196 0.436156 0.950389 0.589065
0.225891 0.599318 0.152523 0.409164
0.638762 0.417242 0.775337 0.400496
0.0199942 0.693279 0.0791128 0.306774
0.734154 0.851639 0.639994 0.0864441
0.354706 0.864453 0.22753 0.992873
0.845248 0.807473 0.675308 0.155522
0.887042 0.910353 0.00287721 0.297977
0.36243 0.510238 0.346508 0.953266
0.899528 0.588321 0.109556 0.499032
0.191667 0.53829 0.00556267 0.884893
0.17112 0.211661 0.231569 0.0846755
0.864436 0.905274 0.0633 0.871563
0.446352 0.219142 0.769727 0.29083
0.743013 0.2916 0.0266148 0.445035
0.982758 0.630054 0.201953 0.029492
0.0474929 0.345188 0.140292 0.548461
0.13474 0.947021 0.933508 0.249847
0.0237464 0.326407 0.485311 0.939071
0.588443 0.194866 0.538068 0.71688
0.892198 0.45288 0.10014 0.601368
0.314903 0.33855 0.672022 0.869868
0.728128 0.0579155 0.630151 0.698636
0.380565 0.710886 0.68797 0.832103
0.0781089 0.428057 0.0560741 0.828262
0.928653 0.212849 0.375078 0.989582
0.577269 0.9524 0.539256 0.860389
0.678693 0.165712 0.147266 0.0773244
0.117273 0.570891 0.618592 0.247406
0.98925 0.432176 0.909441 0.290614
0.371695 0.717379 0.490092 0.539592
0.00632323 0.75226 0.428265 0.178062
0.473922 0.0844321 0.180317 0.484339
0.415785 0.402575 0.297281 0.555395
0.913862 0.993054 0.354975 0.836537
0.749646 0.592554 0.158766 0.50224
